2.521399241386629853e-01
-1.000000000000000000e+00
-2.518091804472613049e-01
3.455158976249121938e-01
-4.208964419200387219e-01
-4.830810352759066229e-01
-1.000000000000000000e+00
-1.000000000000000000e+00
1.000000000000000000e+00
-3.352646159052402597e-01
1.920081384926228263e-01
5.833478451443452339e-01
1.000000000000000000e+00
1.444185848390067972e-01
2.435967580217204276e-01
1.000000000000000000e+00
6.702625464488234375e-01
-5.110318922672246744e-01
-1.454543900244509302e-01
-1.000000000000000000e+00
-7.674438436632435856e-01
-1.000000000000000000e+00
-2.907337461649741606e-01
5.673746389324738626e-01
1.000000000000000000e+00
-3.932152016817110907e-01
1.000000000000000000e+00
-1.000000000000000000e+00
-2.917640936730779289e-01
-1.000000000000000000e+00
8.684648239992065477e-01
-8.939412941542494995e-01
1.969182357964893715e-03
5.201352308156652615e-01
-3.797043879208513717e-01
1.000000000000000000e+00
-1.000000000000000000e+00
-1.000000000000000000e+00
-1.000000000000000000e+00
6.591836561161633634e-01
-1.000000000000000000e+00
7.768563066733618072e-01
-1.956053250603440041e-03
-1.000000000000000000e+00
1.000000000000000000e+00
-1.311047044127922889e-01
1.706984855343549323e-01
1.239922202010335095e-02
-1.000000000000000000e+00
5.381087986196346762e-01
-2.850749811616618556e-01
8.768938295714052700e-01
-4.130469878215397572e-01
-3.276022419284000953e-01
-5.486353342740121208e-01
1.000000000000000000e+00
1.000000000000000000e+00
1.000000000000000000e+00
1.810489145256553578e-01
7.824499672055645894e-03
-3.810500564689860425e-01
5.457415103098521847e-01
-1.000000000000000000e+00
-1.000000000000000000e+00
1.000000000000000000e+00
1.000000000000000000e+00
-1.000000000000000000e+00
-2.740335913072179941e-01
-1.000000000000000000e+00
-5.581714677400153590e-01
-2.978178186246144277e-02
1.000000000000000000e+00
1.000000000000000000e+00
-2.967758733171179664e-01
1.771057033648890111e-01
-1.000000000000000000e+00
-1.000000000000000000e+00
-1.000000000000000000e+00
5.190263328752109384e-01
3.949954682948543794e-01
1.000000000000000000e+00
1.000000000000000000e+00
-6.614162963632977954e-01
1.000000000000000000e+00
-9.700543571190942682e-01
-6.284659730791249954e-01
1.000000000000000000e+00
9.225292426322716233e-02
-5.263936203151218240e-01
9.318157913342557386e-01
1.000000000000000000e+00
-4.580400000692809170e-01
1.000000000000000000e+00
-9.765787179460059253e-01
8.149862375232672651e-01
2.673847144864881509e-01
1.000000000000000000e+00
-5.002107941394364765e-01
1.000000000000000000e+00
-1.000000000000000000e+00
1.000000000000000000e+00
-7.930820707861657715e-02
-8.023522277657164636e-01
-1.000000000000000000e+00
-1.316478185908813159e-01
-1.000000000000000000e+00
1.000000000000000000e+00
-5.840786648213135424e-01
-1.000000000000000000e+00
-9.389048537893435187e-01
1.000000000000000000e+00
-1.000000000000000000e+00
-1.000000000000000000e+00
-1.000000000000000000e+00
3.783434673361519285e-01
2.258153090657017137e-01
6.854609833756322157e-01
1.930611528799245913e-01
2.527448604936004539e-01
9.962212855258452127e-01
-8.103339844634125377e-01
-1.000000000000000000e+00
6.140303375065996327e-01
-1.000000000000000000e+00
-1.000000000000000000e+00
-1.000000000000000000e+00
3.203993389469604880e-01
1.000000000000000000e+00
9.630549207205736373e-01
-1.000000000000000000e+00
1.000000000000000000e+00
9.374111585107678390e-01
1.000000000000000000e+00
-8.732696866811434644e-01
-1.000000000000000000e+00
7.621674196837917581e-01
-8.673132427455814142e-01
-3.376228149739022300e-01
1.000000000000000000e+00
-1.000000000000000000e+00
1.000000000000000000e+00
8.714903875380095588e-01
6.334276299641142804e-01
4.067145202433267159e-01
1.000000000000000000e+00
6.522045254740965747e-01
-1.000000000000000000e+00
-1.000000000000000000e+00
-5.318987839521898131e-01
-1.000000000000000000e+00
-7.945648933778400869e-01
5.088804967554035885e-01
-1.000000000000000000e+00
-6.895643669765141315e-01
8.538989222301612836e-01
9.743084775241194206e-01
-4.030367209653959448e-01
-1.000000000000000000e+00
-2.989772107523753775e-01
6.127313251935506688e-01
-1.000000000000000000e+00
7.191071645333199092e-01
2.194707494421451743e-01
-1.000000000000000000e+00
7.956166795044927742e-01
-4.779381411392411017e-01
1.000000000000000000e+00
1.729696057154217204e-01
1.000000000000000000e+00
1.000000000000000000e+00
-8.145875554898841520e-01
-1.000000000000000000e+00
-7.417100312019345720e-01
-3.299481411529285868e-01
2.654921351758339765e-01
5.671280985796103291e-01
-7.198744287034497535e-01
3.578620241413867920e-01
-2.248130295554142954e-01
-7.725995440301156592e-01
1.000000000000000000e+00
9.392103113742606979e-01
9.701531744364766396e-02
-1.000000000000000000e+00
-4.092140803883342892e-02
9.019806896508488769e-01
1.000000000000000000e+00
-3.654508325038909322e-01
1.000000000000000000e+00
-1.481256969371133880e-01
1.000000000000000000e+00
9.289536187398754752e-01
1.000000000000000000e+00
-7.555647091412227567e-01
1.293700578263271006e-01
1.000000000000000000e+00
-5.785559860255030662e-01
-2.512155403756574090e-01
-1.000000000000000000e+00
2.860774143476912945e-01
-1.000000000000000000e+00
-4.783553213205932741e-01
-5.979977978537668326e-01
-1.000000000000000000e+00
-1.000000000000000000e+00
-2.903626449076965876e-01
-2.224037850698967755e-03
2.957236833870762749e-01
-1.000000000000000000e+00
1.000000000000000000e+00
-7.646344030926228719e-01
-1.000000000000000000e+00
3.626681641161355052e-01
-6.220482590451857918e-01
3.950930376702660451e-02
1.000000000000000000e+00
-1.000000000000000000e+00
-1.000000000000000000e+00
1.000000000000000000e+00
1.000000000000000000e+00
-5.156693949166363256e-01
7.272138349527083045e-01
1.000000000000000000e+00
-2.279387131910504127e-02
1.000000000000000000e+00
-1.882636805602851404e-01
1.000000000000000000e+00
1.000000000000000000e+00
-1.000000000000000000e+00
-1.000000000000000000e+00
-9.947437580509765898e-01
-1.000000000000000000e+00
-1.000000000000000000e+00
-1.000000000000000000e+00
7.404526767976520318e-01
-5.909946940186434627e-01
1.782078720894843260e-01
1.000000000000000000e+00
-9.494020040355639622e-01
-5.638548653594566140e-01
1.000000000000000000e+00
3.322344742367024928e-01
1.000000000000000000e+00
7.681053162052533523e-01
-1.000000000000000000e+00
-1.000000000000000000e+00
-9.743797507982114858e-01
1.000000000000000000e+00
5.105067527084761192e-01
1.000000000000000000e+00
-1.000000000000000000e+00
-2.472474277470668169e-01
7.391594402991223944e-01
5.894790041096809041e-01
1.000000000000000000e+00
-9.433487037747860793e-01
-1.238882328015624423e-01
-7.420584242038875677e-01
8.732257076712115484e-01
-1.000000000000000000e+00
1.000000000000000000e+00
1.000000000000000000e+00
9.056582906899535157e-01
1.000000000000000000e+00
1.000000000000000000e+00
