1.000000000000000000e+00
-1.000000000000000000e+00
-5.172511437675411106e-01
-1.497247357762201414e-01
-1.000000000000000000e+00
1.817337248490241697e-02
1.000000000000000000e+00
6.138649210074522689e-01
-1.000000000000000000e+00
-1.000000000000000000e+00
9.740607583455471730e-01
-1.000000000000000000e+00
1.000000000000000000e+00
-1.000000000000000000e+00
-8.252976642340807967e-01
6.285502987238544836e-01
-1.881612924170826817e-01
-1.000000000000000000e+00
-6.723583847405882885e-01
-1.000000000000000000e+00
-3.621702348918173220e-01
-1.000000000000000000e+00
-5.703038927540403646e-01
-1.000000000000000000e+00
-9.613847465188786190e-01
-1.000000000000000000e+00
2.732658565818529839e-02
-1.000000000000000000e+00
1.000000000000000000e+00
-3.465253338558049734e-01
-1.000000000000000000e+00
-1.000000000000000000e+00
-1.000000000000000000e+00
-1.000000000000000000e+00
-3.985601096377456853e-01
4.390183021971326149e-01
-2.642939923774850763e-01
1.000000000000000000e+00
1.000000000000000000e+00
-1.000000000000000000e+00
-1.000000000000000000e+00
-1.000000000000000000e+00
-1.000000000000000000e+00
-1.000000000000000000e+00
1.000000000000000000e+00
-1.000000000000000000e+00
1.000000000000000000e+00
-1.000000000000000000e+00
-7.442175233431611026e-02
-1.000000000000000000e+00
-4.818799797280765018e-02
1.000000000000000000e+00
1.000000000000000000e+00
-1.000000000000000000e+00
-1.000000000000000000e+00
7.598691645957591501e-01
1.000000000000000000e+00
1.000000000000000000e+00
-1.000000000000000000e+00
-2.482095776886453775e-01
-1.000000000000000000e+00
1.000000000000000000e+00
-1.000000000000000000e+00
2.279732353432378789e-02
-8.880324977837541489e-01
1.000000000000000000e+00
1.000000000000000000e+00
1.000000000000000000e+00
-1.000000000000000000e+00
1.000000000000000000e+00
-8.826984886911704020e-02
1.000000000000000000e+00
1.000000000000000000e+00
1.000000000000000000e+00
1.000000000000000000e+00
1.000000000000000000e+00
-9.147821598093583972e-01
1.562525694477104321e-02
-4.938680879884618791e-01
-1.000000000000000000e+00
-1.000000000000000000e+00
-1.000000000000000000e+00
-1.000000000000000000e+00
-1.000000000000000000e+00
1.000000000000000000e+00
1.000000000000000000e+00
1.000000000000000000e+00
-1.000000000000000000e+00
-1.000000000000000000e+00
-1.000000000000000000e+00
6.556852933785047854e-01
-1.000000000000000000e+00
-4.058454596919303103e-01
1.000000000000000000e+00
-6.115355202354817443e-01
1.000000000000000000e+00
1.000000000000000000e+00
-2.696242442881032764e-01
-1.000000000000000000e+00
-1.000000000000000000e+00
1.000000000000000000e+00
-1.000000000000000000e+00
1.000000000000000000e+00
1.000000000000000000e+00
-6.796923378434408525e-01
1.000000000000000000e+00
1.000000000000000000e+00
1.000000000000000000e+00
-1.000000000000000000e+00
1.000000000000000000e+00
-9.869196851422923356e-02
1.000000000000000000e+00
1.000000000000000000e+00
1.329944829106081972e-01
1.000000000000000000e+00
1.000000000000000000e+00
5.496306480633490477e-01
1.000000000000000000e+00
-6.970716565579336832e-01
1.000000000000000000e+00
-9.050561923326050362e-01
1.000000000000000000e+00
-9.226795058544881023e-01
-1.000000000000000000e+00
-1.000000000000000000e+00
4.691659692779920343e-02
-1.000000000000000000e+00
-1.000000000000000000e+00
-1.000000000000000000e+00
-6.465218165218399315e-01
-1.000000000000000000e+00
1.000000000000000000e+00
-1.000000000000000000e+00
9.874123153812074394e-01
1.000000000000000000e+00
-2.594981633107185104e-01
-1.208016007088705823e-01
-1.000000000000000000e+00
-1.000000000000000000e+00
9.444867831693209981e-01
1.000000000000000000e+00
1.000000000000000000e+00
-4.610101653565941149e-01
-1.000000000000000000e+00
-1.000000000000000000e+00
-1.000000000000000000e+00
-6.980802485989646700e-01
1.000000000000000000e+00
-8.936393094241644741e-01
1.000000000000000000e+00
-1.000000000000000000e+00
1.000000000000000000e+00
-6.238960806486000266e-01
-1.000000000000000000e+00
9.948165636305396076e-01
-1.000000000000000000e+00
1.000000000000000000e+00
-1.000000000000000000e+00
1.000000000000000000e+00
-1.000000000000000000e+00
-1.000000000000000000e+00
1.000000000000000000e+00
1.000000000000000000e+00
1.000000000000000000e+00
-1.000000000000000000e+00
1.000000000000000000e+00
-1.000000000000000000e+00
-1.000000000000000000e+00
1.000000000000000000e+00
-2.943003651364791695e-01
1.000000000000000000e+00
-1.000000000000000000e+00
-1.000000000000000000e+00
9.999272638315721551e-01
1.000000000000000000e+00
1.000000000000000000e+00
-1.000000000000000000e+00
1.000000000000000000e+00
-1.000000000000000000e+00
1.000000000000000000e+00
-8.344018180181067557e-01
-1.000000000000000000e+00
-8.434530487389606535e-01
-7.696949784945550377e-01
1.000000000000000000e+00
1.000000000000000000e+00
-1.000000000000000000e+00
-1.955618647276418098e-01
1.000000000000000000e+00
-9.988276467971695105e-01
-1.000000000000000000e+00
-1.000000000000000000e+00
-1.000000000000000000e+00
1.000000000000000000e+00
9.965123678806672158e-01
-1.000000000000000000e+00
3.318879615295437513e-01
1.000000000000000000e+00
-1.000000000000000000e+00
-1.000000000000000000e+00
-2.631627994087312183e-01
-1.000000000000000000e+00
-3.792788766832710379e-01
-1.000000000000000000e+00
1.000000000000000000e+00
1.000000000000000000e+00
1.000000000000000000e+00
1.000000000000000000e+00
1.000000000000000000e+00
-1.000000000000000000e+00
-1.000000000000000000e+00
-2.469502230435929313e-01
1.000000000000000000e+00
1.000000000000000000e+00
1.000000000000000000e+00
-1.000000000000000000e+00
1.000000000000000000e+00
-1.000000000000000000e+00
-1.782511356772001343e-01
1.000000000000000000e+00
-1.000000000000000000e+00
-1.000000000000000000e+00
-1.000000000000000000e+00
-1.000000000000000000e+00
1.000000000000000000e+00
-1.000000000000000000e+00
1.000000000000000000e+00
1.000000000000000000e+00
-5.316901824220880979e-01
1.000000000000000000e+00
-7.973627600609398680e-01
-1.000000000000000000e+00
-1.000000000000000000e+00
1.000000000000000000e+00
-6.605964681394238536e-01
-1.000000000000000000e+00
-7.388083919433852120e-01
-2.736216812236400564e-01
-2.345095852789935986e-01
8.017710431517482972e-01
-1.000000000000000000e+00
9.213896473382038321e-01
1.000000000000000000e+00
1.000000000000000000e+00
-1.000000000000000000e+00
-1.000000000000000000e+00
-1.000000000000000000e+00
7.029098111419271877e-01
1.000000000000000000e+00
5.484966173285552582e-01
3.055845304573857057e-01
7.191693070542968247e-01
1.000000000000000000e+00
1.000000000000000000e+00
-1.000000000000000000e+00
-1.000000000000000000e+00
-3.501769882610791806e-01
-1.000000000000000000e+00
1.000000000000000000e+00
-9.391445951573620388e-01
-1.000000000000000000e+00
-1.000000000000000000e+00
-1.000000000000000000e+00
1.000000000000000000e+00
-1.000000000000000000e+00
