gen,best,mean,sd
0,-8.566666666666533,-80.88377777777775,21.874965476939256
1,-8.566666666666533,-81.91666666666663,20.49039476871488
2,-8.566666666666533,-81.91666666666663,20.49039476871488
3,-8.566666666666533,-81.91666666666663,20.49039476871488
4,-8.566666666666533,-81.91666666666663,20.49039476871488
5,-8.566666666666533,-81.91666666666663,20.49039476871488
6,-8.566666666666533,-81.91666666666663,20.49039476871488
7,-8.566666666666533,-81.91666666666663,20.49039476871488
8,-8.566666666666533,-81.91666666666663,20.49039476871488
9,-8.566666666666533,-81.91666666666663,20.49039476871488
10,-8.566666666666533,-81.91666666666663,20.49039476871488
11,-8.566666666666533,-81.91666666666663,20.49039476871488
12,-8.566666666666533,-81.91666666666663,20.49039476871488
13,-8.566666666666533,-81.91666666666663,20.49039476871488
14,-8.566666666666533,-81.91666666666663,20.49039476871488
15,-8.566666666666533,-81.91666666666663,20.49039476871488
16,-8.566666666666533,-81.91666666666663,20.49039476871488
17,-8.566666666666533,-81.91666666666663,20.49039476871488
18,-8.566666666666533,-81.91666666666663,20.49039476871488
19,-8.566666666666533,-81.91666666666663,20.49039476871488
20,-8.566666666666533,-81.91666666666663,20.49039476871488
21,-8.566666666666533,-82.80041152263371,20.282214742374613
22,2.4000000000000945,-60.77284768211916,36.23677336612406
23,4.866666666666806,-48.12488888888884,33.0545345545401
24,10.766666666666765,-38.44333333333328,31.17270476269622
25,10.766666666666765,-40.70089485458607,31.650255478141098
26,12.933333333333497,-32.76688888888882,30.543043457624236
27,12.933333333333497,-39.818791946308664,32.68850507805226
28,12.933333333333497,-39.7604026845637,33.79149458334746
29,12.933333333333497,-32.29149888143171,31.334123021692992
30,12.933333333333497,-32.55999999999994,30.143114440086475
31,12.933333333333497,-32.04161073825497,32.18342214232441
32,12.933333333333497,-35.265548098433946,33.93020128918111
33,12.933333333333497,-40.792841163310904,36.66991089242572
34,12.933333333333497,-36.06331096196862,34.32443527209438
35,12.933333333333497,-32.231096196867945,31.450551286158337
36,12.933333333333497,-32.93154362416101,33.69826784211707
37,14.73333333333344,-32.66554809843394,32.96644564772502
38,14.73333333333344,-35.264666666666606,31.056316881147126
39,14.73333333333344,-33.81208053691268,33.15593448044658
40,14.73333333333344,-37.49315673289177,33.868097021358274
41,14.73333333333344,-38.54978070175432,35.70115974263937
42,14.73333333333344,-32.89713024282554,33.27005161798951
43,14.73333333333344,-26.784888888888815,31.481947934147865
44,14.73333333333344,-34.51644444444438,33.61293814979182
45,14.73333333333344,-31.41688596491221,32.872663681176945
46,14.73333333333344,-30.853947368420982,31.9890199396447
47,14.73333333333344,-33.90733333333327,31.568788822248244
48,14.73333333333344,-30.70799999999993,31.260797762385124
49,14.73333333333344,-36.23903508771924,31.84677331244054
50,14.73333333333344,-33.08955555555549,33.55253285944226
51,14.73333333333344,-32.435540838852035,32.99097356178568
52,14.73333333333344,-30.97472035794177,31.96242589226949
53,14.73333333333344,-35.03796909492267,35.074281112819584
54,14.73333333333344,-32.300447427292994,32.18606652339999
55,14.73333333333344,-31.85888888888882,33.4977873048503
56,16.60000000000007,-32.85346756152118,34.03231473491244
57,16.60000000000007,-34.3431767337807,33.87951620441807
58,16.60000000000007,-33.29418344519009,32.47336813535584
59,16.60000000000007,-33.6183445190156,33.401437683392466
60,16.60000000000007,-32.83982102908271,33.887307798000975
61,16.60000000000007,-36.66269315673283,33.226287926531654
62,16.60000000000007,-29.718344519015595,30.707243711372328
63,16.60000000000007,-32.89646799116992,31.605903629825345
64,16.60000000000007,-32.11977777777771,33.348526781090904
65,16.60000000000007,-31.566222222222162,32.327988787763
66,16.60000000000007,-30.805555555555493,31.400401841417104
67,16.60000000000007,-29.724724061810093,30.991015210001162
68,22.866666666666777,-29.3993421052631,32.266506830108966
69,22.866666666666777,-36.516331096196815,35.424063287094555
70,22.866666666666777,-35.07880794701981,33.457322927063736
71,22.866666666666777,-32.6941834451901,31.972093940268213
72,26.400000000000105,-34.020134228187864,33.57859875115188
73,26.400000000000105,-31.214222222222162,30.78542400328002
74,26.400000000000105,-28.897587719298187,30.539498942236943
75,26.400000000000105,-28.570860927152257,31.689071731061993
76,26.400000000000105,-29.7799549549549,30.683082841700323
77,26.400000000000105,-28.30738255033551,30.56910579111811
78,26.400000000000105,-32.76122448979586,34.26189274756652
79,26.400000000000105,-30.38711111111105,33.28438512479695
80,26.400000000000105,-30.89978070175433,32.30172435259053
81,26.400000000000105,-27.732456140350816,29.000846163136377
82,26.400000000000105,-29.76732456140345,31.184563177337083
83,26.400000000000105,-21.988962472406115,25.70332112831108
84,26.400000000000105,-31.78344519015654,33.37974791441877
85,26.400000000000105,-27.17177777777772,30.27383755890903
86,26.400000000000105,-25.392170022371303,30.42475697971306
87,26.400000000000105,-30.113024282560644,32.968763724298334
88,26.400000000000105,-26.64586129753909,30.31690792999259
89,26.400000000000105,-29.958888888888826,32.31271219095983
90,26.400000000000105,-29.369315673289123,32.20720409979894
91,26.400000000000105,-24.606263982102845,27.64072106757321
92,26.400000000000105,-26.088157894736778,29.498450352770003
93,26.400000000000105,-24.790666666666603,30.68518550025707
94,26.400000000000105,-26.561368653421567,32.04217743148288
95,26.400000000000105,-27.1947845804988,32.227306745768736
96,26.400000000000105,-26.20492170022365,31.519197747316433
97,26.400000000000105,-25.80604026845631,31.584795626148725
98,26.400000000000105,-25.626666666666605,32.01328381688987
99,26.400000000000105,-26.147999999999936,31.078176094058907
100,26.400000000000105,-32.114473684210466,36.42721948971995
101,26.400000000000105,-29.34298245614029,33.829579048376246
102,26.400000000000105,-26.86311111111105,31.94924821387978
103,26.400000000000105,-27.66133333333327,34.39803204534518
104,26.400000000000105,-24.202908277404855,32.302941719629416
105,26.400000000000105,-30.428888888888824,33.74009037873838
106,26.400000000000105,-32.3183445190156,35.18137566497316
107,26.400000000000105,-25.69713024282554,31.34027421606506
108,26.400000000000105,-27.59177777777771,34.40425833605955
109,26.400000000000105,-27.797315436241544,34.64272588330889
110,26.400000000000105,-26.961111111111045,32.9659039158288
111,26.400000000000105,-25.48680089485451,31.04651625857666
112,26.400000000000105,-26.27845804988655,33.68021164015739
113,26.400000000000105,-28.81177777777771,34.168473044209065
114,26.400000000000105,-21.585714285714214,30.024124087321614
115,26.400000000000105,-24.790631808278796,31.735190499086514
116,26.400000000000105,-28.457941834451837,34.561144337630395
117,26.400000000000105,-23.558498896247173,30.329892089904426
118,26.400000000000105,-28.435761589403903,33.90953360713025
119,26.400000000000105,-27.64617117117111,32.47277758583134
120,26.400000000000105,-23.441721854304568,30.97695296014867
121,26.400000000000105,-32.05899122807011,35.34277275235329
122,26.400000000000105,-33.68399122807012,34.584034228871914
123,26.400000000000105,-35.14577777777772,36.56651727846863
124,26.400000000000105,-31.70544662309362,33.79273887309079
125,26.400000000000105,-25.43991228070169,31.533888305887896
126,26.400000000000105,-29.675438596491166,33.68748026436558
127,26.400000000000105,-29.353200883002145,35.730583149004005
128,26.400000000000105,-35.98574561403503,33.63526862313566
129,26.400000000000105,-33.00485651214123,31.593602568985254
130,26.400000000000105,-32.03377777777772,34.76536824818774
131,26.400000000000105,-33.727999999999945,34.67142639974009
132,26.400000000000105,-31.06085011185677,33.373345723729614
133,26.400000000000105,-28.92066666666661,31.94841505835214
134,26.400000000000105,-32.60917225950777,33.653647306318135
135,26.400000000000105,-29.167999999999946,34.02623669181487
136,26.400000000000105,-31.978378378378324,35.63270671392696
137,26.400000000000105,-30.722147651006658,34.79490341508368
138,26.400000000000105,-32.17088888888883,34.033625267366205
139,26.400000000000105,-27.221476510067056,31.86756550402388
140,26.400000000000105,-26.657456140350817,30.592055546082992
141,26.400000000000105,-28.843046357615837,31.197444422186397
142,26.400000000000105,-28.720971302428204,32.699667885947626
143,26.400000000000105,-28.953555555555504,32.924791266621845
144,26.400000000000105,-31.042953020134178,32.32466460405097
145,26.83333333333344,-24.91531531531526,30.04473026159777
146,26.83333333333344,-26.297747747747692,30.948817735927896
147,26.83333333333344,-26.921111111111056,33.382315659124565
148,26.83333333333344,-28.139333333333283,33.44243081498138
149,26.83333333333344,-28.871588366890325,32.36023014121698
150,26.83333333333344,-26.02297297297292,33.448755537647266
151,26.83333333333344,-24.979249448123568,32.83306198646784
152,26.83333333333344,-26.840268456375785,32.47034929781731
153,26.83333333333344,-28.88612975391493,33.0639188664611
154,26.83333333333344,-28.569351230425006,33.50358991455978
155,26.83333333333344,-30.820134228187865,35.104132896852065
156,26.83333333333344,-22.601545253863076,30.400311357800113
157,26.83333333333344,-21.564900662251596,30.414576156792716
158,26.83333333333344,-22.928322440087094,32.916939277157326
159,26.83333333333344,-26.023245614035034,34.37967045134644
160,26.83333333333344,-21.281111111111052,29.152930458548905
161,26.83333333333344,-24.149448123620253,31.417485946023362
162,26.83333333333344,-20.488017429193842,29.64876515885388
163,26.83333333333344,-23.53858447488579,32.42905444383322
164,26.83333333333344,-21.648245614035034,28.524538730497074
165,26.83333333333344,-22.541610738254978,30.509131139121873
166,26.83333333333344,-26.57181208053686,32.54981811899875
167,26.83333333333344,-16.90088300220745,27.224085759319017
168,26.83333333333344,-21.783222958057344,29.68235016503376
169,26.83333333333344,-21.39686800894849,30.199391162428856
170,26.83333333333344,-20.629223744292183,30.89507329474288
171,26.83333333333344,-20.204081632653004,30.240211873915136
172,26.83333333333344,-21.72716894977163,33.59881856375508
173,26.83333333333344,-21.364900662251596,30.235819726386726
174,26.83333333333344,-22.925777777777725,32.30730914816433
175,26.83333333333344,-24.28540305010888,32.67283518080208
176,26.83333333333344,-20.294736842105205,30.64812681025599
177,26.83333333333344,-21.891999999999943,31.870439032874163
178,26.83333333333344,-23.357395143487803,32.4723234527274
179,26.83333333333344,-24.54922737306838,33.14638587770983
180,26.83333333333344,-23.792517006802665,31.536444932344544
181,26.83333333333344,-22.060264900662197,30.043673561139258
182,26.83333333333344,-24.911328976034802,32.60490831065534
183,26.83333333333344,-22.28933333333328,31.686992382083584
184,26.83333333333344,-18.04714912280696,26.488714755841958
185,26.83333333333344,-21.01059602649001,30.01827291694638
186,33.433333333333444,-19.56291390728471,27.68255123751435
187,33.433333333333444,-19.84666666666661,29.28320717104298
188,33.433333333333444,-17.997986577181152,27.561053974219544
189,33.433333333333444,-23.33468468468463,31.056733148377436
190,33.433333333333444,-18.226754385964856,29.578840538375488
191,33.433333333333444,-21.35432900432895,30.164312876361237
192,33.433333333333444,-22.063377192982397,31.88686455254309
193,33.433333333333444,-21.479194630872428,31.56870435027561
194,33.433333333333444,-21.02039473684205,31.269427189265368
195,33.433333333333444,-20.081456953642327,30.487647804719707
196,33.433333333333444,-20.077404921700168,29.56782449918429
197,33.433333333333444,-22.41779279279274,31.541816806274007
198,33.433333333333444,-19.622747747747695,28.90424468686825
199,33.433333333333444,-20.836666666666613,29.43004958403093
