-6.986567577405502494e-01
6.304719744364191136e-01
-5.718136355823369987e-01
-4.389823467129450596e-01
2.158481732637453632e-01
4.208693169721524491e-03
8.680266544031424170e-01
4.122090167668075039e-02
-5.599647602848167871e-02
-1.464928558838604622e-01
-5.020851868783839933e-01
1.570527239032157851e-01
-5.908917540606206664e-01
-8.288111622520916155e-02
1.634444481752961309e-02
8.265685002574317819e-01
8.677546960463371484e-01
-3.581400477567644458e-01
-1.000000000000000000e+00
-7.105179135485693021e-01
-2.255366844592960329e-01
9.982411473370688126e-01
6.268505906786300264e-01
-7.782969807348982805e-01
6.276727970700300974e-01
1.000000000000000000e+00
3.638394955016035492e-01
-9.496854355041086659e-01
-3.069150467218900724e-01
-2.130827322472331475e-01
1.000000000000000000e+00
6.596215257932581677e-01
3.745678942433675607e-01
-8.862652184312590498e-01
2.434714290790835345e-01
-2.493161033192613923e-02
-8.971703386366924882e-01
1.232956660006078037e-01
2.070498486075180722e-01
8.930529655646676224e-01
6.220073097815361773e-01
2.878840040149448498e-01
-1.000000000000000000e+00
-3.623982043162613520e-01
-1.547319800422904124e-02
-4.145321115675987267e-02
6.083036438985748307e-01
1.000000000000000000e+00
-5.352705836776852077e-01
-3.396048005591129071e-01
-3.044909089274997482e-01
1.873868529572629560e-02
1.240123518585249801e-01
-1.169846326375674206e-01
1.000000000000000000e+00
-1.000000000000000000e+00
8.626966421842197086e-02
-7.582454389458788135e-01
2.066806290287760417e-01
4.751379647605614709e-01
-8.099502633236089766e-01
-8.796328186109893255e-02
7.143223660597626257e-01
-3.892254237956866980e-01
-1.669717513827188027e-01
4.620334205515426174e-01
-2.050773850047852565e-01
4.512959798894986552e-01
-7.694606500264614679e-01
-7.250617745147962534e-01
7.927912389520203051e-01
4.317030415942798016e-01
-9.637426365250086890e-01
-2.259209158003878393e-01
-8.092928488346123883e-01
-9.620648212576208280e-01
-3.911629008560840171e-01
6.240653172345017596e-02
6.207355373184417768e-01
1.741502715064707774e-02
-5.413980435908544164e-01
-2.388511270798447383e-01
-1.000000000000000000e+00
-7.730171775659432087e-02
2.651035127174834471e-01
1.022885136473173917e-01
-4.553126647463701659e-01
1.000000000000000000e+00
-2.707388866442062003e-02
2.802053978102992948e-01
-8.118452709372893095e-01
5.626226339421336320e-01
9.284976716755339865e-01
-3.395522268153859380e-01
-3.697920998533674175e-01
1.107646792027603272e-01
-1.439675816601366787e-01
3.998519219169148209e-01
-2.463658229640924568e-01
1.819940815123193278e-01
-3.723431734172639174e-01
-6.345973277185382733e-01
-8.313978763659121141e-01
-1.000000000000000000e+00
-5.274142993182826533e-01
-3.224452069561180578e-01
-7.973034302014155861e-01
1.701386630099357283e-02
9.048092193463027622e-01
-5.846779943434249338e-01
6.074927366650824112e-01
-1.063752542427988251e-01
6.346598711948112648e-01
-6.809189885572008993e-01
2.366763816597148296e-01
-6.250359824438148637e-01
1.008597514047956945e-01
3.868314524580704350e-01
-7.397698790937126123e-01
1.899381077187238809e-01
-1.000000000000000000e+00
2.571966189876021547e-01
-7.890143516312223548e-01
3.870310601177479048e-01
-9.547658823055265101e-03
-2.237036469692930130e-01
-3.731358424002342855e-02
-6.323357175128392349e-01
-2.528699457234410142e-01
-2.453692701198316797e-02
2.998868343880939924e-01
-6.796588653232671362e-02
4.061274054148569790e-02
-6.850248455748029208e-01
-1.548355839958084901e-02
-4.581050854234514080e-02
1.302432052110349958e-03
-6.913565405429658584e-02
-1.808518200297276057e-01
3.004903043373043925e-01
3.508573310377480908e-02
-9.460482874624142058e-01
-1.761838749844529539e-01
-8.445956191866352825e-01
6.487810159270585020e-02
-5.568064516481486814e-01
4.185576060458146008e-02
4.615880067426172961e-01
-8.004793115542502280e-01
-6.488274476191182583e-01
-2.233339702581327579e-01
7.332620361614188287e-01
-2.657960255753671341e-01
5.673457786733369090e-01
-3.607671989013237490e-01
-7.281366765705725441e-03
-1.000000000000000000e+00
9.724480352579460973e-01
5.086588425416899151e-01
-9.474358531780834314e-01
-4.670059641597935629e-01
-6.108940627470931251e-01
1.000000000000000000e+00
-3.705161612470397325e-01
-1.000000000000000000e+00
-1.706107285680433933e-02
-4.156583495688437879e-01
-4.486718660707504913e-01
9.922044400723297741e-01
-4.820190261175753554e-01
-1.636089848997967500e-01
-3.446604894804320973e-01
-6.105735184584724085e-01
-3.027688121591793902e-01
-3.020021207998039858e-01
1.245761390122182982e-01
-9.456191600581422829e-01
-3.700224266620601443e-01
-3.820224551554503578e-01
-4.197829539598242343e-01
-7.140324038758534275e-01
7.982781958481960372e-02
-6.086897773809872847e-01
-7.059356204935960388e-01
-1.417357977994618545e-01
6.120922510715591791e-01
-3.081079951270475625e-01
-3.130042018016914729e-01
7.685384134326578298e-01
-2.295771493172624189e-01
-8.692112471165033272e-01
-2.166144769630087841e-01
2.464344339382247284e-01
-4.419869689477065045e-01
2.846153947034266163e-01
5.811027114414335504e-01
-5.008535078415866648e-01
9.047629828286918308e-02
5.592584956737742807e-01
-9.176109822783863335e-01
-3.578647828577958823e-01
-4.355458844261801410e-01
-7.381170732268924617e-01
3.818583824303741769e-01
-9.977237303290837911e-01
5.594493058436080801e-01
-1.390412462198653554e-02
-6.397498160154619917e-01
-6.652674342767845861e-01
-1.245868497068403080e-02
-5.318766624872629523e-01
1.599478289085371485e-01
7.021555070261720211e-01
-7.673002690743217780e-03
5.293059398696484674e-01
5.640377127322302453e-01
-7.320281951035191303e-01
8.991202438739864800e-01
-1.723535622459938799e-01
-1.106094464783757281e-01
-6.598813678340827993e-01
6.929079079838984523e-01
4.165520820323247997e-01
-3.762012890566402978e-01
8.880705962396785447e-01
-1.000000000000000000e+00
3.980077864346855954e-01
-2.929399431671576015e-01
-1.000000000000000000e+00
-8.881325964517611249e-01
-4.840240474145771077e-01
-6.433061703347719984e-02
-5.025502556324504821e-01
3.534018793742328413e-01
9.688433949257793665e-03
-9.971744267889840474e-01
-9.439511071896802274e-01
6.879394457236995830e-01
5.119388742927634128e-01
1.138671057030873485e-01
-3.406747877091428345e-01
8.694557123851899272e-01
5.427081412644095826e-01
-1.000000000000000000e+00
8.075584422746109325e-01
7.040858301703987188e-01
-9.351459841666442951e-01
-8.408977409994694563e-01
-3.175619868016825720e-01
5.483818356460715693e-01
-6.591378221423915829e-01
1.240818309230797833e-01
4.029927031071356969e-01
7.772632648312901571e-01
7.002295580028623512e-01
-6.278003707393571275e-01
-7.005914366446447383e-01
3.784524512818905895e-01
4.882699309971517132e-01
3.026854557143862645e-01
-1.581145157428047177e-01
-9.723360400180373064e-01
7.256133177673035339e-02
1.665343767305070277e-01
-1.000000000000000000e+00
