-5.810321134485403327e-01
3.806678793576545594e-03
-4.012597518955954845e-01
2.132040448724302761e-01
-1.485823151547417398e-01
4.300532912644485228e-01
3.440214429624864900e-01
-7.098123522261517993e-01
5.032394739934165084e-01
5.321754537461472756e-01
2.672816730451028078e-01
-7.253609536896753474e-01
8.313178478173577357e-01
-6.170246150620489062e-02
6.030471990441588215e-01
8.535822135906914188e-01
-3.543706771798695865e-01
7.901783112482206883e-01
-6.920937030528163669e-01
-9.561923429199276070e-01
-1.000000000000000000e+00
-6.253024799376444287e-01
-9.839071534071542890e-01
-7.641223318560462774e-01
-8.270204327415504597e-01
9.109614293817822062e-02
1.000000000000000000e+00
-1.886178566084351083e-01
1.993227494668348698e-01
-3.327747722743785164e-01
8.838822066218740003e-01
-8.311176251015561789e-01
-5.690947854288567198e-01
2.969343014775242817e-03
-8.434344425833284475e-01
3.601644449976543205e-01
-6.380023040826575675e-01
-3.578644642906758100e-01
-3.818586593153204811e-01
6.027207796976260523e-01
1.000000000000000000e+00
-7.580430526175488959e-01
-2.817735696321886918e-01
9.724716331941841707e-01
-3.838583859265262133e-01
-4.939807683776661906e-01
-3.979148139715431576e-01
-7.983455238335170900e-01
5.626672364326620879e-02
3.149622855026155688e-01
-6.201953278190837082e-01
-3.333455719860249356e-01
-7.481645571765825897e-01
-7.215272275102315724e-01
-2.733556244568871585e-01
-4.120551665933043228e-01
9.893791107876698243e-01
1.491412013486405896e-01
-3.795707548706918621e-01
2.771802194977774914e-01
8.971783657980677562e-01
8.899931735231483287e-01
-6.815052692160799008e-01
1.000000000000000000e+00
-7.474415375244769510e-01
-3.957643663054120076e-01
-1.000729358180744016e-01
-5.050639693018612597e-01
-5.323742490265634952e-01
5.724344260789735461e-01
-1.569971087691246492e-01
1.427500291354764639e-01
4.196146502306732917e-01
-4.513626600798303912e-01
2.149278262505348591e-01
2.004860867358233545e-01
7.767955682638821857e-01
-9.086368180984660814e-01
4.772776566417630262e-01
-7.819830511665449846e-01
4.093688250232122572e-01
-8.056090561062092537e-01
-4.806194803510829283e-01
-2.192757490043413526e-01
6.743759265693277660e-01
7.282556520615043327e-01
-7.149928838953669707e-01
2.502493244441842402e-01
9.299013717685078451e-01
2.230179709384773334e-01
7.170007149394480583e-01
2.533299384368313256e-01
-6.555685270673451415e-01
1.981287310817926584e-01
8.284826936507660999e-01
9.198937224042107452e-01
7.263866063682296037e-01
-1.000000000000000000e+00
1.382600423187107797e-01
5.959646748374665126e-01
7.178075150287307471e-01
1.000000000000000000e+00
4.176718890224032088e-02
-4.690104967261764929e-02
-2.337232539993570613e-01
-7.886757533430215350e-01
4.988248218281272628e-01
-7.333383200438622351e-01
2.203934525218043117e-01
8.204088241917378843e-02
5.255215726437119095e-01
-4.609269283872042822e-01
-9.290881492318971979e-01
-1.000000000000000000e+00
-8.175747222595388664e-01
8.497637938266586755e-01
9.004067168358664830e-01
2.897481998806412662e-01
1.905685329825327068e-01
8.417204386549183015e-01
4.315557564421724224e-01
1.000000000000000000e+00
8.706496500453236864e-01
-9.662867035421592865e-01
1.398408497496604341e-01
1.766439597986145874e-02
8.082928183405996281e-01
8.623977975329478740e-01
-2.223995561086201667e-01
3.322086964368262119e-01
9.179818657955238770e-01
4.213187929549555011e-01
3.792987319389352074e-01
1.581385924670190499e-02
2.601239918227070125e-01
5.551826012277274458e-01
-8.583810445136632605e-01
3.243832004106849132e-01
1.379332525719172975e-01
-7.120107281848189196e-01
9.316431432404209678e-01
-2.484212857830232074e-02
-8.263070702365244991e-01
6.179065688622257246e-01
6.429280641527457263e-01
-6.839462478313262928e-01
2.642939758726549071e-01
-4.522423434058576996e-02
-7.587848398123413496e-01
9.149350499905860579e-01
-1.000000000000000000e+00
5.644237267577997264e-01
-5.699376724608810063e-01
4.632771830831628607e-02
-1.992628318350392336e-01
-4.228740508132521891e-01
-4.166441148522411209e-01
-7.554551472323021155e-01
-8.499763139164837611e-01
-7.936516880551844899e-01
5.151663868359867005e-01
5.165548800301150711e-01
-9.192002906578872201e-01
-2.959176761962284408e-01
9.396607441055971899e-01
-4.832203228732070421e-01
-1.894632684289113411e-01
-2.613538255965666135e-01
-2.901721115962601072e-01
-9.171472014370356529e-01
4.213441813721819917e-01
2.078621423926746981e-01
7.279179741443959628e-01
8.411385954991567049e-01
5.740558851592177936e-01
3.307803245844918028e-01
-2.772020135555856024e-01
7.047528987605048423e-01
-2.098590432012121809e-01
1.623500370317457198e-01
-3.249724406093265627e-02
-7.115162941071970781e-01
9.395611172507311037e-01
2.908775688541715976e-01
-1.000000000000000000e+00
-4.685418026595732088e-02
-8.254641046668792503e-02
-9.679344322329254124e-01
-9.834130308766442230e-02
-5.884319571268975535e-01
-2.781984800371871680e-01
-3.196148652244504978e-02
5.031158473523186236e-01
-6.648919933209394006e-01
2.706824768951556770e-01
5.589950077355891889e-01
4.613795358716637485e-01
5.374482201795033331e-01
-2.317994196317950395e-02
6.299549843204701460e-01
5.574211402194042542e-01
5.346247363414360354e-01
-5.031435361799347916e-01
1.876289279486741818e-02
4.181061599178259591e-01
5.231187543660760220e-01
-5.443482218230611958e-01
3.667135921184105918e-01
-3.516972637757285192e-01
-7.680159396609058664e-01
-2.480662889537038895e-01
-5.286211322726114270e-01
9.063810721294447703e-02
-9.221705001057297624e-01
-3.498791300325505560e-01
-8.785450899598437058e-01
5.942262279571407513e-01
3.052454339312133391e-01
-9.668707964194098725e-01
6.246699122150668471e-01
-1.752687066218562295e-01
1.292640940324915888e-01
7.611397693095702799e-01
7.694296611626546545e-01
1.384691004142976078e-01
7.233034800934062813e-01
-9.738437009383452692e-01
-2.945499078147102434e-01
-8.217624705891036774e-01
-8.008356132517825410e-01
-9.123758445879684431e-02
8.803856021849220115e-01
-7.284442247473859045e-01
-8.293610253470353744e-01
6.838615794428622996e-01
1.558743435660950860e-01
8.423410492996202814e-02
-8.950644067436812623e-01
8.499712468231631624e-01
-6.353659065257368788e-01
-2.077651714049021381e-01
-7.801651461234568874e-01
-2.994383929003438527e-02
5.050272552479745380e-01
5.229986587285688771e-01
-5.983567143416019807e-01
3.572210790226172383e-01
4.500132401332962995e-01
6.022561446024863319e-01
-5.599601123297008876e-01
-1.817840438330521613e-01
6.167769108388858612e-01
6.334600369190946934e-01
5.286477286277342369e-01
6.878857978174153232e-01
4.048162145638670162e-01
-3.384419269950287301e-01
2.036093162252523570e-01
-3.702844482241149926e-01
4.646236906785812804e-01
-5.130625871435382512e-01
1.229615363441205339e-01
-1.593247385733828347e-01
5.603963524472876934e-01
2.958861748903885425e-01
