-1.000000000000000000e+00
-5.421526389945007240e-01
-9.970438529462535282e-01
6.971536685314616566e-01
6.839599316347895197e-01
-1.508692418834041149e-01
-9.656878122764669392e-01
-3.995995919468293689e-01
-1.232274953930121153e-01
-1.000000000000000000e+00
9.005333775840699273e-01
7.247662945366546428e-01
-6.663352657492809250e-01
-8.739662538933308245e-01
-1.339258665896749800e-01
9.812645933536301435e-01
-7.685267459957960678e-01
4.812770461165695179e-01
-2.161544467667877167e-01
5.966757754871283570e-01
-2.812042742625558422e-01
9.964428282127204550e-01
-1.869303050240572750e-01
9.810914918430876375e-01
2.716438092460719544e-01
4.022322238797824689e-01
-4.236775073623393340e-01
1.326129225756672858e-01
-1.378710330384680938e-01
-5.382868256140221908e-01
-4.032536585905872051e-01
-9.439398543309664991e-01
-3.032401819877827420e-01
-4.100016554198043228e-01
7.535040864476332256e-01
6.502237856398350724e-01
5.801881197129182821e-01
-1.209784452133978033e-01
-2.395225751292384408e-01
-9.158277342366105689e-01
8.568288165292392566e-02
1.000000000000000000e+00
-1.273377681478773393e-01
-4.676763885552187583e-01
-7.986313374032689705e-01
1.061220091141809596e-02
4.944727065664745735e-01
-1.651120842813400824e-01
-6.234724351913965013e-01
2.986564438985560566e-01
-2.716971505168146450e-01
-3.392381459085508921e-01
-3.409489797135303313e-01
-5.160308834722058258e-01
-1.209960973635789278e-01
-4.016453245427198948e-01
-1.738641496538834708e-01
6.897475224404152616e-01
-6.554214888391798333e-01
-3.027910957818836235e-01
-3.379680878864950722e-01
-3.014937615397059734e-01
-4.516176310810585681e-01
-5.211531132116365983e-01
-4.415682908048082500e-02
-6.640205243863642748e-01
-4.091627646172849575e-01
8.367347484818660197e-01
-2.465020996829260513e-01
6.443508265296904458e-01
5.548706872225469544e-01
2.128236277104852137e-01
-3.908262253096930205e-01
3.338738974670318327e-01
-2.261944265526441011e-01
5.104325769673427882e-01
-2.110626032402746211e-01
3.762910702630957172e-01
4.629073489681075904e-01
-2.696704628431400019e-01
9.459200424897394877e-01
1.328176524495540689e-01
-5.170277623112976562e-01
6.717197118266979849e-01
1.000000000000000000e+00
-7.131165823673479842e-02
4.257547063204383253e-01
7.966981370771220039e-01
-2.830300607618402298e-02
4.064692492552893777e-01
-1.756728684338178248e-01
5.208327429445344103e-01
8.573248974844768222e-01
-8.324684478103308027e-01
9.399412200305915510e-01
4.570647567770537711e-01
3.344361237250547125e-01
-6.474408002000476836e-01
-8.899953498493491377e-01
8.212014247812358114e-01
-1.518774386597361026e-01
6.295889894637625162e-01
-9.797975288116489434e-01
-2.842218668772644730e-01
-6.279697699566056945e-01
-1.000000000000000000e+00
-7.820429954354158886e-01
-1.000000000000000000e+00
-2.613599486620885592e-01
-2.428166537378457362e-02
-2.213642433312367763e-01
9.493476431072512822e-01
-3.684900166142730527e-01
-2.282242015198922003e-01
1.263991979734977456e-01
-1.180049355608013134e-01
-5.379613137527031741e-01
-8.467526594440102361e-01
6.349412902903865952e-01
5.547001776711579790e-01
-8.749854099642800920e-01
-1.000000000000000000e+00
-8.917576265630372534e-02
5.469107830428985295e-01
2.425098519121120233e-01
1.450028714870081614e-01
-9.777950387573847157e-01
3.175561476515041948e-01
-4.898523642339093764e-01
1.000000000000000000e+00
9.597266047909296383e-01
-1.120787073705995784e-01
2.716337742446726100e-01
2.475126889260959029e-02
4.404805552902824051e-01
5.080189227013365283e-01
-5.665977452259208791e-01
-9.223616720962313220e-02
2.752491538541864680e-01
-2.205573452602535567e-01
8.611951941187399040e-01
6.439933465360794251e-01
6.369532884146203444e-02
6.139114020683993367e-01
-6.896712550970199307e-02
4.672615065015564007e-01
-2.896408911172489997e-01
-6.380222375821840153e-01
-2.673812877471527516e-01
7.431136870889032409e-04
-1.000000000000000000e+00
-2.039857040446943492e-01
-3.339139023410315765e-01
3.295023967262390441e-01
7.913127690979782081e-01
8.345398067768030614e-01
1.000000000000000000e+00
4.426178316776422372e-01
8.845005064903488368e-01
-3.859980056569454199e-01
9.348658526343432973e-01
-9.899973551599303700e-01
-4.368407511869722981e-01
8.978127667205647311e-02
-1.000000000000000000e+00
-8.127276062235102572e-01
1.000000000000000000e+00
-4.282804984536473514e-01
6.343938970096008045e-01
9.276123112275140858e-01
6.509723398693219032e-01
-2.787622025675807191e-01
-4.567718115405194901e-02
-8.779849104430684781e-01
8.737262463054303874e-01
8.437697293925396913e-01
-3.238943227461620888e-01
8.003082759334991803e-01
2.299469309729346156e-01
9.805739354352869253e-01
8.771830186970205334e-01
1.810196099201813458e-01
5.018031886176731460e-01
-1.206965297545037341e-01
9.749536151500745040e-01
3.905756796920178964e-01
4.481767659508917867e-01
9.808082018815816872e-02
-3.836681074621863807e-01
6.375425137918999674e-01
-9.184561804809079355e-01
7.484082497230934994e-01
-5.545017494629662647e-01
2.465977811655282181e-01
-2.549850208290133646e-01
-8.257121936272968643e-01
1.105327146970333518e-01
-1.000000000000000000e+00
9.661069862069113778e-01
6.971075385003207003e-01
9.568343137148692668e-01
1.969271934624766685e-01
-5.886189292826625730e-01
3.468344190436320473e-01
-2.978622284436751033e-01
-1.482318693742368521e-01
4.942156248244423677e-01
8.319212886543667640e-01
-1.359152763227223226e-01
-6.268878590797395400e-01
-1.000000000000000000e+00
-4.756183329471960208e-01
2.353931615929099885e-01
6.246982439661128428e-01
1.740738711622098478e-01
2.522376991843193750e-01
-7.059232764316889508e-01
-4.027236294222832358e-01
4.202815826435740143e-01
-5.039263367892531376e-01
-8.754924827657599717e-01
-3.832830217390065242e-01
7.825543028215701247e-01
2.797891703616031123e-01
-6.456531054154243110e-01
2.219258007890481665e-01
1.000000000000000000e+00
8.857655424552049461e-02
2.880074255541897887e-02
1.989546036312859756e-01
-8.515267568692560518e-01
-5.600702909414877473e-01
-9.779011902106590215e-01
-2.691758557188841383e-01
-7.862136467654647909e-01
1.293865530852422729e-03
-9.539914811895690017e-01
2.140403757336928336e-01
-3.057409337896055401e-01
-3.729180974150692052e-02
-5.275302268809526351e-01
5.579059002426165481e-01
8.772746196871022972e-01
-4.218089803784960123e-01
-3.123194596318452643e-01
-5.142057162682164284e-01
2.827975666982586178e-01
-5.274454001258390701e-01
-2.564390724655585263e-01
-5.260761811539997890e-01
2.811913098608849124e-02
-4.206624785226541485e-01
3.366736873056786483e-01
-2.705746700254753612e-01
-1.000000000000000000e+00
7.080408143406686783e-01
9.091430218360927462e-01
-3.886515037563652020e-01
-6.156608403352931136e-01
-7.686942287733639079e-01
-2.132434854807359337e-01
-6.412163729339117602e-01
-5.213345155910470430e-01
1.418039387507100679e-01
-4.393069780150560821e-01
