-2.221806437136880918e-01
5.320467813405875823e-01
1.000000000000000000e+00
-3.733932681699695388e-01
1.000000000000000000e+00
7.740432713334743919e-01
6.710795665627466988e-01
-1.000000000000000000e+00
-3.613796935274988242e-01
-1.000000000000000000e+00
7.943512553960975220e-01
6.250630943176598286e-01
-1.000000000000000000e+00
6.190909609782475620e-01
-1.000000000000000000e+00
-1.000000000000000000e+00
-1.000000000000000000e+00
1.000000000000000000e+00
-1.074124740562069080e-01
-6.987055935704130638e-01
-1.000000000000000000e+00
5.492778077552569194e-01
-7.947135598856527317e-01
4.351807349451479734e-01
-7.658540205608282969e-01
-1.000000000000000000e+00
-1.000000000000000000e+00
1.000000000000000000e+00
1.000000000000000000e+00
-1.000000000000000000e+00
-1.000000000000000000e+00
-1.000000000000000000e+00
1.000000000000000000e+00
-1.000000000000000000e+00
-1.000000000000000000e+00
1.000000000000000000e+00
-1.067210623154744020e-01
-1.000000000000000000e+00
-4.400557913103462782e-01
9.492367328798768655e-01
1.000000000000000000e+00
-4.472192514191421497e-01
-1.000000000000000000e+00
-7.655179745162880023e-01
-5.588934681582090613e-01
1.000000000000000000e+00
-9.136612775608362602e-01
-9.994561756075660552e-01
-2.252246680870094719e-01
9.358657108366329469e-01
-7.949024815759593299e-01
1.000000000000000000e+00
-1.000000000000000000e+00
1.000000000000000000e+00
-2.260056149608117293e-01
3.344221347059989080e-01
1.000000000000000000e+00
7.776275506667278403e-01
-4.733284734391609572e-01
-9.738961768762463000e-01
-1.000000000000000000e+00
1.000000000000000000e+00
-1.000000000000000000e+00
-1.000000000000000000e+00
2.409555809943021432e-01
-4.035391481494856603e-01
-2.124552669230068136e-01
-1.000000000000000000e+00
-1.000000000000000000e+00
7.314972714482435023e-01
-1.000000000000000000e+00
-9.590842395628008665e-01
-9.736172809909799941e-01
1.086720887803105939e-01
-1.000000000000000000e+00
1.132664828363025289e-01
-1.000000000000000000e+00
1.000000000000000000e+00
-1.000000000000000000e+00
5.148968842931114231e-01
-4.096184306807655329e-01
6.663027140157694594e-01
-6.374672317423113466e-01
1.000000000000000000e+00
1.000000000000000000e+00
5.986354920731563611e-01
1.000000000000000000e+00
1.235147266823767298e-01
-4.654506816312654616e-01
-5.577899477119363514e-02
1.000000000000000000e+00
1.000000000000000000e+00
-1.000000000000000000e+00
1.000000000000000000e+00
1.000000000000000000e+00
-1.000000000000000000e+00
1.000000000000000000e+00
1.000000000000000000e+00
3.834787845747231749e-01
2.554542226403226923e-01
1.000000000000000000e+00
-1.000000000000000000e+00
-1.000000000000000000e+00
3.129066783705061749e-01
-1.000000000000000000e+00
-1.000000000000000000e+00
-7.728423008175462350e-01
1.000000000000000000e+00
1.000000000000000000e+00
7.321961570079007497e-01
1.000000000000000000e+00
-1.000000000000000000e+00
1.000000000000000000e+00
-3.102814720338286092e-01
-4.993851620420201587e-01
1.000000000000000000e+00
1.000000000000000000e+00
-1.000000000000000000e+00
-5.236661106540511090e-01
-9.554149292207603228e-01
1.000000000000000000e+00
1.000000000000000000e+00
8.008583985406757533e-01
-9.992992511031985048e-01
-1.000000000000000000e+00
9.369491722143772350e-01
-5.393085435794902072e-01
1.000000000000000000e+00
-1.000000000000000000e+00
1.000000000000000000e+00
1.000000000000000000e+00
1.000000000000000000e+00
1.000000000000000000e+00
7.366305130414430025e-02
1.000000000000000000e+00
9.957522458763006235e-01
1.000000000000000000e+00
-1.000000000000000000e+00
-2.468590855623198632e-01
3.961474193036187974e-01
-1.000000000000000000e+00
1.000000000000000000e+00
-1.000000000000000000e+00
-7.603070092542434377e-01
-1.020798104328568545e-02
-1.000000000000000000e+00
5.461539198898386349e-01
1.000000000000000000e+00
-1.000000000000000000e+00
1.000000000000000000e+00
9.134703511544236543e-01
1.000000000000000000e+00
8.331671313831121584e-01
-1.000000000000000000e+00
9.452018276942968367e-01
-1.000000000000000000e+00
8.655834701462439273e-02
5.586924680290753509e-01
-6.382280095430514777e-02
9.757646710424441316e-01
-1.000000000000000000e+00
6.886491106359051706e-01
1.000000000000000000e+00
1.000000000000000000e+00
-3.850650501692686190e-01
1.000000000000000000e+00
1.000000000000000000e+00
-3.781516314375591992e-01
-1.000000000000000000e+00
-9.527898068029907463e-01
-5.875009733016860469e-01
1.000000000000000000e+00
1.000000000000000000e+00
-4.898102113113036449e-01
9.652273128681874148e-01
1.000000000000000000e+00
1.000000000000000000e+00
-1.000000000000000000e+00
8.763936702686767610e-01
7.962555117331541199e-01
1.000000000000000000e+00
-9.919864577170112163e-01
5.573915251476730948e-01
9.255253443274562564e-01
1.000000000000000000e+00
-8.999175332737476829e-01
2.742817989473678164e-02
1.000000000000000000e+00
1.000000000000000000e+00
8.551845397532991111e-01
-1.000000000000000000e+00
-1.000000000000000000e+00
1.000000000000000000e+00
-1.000000000000000000e+00
-1.501563516127190634e-01
-1.000000000000000000e+00
9.139789335772439127e-01
-1.000000000000000000e+00
-1.000000000000000000e+00
9.338974172242114902e-01
1.000000000000000000e+00
-1.000000000000000000e+00
1.000000000000000000e+00
1.000000000000000000e+00
1.000000000000000000e+00
1.000000000000000000e+00
1.000000000000000000e+00
-5.256383120335919035e-01
1.000000000000000000e+00
1.351149493313497096e-01
-1.000000000000000000e+00
-1.000000000000000000e+00
9.657107395369267655e-01
3.838756618868534032e-01
-1.654969614303930525e-02
1.000000000000000000e+00
2.816552729824484125e-01
7.658866279510472275e-01
8.728266435710106963e-01
-1.096556815009253061e-01
1.000000000000000000e+00
7.463886806205199953e-01
7.946022465094797482e-01
3.703177639757707085e-02
-1.000000000000000000e+00
-1.000000000000000000e+00
1.000000000000000000e+00
-6.374048150989429784e-01
1.000000000000000000e+00
1.549110697305172701e-02
-1.000000000000000000e+00
-1.000000000000000000e+00
1.000000000000000000e+00
1.000000000000000000e+00
-6.340159897582406945e-01
-6.249606874920359267e-01
-1.000000000000000000e+00
1.000000000000000000e+00
1.000000000000000000e+00
3.867123538946692918e-02
-9.842095162610384751e-01
6.918470977303290415e-01
1.000000000000000000e+00
-1.000000000000000000e+00
1.000000000000000000e+00
-1.000000000000000000e+00
-1.000000000000000000e+00
2.222636956982327883e-01
-1.000000000000000000e+00
1.000000000000000000e+00
-1.000000000000000000e+00
-5.974305053591634218e-01
-8.561112480889905285e-01
-1.000000000000000000e+00
-1.000000000000000000e+00
-6.506964360128251190e-01
1.000000000000000000e+00
-5.366669248531447112e-01
8.724593509380231815e-01
-1.000000000000000000e+00
1.000000000000000000e+00
6.079528854770255286e-01
8.153778548876717824e-01
1.000000000000000000e+00
1.729410735303926194e-01
