1.225374553049322079e-01
4.824795331904085938e-01
-1.000000000000000000e+00
-9.235046743045212114e-01
4.427103325920731525e-01
-9.392976995258017769e-01
-6.704299939513462814e-01
-4.171441644841387131e-01
-5.290002409581668896e-01
3.519335001220625925e-01
-1.755460996279289421e-01
2.825811161909961844e-01
5.958852278727410079e-01
-8.833743089622225764e-01
6.279524748346232421e-01
-2.673885226326257469e-01
3.258704441438763366e-01
-3.674108047121518728e-01
1.748875262696580613e-01
5.882669326063708626e-01
-1.000000000000000000e+00
3.748981002111677618e-01
3.969687607981540745e-01
-1.166438228505378427e-01
8.558743009353374509e-01
-1.325224501544407241e-01
-3.351296459498810942e-01
-3.639895038579428199e-01
1.155601887132467198e-01
-9.628916334232952012e-01
1.818425484042609785e-01
-2.293099928940638410e-01
4.168138597984502036e-01
6.625919620052628245e-01
-3.990611021021489013e-01
-9.823504633875081160e-03
-9.458993812265309442e-02
-8.872227267365075942e-01
-1.319926125973513477e-02
5.483690605032352783e-02
2.246414040585365535e-01
8.013710940752820366e-02
-1.026409360655370778e-01
-8.136975538878796904e-03
-5.036045345790843841e-01
3.184604472505153105e-01
2.257345227309529023e-01
-5.560351697209072741e-01
-9.302609291785175483e-01
1.233969939166174173e-01
-7.350309592105590539e-01
-7.599240814959242751e-01
3.188175711707423310e-01
-5.430928673093559089e-01
9.931545394274677863e-01
2.484467682989280612e-01
-3.300448168499339752e-01
2.392919579166414845e-01
-9.408014174076316793e-01
7.514385419135212185e-01
-5.007617951412910440e-01
-9.804185872419862724e-01
-1.354654130781480226e-01
-7.699273719081690670e-01
1.000000000000000000e+00
1.426253116058663895e-01
-4.218687299704473870e-01
8.902683468396151989e-01
2.264994322010728811e-01
-9.907547999473991229e-01
-6.130864040303471985e-01
-1.000000000000000000e+00
4.791045152405319918e-01
6.624054322580809062e-01
-1.000000000000000000e+00
-8.361157887391637011e-01
-5.847441606814884896e-01
9.219497571600593355e-01
9.262062462554707665e-01
9.970250296341998109e-01
-1.000000000000000000e+00
1.736937821900478296e-01
-5.206030929178038363e-02
-3.885409603401941969e-01
9.562794891314579937e-02
-3.337429319122839910e-01
-6.493963448065116495e-01
6.531756635060860239e-01
2.687508985088277874e-02
1.281544237578531864e-01
-4.734901557705818026e-02
6.508349077629034252e-01
1.000000000000000000e+00
-5.285531077144657308e-01
-5.300707448585047221e-02
-8.826436044680348036e-01
-1.782198471002454099e-01
2.482996071025485862e-01
6.765255943346742962e-02
3.695197135437436886e-01
2.583275994015702404e-01
-4.341862552235404848e-01
4.845375273445166192e-02
-1.000000000000000000e+00
-1.160045270078042395e-01
4.067342479898813923e-01
4.070993313084315668e-01
-7.386755843340722105e-01
3.387521791115377656e-01
9.667659407100870350e-01
-2.114873592689507295e-02
5.225725953132186463e-01
-2.296559381800627186e-01
-3.920960089554583194e-01
6.352395252384803737e-01
-4.979357546108747340e-02
-7.807808708151052490e-02
1.000000000000000000e+00
1.000000000000000000e+00
-1.696840706228653906e-01
-7.520174666915407924e-01
-4.255126902039130243e-01
2.639726585478540666e-01
-7.966798455470104345e-01
-8.544182354544372915e-01
4.549904289819866610e-01
2.595988342859996689e-01
1.857890062457163982e-01
2.841831021701980986e-01
4.682735010895935357e-01
-1.260684973194019509e-01
-1.000000000000000000e+00
-1.260497432090355585e-01
-7.257912757852438279e-01
3.037342680627583280e-01
7.597513120705555734e-01
3.503136948679414497e-01
6.649984720791508597e-01
4.078481881088305561e-01
6.836769916649421130e-01
8.601014895537253957e-02
-6.739763482523623006e-01
-5.546155131886613132e-01
-4.653085654754507972e-01
6.967308326971362320e-02
1.020143032771025776e-01
4.942427522063568834e-01
4.426719774229193050e-01
3.607490459583264641e-01
-3.406701704055393187e-01
-7.374313665593974498e-01
9.527881794673156435e-01
-4.461612131224149125e-01
4.283937844166130771e-01
-1.444728530116215215e-01
-6.064051657202164103e-01
-1.756322565995707685e-01
8.846342998143872371e-01
-1.492048237616129536e-01
2.024385041460546042e-01
-1.380250773380224671e-01
-7.807778152548017214e-01
3.330446243987593147e-01
-9.123626224585094091e-01
-1.000000000000000000e+00
-9.153060055762711755e-01
8.947353298286637724e-01
3.904212910862654984e-01
-1.901281406505637983e-01
1.054475349622055746e-01
-7.707826350811077809e-01
9.953283434217435888e-01
-4.268470016218197660e-01
-7.684830031691649577e-01
7.357966565275108062e-01
-5.556169681953997824e-02
-1.000000000000000000e+00
1.231373541077621647e-01
-2.971784190605291642e-01
-6.440797076268665045e-01
-8.128570369537969631e-01
-4.957304858675699588e-01
-1.346423448600301831e-01
2.231032198987128734e-01
-1.449479763603044036e-01
-2.468744984986480928e-01
2.467969176916529339e-01
2.503906743783678168e-01
-2.270336692374297360e-01
1.863238706955181734e-01
-5.057936826037274791e-01
4.530648522167610714e-01
-1.567826805795595746e-01
1.282605063763406772e-01
5.963384619535233577e-01
1.445305917451786548e-01
8.062229765069491849e-01
-2.177544668302715813e-01
1.240710251944669856e-01
-7.706126611677205362e-02
8.725583454281462537e-01
-7.199428781409640266e-01
4.788471653689845287e-01
5.535818326945863843e-01
-7.421292158715581122e-01
4.226982542304941748e-01
4.691368909302686130e-01
6.818301987894067606e-01
4.853191893485064856e-01
1.000000000000000000e+00
2.565466143099382479e-01
-6.476517494913064388e-01
-1.260388567749888000e-01
4.141458523475806119e-01
1.835378810605447011e-02
-6.143459734603693573e-02
-8.963622395992935088e-01
-2.428270116582441907e-01
3.249148222164562894e-01
1.163711785238938506e-01
-7.930256726292056468e-01
-1.000000000000000000e+00
-4.825596529497844789e-01
1.665760712435923330e-01
-8.144112817288329254e-02
-2.087270815202661722e-01
-7.258342425138214482e-02
8.190895946292201524e-01
9.859084186102594627e-01
-8.455505080242106120e-01
7.226751026430653368e-01
-1.548415267634103698e-01
5.398499316345829468e-01
5.320543925183403300e-02
-4.952535351076039483e-01
3.541934292039096155e-01
7.444090131412271251e-03
-1.464774765331932349e-01
-3.241541057960597438e-01
-9.914037319618265176e-01
-6.993223835261568322e-01
-1.975387033834447303e-01
-1.000000000000000000e+00
-1.922225011516710269e-01
2.642336453148454445e-01
-1.000000000000000000e+00
-4.772329792068953636e-02
4.484612537133215171e-01
6.728913988806195512e-01
5.307298882622345504e-01
3.495372355288187127e-01
1.000000000000000000e+00
9.996677039512177343e-01
2.709370731191145243e-01
6.331083436060349623e-01
-9.427224993789202756e-01
-7.992590171715538983e-01
7.896151266003683666e-01
6.755635209898898097e-01
-3.115632528765908127e-01
-2.042346290764308625e-01
-3.805712161209803268e-01
3.103931659058853931e-01
-2.783372491338627075e-01
2.687491307149730280e-01
