-7.688035092178061580e-01
7.177887995553623446e-01
-1.000000000000000000e+00
-6.518607437777079738e-01
-4.015939785351610447e-01
6.851224995241134152e-02
2.960359233343560770e-01
7.341373521270797564e-01
-9.702784843579129737e-01
1.000000000000000000e+00
-1.000000000000000000e+00
3.528976145093323802e-01
1.000000000000000000e+00
2.054311748849688701e-01
-3.956265140808184477e-01
-7.756444319338262616e-01
5.747418899195821940e-01
2.550001231049700001e-01
-4.347489105219614069e-01
-9.012697282352237771e-01
9.072950344188444038e-01
6.747401893823061769e-01
1.000000000000000000e+00
1.000000000000000000e+00
1.000000000000000000e+00
1.000000000000000000e+00
-2.647829346344484636e-01
-7.283431069546338898e-01
8.969691266614027159e-01
-5.181267586845679229e-01
8.367458517652091032e-01
-1.267154484452173158e-01
1.000000000000000000e+00
1.192736246612058765e-01
-1.000000000000000000e+00
-1.000000000000000000e+00
1.000000000000000000e+00
9.254365261684396327e-01
-1.000000000000000000e+00
-1.864148315200988559e-01
-1.000000000000000000e+00
-9.749356871562913085e-01
5.226170940949670385e-01
1.000000000000000000e+00
2.615485078107946393e-01
1.000000000000000000e+00
3.648925997282070899e-02
-1.000000000000000000e+00
1.000000000000000000e+00
6.577788632391645685e-02
-9.914029315625079164e-01
2.615485078107946393e-01
1.000000000000000000e+00
-1.000000000000000000e+00
2.288262288553885304e-01
9.437582445079969462e-01
-1.000000000000000000e+00
1.000000000000000000e+00
1.000000000000000000e+00
6.416096385898237831e-01
7.038482193131977427e-01
9.816743916464528708e-01
-1.000000000000000000e+00
8.284742938888314256e-01
-7.305385934840777917e-01
-5.649406172367981149e-01
5.234250558258757291e-02
-5.158014352322409790e-01
2.780598809495482548e-01
6.813496852878405674e-01
3.234971517121414397e-01
-8.653101259631292841e-01
1.000000000000000000e+00
-3.466001508609617421e-01
-1.000000000000000000e+00
-2.915514808684371850e-01
-1.000000000000000000e+00
1.000000000000000000e+00
1.596808405114008567e-01
6.628590466532586767e-01
-9.924246226543617100e-01
6.588880326262436249e-02
-5.359941138244563863e-01
-1.000000000000000000e+00
-4.918306307824064083e-01
-8.096476887993933058e-01
8.320996843538625010e-01
-9.019921577126066570e-01
-2.921714202553651885e-01
-7.327868905212862050e-01
3.448813697476568185e-01
-1.651755941325988575e-01
9.623430438367204243e-01
4.052550288630732966e-01
-5.601675661408280771e-01
-1.000000000000000000e+00
6.726736058652889039e-01
6.746143486229203567e-01
-1.669927002512894276e-03
-9.810842668417325552e-01
-5.150513788992623354e-01
2.615485078107946393e-01
-2.087516321811799802e-02
2.395417799336707620e-02
-6.905101242342799317e-01
-3.388405192814082367e-01
8.940207513970054309e-01
8.964068204367765524e-01
-5.713054234708377921e-01
1.000000000000000000e+00
1.000000000000000000e+00
1.000000000000000000e+00
9.808148958531971440e-01
8.394668875618374049e-01
-2.615485078107946393e-01
6.726736058652889039e-01
-7.403548451808201758e-01
-1.000000000000000000e+00
-1.000000000000000000e+00
-1.000000000000000000e+00
-5.198256446297513378e-01
6.124193433926174990e-01
4.085402929166443986e-01
-3.157372287347359752e-01
5.765967190348381122e-01
2.303189992631793359e-03
1.000000000000000000e+00
-2.126460567419001524e-01
6.758563574930409601e-01
-8.714881010083690427e-01
5.411646589262419926e-01
7.614241085980419932e-01
1.000000000000000000e+00
1.000000000000000000e+00
-1.000000000000000000e+00
-9.486636352719240994e-01
8.707297979880599392e-01
-5.402560377989670259e-01
3.675277564137890973e-01
1.000000000000000000e+00
-2.802459020620398089e-01
-9.896558963319600499e-01
4.830732375535135015e-01
7.571548028228991534e-01
-6.577788632391645685e-02
-4.776108084389616981e-01
-4.161620401840410155e-01
8.164049498058469911e-01
9.717590054471603178e-01
1.000000000000000000e+00
-4.100929018247224667e-01
-1.522798234692448460e-01
-2.799319244578550858e-01
6.577788632391645685e-02
1.000000000000000000e+00
-7.937912715809467556e-01
6.799274912473460830e-01
-7.686467082802982409e-01
1.000000000000000000e+00
-6.306193106834712125e-02
9.036004195570679354e-01
1.000000000000000000e+00
9.559727733796630211e-01
-4.963143772873862547e-01
-1.000000000000000000e+00
-1.867278899245766732e-01
9.992629955958841625e-01
-5.173697879922042331e-01
-7.706731143019162067e-01
1.000000000000000000e+00
7.994179470184537006e-01
-1.000000000000000000e+00
-1.000000000000000000e+00
-2.035456479716378497e-01
1.110760327099551414e-01
-1.460433418188731292e-01
8.337945717790886668e-01
-1.000000000000000000e+00
1.000000000000000000e+00
-1.195453282949340279e-01
-2.733394086356623065e-01
-6.818656582794240251e-01
7.238847884786092646e-01
6.577788632391645685e-02
-7.132991257134531082e-01
-6.726736058652889039e-01
-9.468423671320372881e-01
1.000000000000000000e+00
9.811253956663115172e-01
1.000000000000000000e+00
9.330219462968776245e-01
-7.324246821863279466e-01
6.675263096362381576e-01
1.626248676842688701e-01
-6.185472185655672694e-01
-1.000000000000000000e+00
-1.000000000000000000e+00
1.918637089727971423e-01
-3.172810323861851023e-01
1.000000000000000000e+00
1.000000000000000000e+00
-8.977311969643917422e-01
-2.300012023372044467e-02
9.765472326695301408e-01
1.000000000000000000e+00
-4.826683612004701307e-01
5.702193594374138641e-01
7.848107193817355220e-01
8.539041682007147971e-01
-8.189587168475425116e-01
-8.585981256305847964e-01
9.969152992705355709e-01
8.013683494911508776e-01
9.293404649595859990e-01
9.269291416535893058e-01
9.624944368186270083e-01
-4.751704813993355980e-01
-6.186678628831043802e-02
1.000000000000000000e+00
9.122418559820206774e-01
-7.950772106684382834e-01
-7.541728872383864912e-01
-1.000000000000000000e+00
-1.000000000000000000e+00
-9.976340157346808013e-01
-1.000000000000000000e+00
-7.442504095389858021e-01
1.000000000000000000e+00
-9.997345752659929641e-01
-1.000000000000000000e+00
-9.512171362333189384e-01
-8.616473185404212032e-01
-4.765108640035278231e-01
4.043268290563238887e-01
1.000000000000000000e+00
-7.795555810412591047e-01
2.824843838185823186e-01
9.884708246341387117e-01
9.163817117701856807e-01
-5.188076947239129710e-01
8.052544610321907825e-01
-3.219892416357643672e-01
7.721894200528485186e-01
3.183118813643468492e-01
2.996675539248553344e-01
-1.000000000000000000e+00
8.739236549763902406e-01
6.795207097848539046e-01
1.000000000000000000e+00
-1.000000000000000000e+00
-7.009768490467920277e-01
-4.015174169255947279e-01
1.000000000000000000e+00
-1.000000000000000000e+00
-8.338540758942130093e-01
8.940207513970054309e-01
-1.000000000000000000e+00
8.588800502157719619e-01
4.497897807961845906e-01
-5.770334376602491711e-01
-8.940207513970054309e-01
7.778293587996385483e-01
7.058533196640442986e-02
5.972664127853847260e-01
8.857256584394380683e-01
