-1.886783426459335000e-01
1.495399134259705054e-01
-2.158872773950598623e-01
-4.126354556457471623e-01
6.665322834878684155e-01
-5.860861809144674028e-02
3.441469765461140362e-01
2.616981967592868497e-02
4.453573130853153428e-01
8.095735676944568748e-01
1.593453885030571837e-01
2.869674093636178647e-01
1.035802498945721378e-01
-6.940522309411052415e-01
2.313230000322910318e-01
-1.239784267261514472e-01
-2.681814235916306632e-01
-2.796066601169834298e-01
7.373171720169108267e-01
-3.369240632061705210e-01
-3.111276373966396225e-01
4.494275107387134538e-01
2.156293597246723426e-01
2.520491642874537197e-01
-6.155394738716163383e-02
-9.365624522178439548e-02
-5.507032949716369474e-01
-1.340442891356259936e-01
8.999587487910226669e-01
-2.338768506535748859e-01
-2.992327585836722648e-01
1.621968261929137567e-01
-6.737829913767341417e-01
-1.218113459547142119e-01
3.515599153891606488e-01
-2.411045461169841753e-01
1.482583867704254099e-01
4.876108364053102773e-01
-3.132187353324917822e-01
-8.650485106411563985e-01
-6.052962158174879370e-01
3.230561513361128734e-01
-1.167811826505757433e-01
7.760075802873855899e-01
-4.374190492587558543e-01
1.511820020950952193e-01
-4.870517559629471416e-01
-1.299417868843234514e-01
3.376387898701613821e-01
6.873911049002318085e-02
-1.418828716091092290e-01
4.479347817053755954e-01
1.735925454110114341e-01
-2.753192100737599235e-01
-1.884374988480738145e-01
-2.613817398757429800e-01
1.554643058873897143e-01
-2.642855450108377302e-01
-2.600193765503680532e-01
3.233585463248882519e-01
6.849863362034576131e-01
3.602388889746893086e-01
5.068742166831909923e-01
-7.745356230732666214e-01
-6.658138147403853679e-01
7.862407442188719120e-01
6.438227553484872079e-01
-5.174982455835647199e-01
2.335005422380642126e-01
3.853314444979068221e-02
-3.756336785536851242e-02
5.697270522278339300e-01
-2.731163530807098061e-01
6.166162549092950584e-01
1.204317967225949082e-01
3.986237774119011923e-01
-2.956336051253952713e-01
1.522735342197888420e-01
3.645336128667955311e-01
2.563881348529138959e-01
-6.187049835908449147e-01
3.693774200135321872e-02
3.536709279926859573e-01
-7.080353014749674045e-01
-1.050326780880660449e-01
3.581051110241054714e-01
-4.799294085050186953e-01
-5.694732015142678350e-01
-2.727460417940901771e-01
-9.818113741682306106e-01
-3.323138246928257766e-01
-3.103315531045437448e-01
-3.577133626824385293e-01
3.489269290704601900e-01
-4.576725174264045792e-01
6.051453620570916847e-01
5.776660201397971761e-01
-6.931129088338061628e-02
-2.844489019101102967e-01
-1.204277372541037450e-01
9.600008182400858736e-01
-6.994951909834312698e-01
1.338151522753612266e-01
-3.368747067108390780e-01
-3.816039755881381890e-01
7.156862128993038974e-01
2.915163211609143046e-01
-3.741611656178595591e-01
2.281616278795539909e-01
2.030512047992328317e-01
2.788549265861806625e-01
3.661054215624518493e-01
9.331445418944736003e-01
1.000000000000000000e+00
2.529896073828283298e-01
3.021294010500833460e-01
-5.388489858240643748e-01
1.904465038572511482e-01
4.362446042127588464e-01
-3.439159896609024214e-01
-4.419702673954374328e-01
1.821775259843029238e-01
-5.269629388945622495e-01
4.200313153102413488e-01
-2.060661473988684989e-01
-4.203243526336928881e-01
8.610834939216425177e-01
-3.674562820134618102e-01
-1.000000000000000000e+00
-2.181563971849768968e-01
-4.925910918459364130e-02
2.216949234142036040e-01
6.429399838752729579e-01
-2.588776923716625267e-01
6.205091373492497286e-01
-3.987308601497763227e-01
5.498113330518706876e-01
8.328833924223212615e-02
-6.294599214231668682e-01
-2.567675440338691439e-01
-1.683626406703498946e-01
-2.159744758738301185e-01
-5.518951525622705079e-01
-9.611948057826140701e-01
-3.246696349671144288e-01
-4.794167803184921639e-01
9.036141673320988721e-01
-5.432253055895417404e-01
2.329447685206372798e-01
-8.836636426170074721e-02
-1.000000000000000000e+00
1.494379944096264623e-01
4.268771065774102369e-01
-1.000000000000000000e+00
4.933624176054430821e-01
-2.129955062539287125e-01
-6.596758289636543982e-01
3.114446825096637284e-01
-7.969600588206200431e-01
-1.712707324062850978e-01
-9.503528859307303067e-02
-4.498929849931089797e-01
1.251741612815843174e-02
-7.577049836983076325e-01
-1.901504602351485607e-01
1.086814587609177263e-01
5.693674315343364434e-01
-1.033473753067933459e-01
-7.764026940907824137e-02
1.007563060746385908e-02
-6.358988134969887351e-01
-2.807834161237071635e-01
-2.557224937441646695e-01
-1.586852066417567819e-01
6.540390444231442002e-02
3.936044091691163205e-01
1.620959728385548138e-01
-1.478290105068525567e-02
3.133784241548791538e-01
5.317265388511883684e-01
-9.332208355066690109e-01
1.731258928158568855e-01
-6.512011453201205224e-02
4.282811649485507299e-02
-1.103541780420896345e-01
3.154976606448429144e-01
-1.987409759434352607e-01
-2.891556946475597467e-01
-1.999486254856893408e-01
2.256224117917642880e-01
2.049066190545422717e-01
-4.094939104622402626e-02
2.471614742199206849e-01
2.988858068729888240e-01
-1.460316846787560463e-01
-5.424890733488891836e-01
-1.875045390310346449e-01
7.057275445679047632e-01
-3.717610804977129479e-01
6.030367921441905921e-01
-1.000000000000000000e+00
-5.299303119972127440e-01
-6.818327611607860606e-01
2.456956413657125360e-01
6.445554440256011652e-01
1.225812901594549031e-01
5.591772288443298544e-01
-1.333887622489998703e-01
-3.438458970374723700e-01
2.744377900490141409e-02
5.050947355484097789e-02
2.767958652145838250e-02
4.222747059401439906e-01
-1.042835268024754902e-01
-4.241580196535901792e-01
-6.907165456415119698e-01
-2.012682362373175715e-01
-2.968794872868366075e-01
-5.667243153712722137e-01
3.007828244507877447e-01
-2.476070684687837198e-01
1.272383650161967861e-01
3.654829784906366008e-01
6.773901889874831550e-01
-8.272028261207280408e-01
-8.391398470410618149e-01
3.944904608456948347e-01
-2.024909669376364629e-01
-2.358895639471091377e-01
2.040441818542373664e-01
-3.397361441288001549e-01
-4.304660251392723458e-01
1.745261085855849270e-01
-4.429229996758631271e-01
-1.029171363265782846e-01
1.756609347797646881e-01
1.407609095649842157e-01
1.701201389776651751e-01
6.990899789639937190e-02
4.344265582826152827e-01
-2.227800530482756669e-01
-5.139289547428950167e-01
5.538020330951876069e-01
-9.168692259628175023e-01
5.491959625050641947e-01
-5.631785570960858855e-01
-1.568310585043779792e-01
-5.155483389594173183e-02
6.107711531225934465e-01
6.988635037604191691e-01
1.449564967055951281e-01
-2.881459508439195294e-01
3.896424128591245983e-01
-8.755851583532092697e-02
-5.040531043471965233e-01
2.456577523760777870e-01
4.067321606701030934e-01
-4.556801393096702180e-01
3.616521233917033840e-01
-2.056560894700593112e-01
-9.638161070629447380e-02
-9.369715025157956956e-02
2.393373345755444581e-01
6.724776503478606671e-01
-1.580713692085676247e-01
