-2.389568814215737094e-02
5.945924042362417117e-01
6.677831819831963056e-01
5.110366324599155963e-01
1.362668901547373190e+00
-9.841112513919196836e-01
-8.200170449714720977e-01
-5.939418388376026536e-01
-9.899615128412903031e-01
-9.478986291675620679e-01
7.456734608142718823e-01
7.063653965404828039e-01
1.031286266813568719e+00
6.360080504524725509e-01
3.481521012071960852e-01
2.640229892581288929e-01
-7.269373611296221505e-01
9.486915799293477169e-03
-1.323975009585741103e-01
1.034902299938071479e+00
-1.000000000000000000e+00
9.910431610085518317e-01
-6.530279189504187842e-01
-5.955804553213472907e-01
1.230917493869555956e+00
4.444173611812060054e-01
-6.772676990113217776e-01
1.705861180106104658e-01
-1.377502736627300717e+00
3.652911660429454255e-01
1.000000000000000000e+00
1.250717708274076689e-01
1.009139053226143057e+00
-1.000000000000000000e+00
-8.097718308753097949e-01
-7.788992008445033699e-01
-8.230140776007600634e-01
1.130717135045045785e+00
-7.650070529537048580e-01
-1.574068351491315909e-01
1.015468216803336876e+00
2.983387438009438286e-01
6.934833869500369730e-01
1.281426465679474269e+00
5.081777641843282511e-01
-8.500297071632698653e-01
-1.051230124958167478e+00
9.975403348049357577e-01
4.137725388018154149e-03
8.763253760774120105e-01
2.680754607016508362e-01
-1.108037521177238860e+00
4.478761649359930264e-01
-1.003737478389297832e+00
-3.997339247414923302e-01
6.054019996400584747e-01
5.474888331094474037e-01
-1.396369346817127877e+00
-1.664409804026670270e-02
5.113100826949865674e-01
7.146309894886181402e-01
-1.007612979556513411e+00
-9.233334637580686843e-01
1.043823071123924917e+00
-4.323342362097092328e-01
-9.897582012540026009e-01
9.525417359010811547e-01
-9.535139343787463195e-01
3.898307388541365492e-01
-5.309762544868615874e-01
-7.525330683428953504e-01
3.738881997616732011e-01
5.546909382242728309e-02
-3.481587093116930154e-01
3.332429735338369725e-01
-1.254410333585908255e+00
5.272028634651370060e-01
-9.421847843455591898e-01
7.913288861835580112e-01
-9.715389716737603543e-01
-5.833818962760166649e-01
-6.099259693140480776e-01
-1.215602349492679979e+00
4.397766258834149844e-01
1.055794861062416379e+00
-1.118972272906362697e+00
-2.130150611668817362e-01
-8.645151199325789015e-01
1.000000000000000000e+00
-9.783852608800065465e-01
-3.902644984576585374e-01
-9.219235387985339480e-01
1.165560829914706054e-01
5.809121555061450559e-01
8.695472796131697990e-01
7.254020293454521706e-02
-9.643167351473402871e-01
2.373178579812574018e-01
8.642672098405522751e-01
-8.942507556344189146e-01
-7.610689371037938633e-01
5.358900708914403621e-01
-1.193763884602029757e+00
7.628025806329082892e-01
1.125467238816094229e+00
1.124239001515151104e+00
1.634196140771218553e-01
-2.382800473470273739e-01
-2.859300806414652452e-01
9.176608671281692997e-01
9.268936577500835883e-01
4.429439418970519682e-02
1.149238907482307726e+00
-1.389464761627532852e+00
-2.492774381716671428e-01
1.173376945777644176e+00
-1.524777905686729995e-01
-1.000000000000000000e+00
2.714632756062478336e-01
1.000000000000000000e+00
-2.951245514064470554e-01
1.201080915337193966e+00
-8.592672075720391156e-01
-8.502775749759543533e-01
-8.954917406138097613e-01
-7.570723418357514500e-01
4.624045835864747378e-01
-7.327182474571667381e-01
-1.092039057397645285e+00
-9.337631842823197470e-01
7.855150492722027256e-01
-2.031792889414540115e-01
-1.000000000000000000e+00
-2.047529793268361709e-01
1.000000000000000000e+00
1.057741728453005653e-01
8.847636325675704017e-01
-8.532738637927055336e-01
-1.327875732541461185e+00
1.114682626541107391e+00
2.273894562077751202e-01
-4.464525613375188717e-01
1.000000000000000000e+00
-1.035169474496223208e+00
7.960164779213640962e-02
-9.658489851557146011e-01
9.577391467234115385e-01
-2.498142158375706301e-01
4.068969157052981789e-01
4.000815639102325849e-01
9.771793391776673054e-01
2.086360372648073946e-01
-2.425006558723126648e+00
-4.792789870653692552e-01
-1.068149366722385835e-01
-1.000000000000000000e+00
7.090774482718356642e-02
5.001450596595428122e-01
1.552980405303052425e-01
-1.126478902082995281e+00
-8.413245572666034899e-01
-1.000000000000000000e+00
-1.855252940961966412e-01
-8.574471735875828227e-01
-7.229166967243124686e-01
7.146601958572234015e-01
3.538338079003501835e-01
1.020450101624583938e+00
-2.689973993858751911e-01
3.115550446491873737e-01
1.357569258478385776e-01
1.990291969312749654e-01
2.368361172988261709e-01
-5.417968082200858015e-01
-8.340990543462920015e-02
6.068644672881486901e-01
1.000000000000000000e+00
-2.618762208914619194e+00
7.043868168619262793e-01
3.984641515161675973e-01
-1.000021248639113569e+00
-7.085681363724849469e-01
5.393260248646101207e-01
-3.005011820457083038e-01
-5.819489502285289939e-01
-1.365955021955426840e+00
-1.524805563847774881e+00
-6.438938066235795621e-02
2.887341534512744556e-01
-7.777143800553767417e-01
-7.242737917891330923e-01
1.572622663245139218e+00
5.380807865107113397e-01
5.130149049347033641e-01
2.927683074670120456e-01
9.458692472686758279e-01
-1.703959843518105810e+00
8.314106984678982792e-01
6.962132655015536020e-01
-1.000000000000000000e+00
1.000000000000000000e+00
3.471868346618089962e-01
4.498137509316171845e-01
-7.681838888211200977e-01
5.901592496966239221e-01
-9.444523957982332574e-01
-2.555977072625915114e-01
-2.918457561958900937e-02
-8.977469351624692839e-01
8.326248304998866701e-01
2.204780028899462965e-02
2.705913249861421344e-01
3.221428029339381549e-01
1.166617431091337309e+00
-1.245693355758022092e+00
1.095982633268861584e+00
1.000000000000000000e+00
3.548415179738080294e-01
1.000000000000000000e+00
4.588713517310873957e-01
6.735500478170723948e-01
-4.741327163619536433e-01
1.482715653870129158e-01
1.021770182949590433e+00
-7.059078022903020333e-01
-1.053812194263911817e+00
5.286903201089873106e-01
5.923576778562337219e-01
7.577478765192178223e-01
2.801340842897669797e-02
1.625442376604859518e-01
1.000000000000000000e+00
-6.514016209742996555e-01
-5.730087588313199642e-01
9.929422552867225304e-01
-1.124221234758418619e+00
-1.000000000000000000e+00
1.000000000000000000e+00
1.000000000000000000e+00
-8.457031145494701141e-01
-9.303950346760775370e-02
-1.366619862522129747e+00
-1.674568956246810514e-01
-7.798636568583925399e-01
-3.499308623598425538e-01
1.080060152050244415e+00
4.772139396127142441e-01
7.528636632889549318e-01
8.736937178230368140e-02
-4.672126511721075293e-01
8.948602900835724849e-01
4.930865962769376276e-01
5.063110074864373145e-01
7.220199063591682398e-01
1.706318587344929361e-01
-1.099230797917390978e+00
-8.165892282668094637e-01
5.851398231736207878e-01
-9.551513254316829071e-01
-7.731290561712821363e-01
8.554056790047213088e-01
1.351046855027458748e-01
1.123829480701215022e+00
1.096670363037296259e+00
-6.326584701191220184e-01
