1.558992528768067543e-02
1.000000000000000000e+00
-9.950387223361319977e-01
7.455824751057501532e-01
-5.749633562098006578e-01
8.091358142853383173e-01
-1.000000000000000000e+00
-4.331576952040354644e-01
-9.732511098003476802e-01
-1.000000000000000000e+00
-2.651602160465687530e-01
4.401766648921814906e-02
3.828547902574965245e-01
-2.071361841768365464e-02
-9.982719226566314497e-01
-5.220521482187395756e-01
-2.437216600525317911e-01
-5.616946901043500251e-01
-3.645367376394752501e-01
2.328314127345763873e-01
-6.933031282457127742e-02
-6.614914370105305919e-01
7.708660330511049041e-01
-9.720903082940743900e-01
1.000000000000000000e+00
5.879259288643634562e-03
-4.663780268240487747e-01
-2.502680889525608077e-01
9.236019441799014906e-01
-9.810268978855527511e-01
6.445387508993400960e-01
3.382707801477616294e-01
8.984415840920433327e-01
8.995662074367338779e-02
-1.000000000000000000e+00
-7.680436264742493968e-01
9.990465803356963770e-01
-1.754897609743608089e-03
-2.834000995114588362e-01
1.289857790738687671e-01
-4.910684571788844210e-01
-7.544481214664107149e-01
6.746021934317129043e-01
8.865282733086881084e-01
-4.336955160695857847e-01
-1.170885654479941335e-01
-7.332075485904324674e-01
1.000000000000000000e+00
4.841233697593277929e-01
-7.712025861506689450e-01
-8.182515308078016636e-01
-1.030763462406894537e-01
5.743255014763807287e-01
-8.291928495863691850e-01
-7.699584632041477084e-02
5.783742345850942934e-01
-1.000000000000000000e+00
9.076456083332369307e-01
-9.862079089915801733e-01
7.990950954541178319e-01
5.459101125385377173e-01
3.876905940364028247e-01
-5.490933342486424840e-01
-4.116929581132726668e-01
8.060909505693024668e-01
-9.218313365622822497e-02
6.124016940534820347e-02
-1.367543112322466281e-01
-8.859147981325606880e-01
-8.075300271596962398e-01
7.197934678375955686e-01
-1.386207290752391186e-01
-8.734779904396252626e-01
9.224055201047107744e-01
3.735005118467842888e-01
7.246489909979123567e-01
7.831360358537844402e-01
-9.406786023132889252e-01
-1.000000000000000000e+00
1.000000000000000000e+00
-8.242826504320824310e-02
6.550935853324659774e-01
-9.987405735279025754e-01
-2.459901099781689471e-01
2.386038847971058696e-01
-9.594441533292914492e-01
2.901229351273134083e-01
1.000000000000000000e+00
-2.442897120480952422e-01
-1.000000000000000000e+00
-9.357546069813830192e-01
5.581618771201491969e-01
-3.253379055601635095e-01
9.937784874021698966e-01
4.119519235839251281e-01
1.000000000000000000e+00
-4.382300851364644423e-01
-7.607464205734617568e-01
3.585772728341793392e-01
-9.311029249211919545e-01
-1.000000000000000000e+00
-6.985826952171247939e-01
-6.224325677529281009e-01
7.046362957705711860e-01
1.000000000000000000e+00
9.235785496261976757e-01
3.041364645723594606e-02
1.000000000000000000e+00
-3.705062786164451949e-01
-6.571333699710503184e-01
8.623767213333662918e-01
-8.192280043800316269e-01
-6.966395635766388095e-01
2.182125858637443683e-01
4.104372410976096508e-01
1.000000000000000000e+00
-1.800503177592646942e-01
5.174278627377000284e-01
-7.157883330772074615e-02
6.885210937461613279e-01
1.698800059714838107e-01
8.734779904396252626e-01
-4.441524495923191429e-01
1.000000000000000000e+00
3.583125812718237491e-01
-6.913242046146562680e-01
2.476961956122455955e-02
-1.000000000000000000e+00
-1.000000000000000000e+00
4.350282900702793776e-01
8.734779904396252626e-01
8.822299259405185223e-01
-2.189504861576624939e-01
-5.953474716058413385e-01
2.862947882965867219e-01
1.000000000000000000e+00
6.635415885550088877e-01
-1.000000000000000000e+00
3.848408765571408041e-02
-8.734779904396252626e-01
6.350474313451413000e-01
-1.000000000000000000e+00
-6.328970127182567129e-01
5.643418303601026587e-01
1.000000000000000000e+00
-8.088520534729939371e-01
9.068314080212294126e-01
-6.721528552700086756e-01
7.297075815248355024e-01
-7.702110422678123403e-01
-9.165436130696358319e-02
4.008578495014179510e-01
5.591361315598090131e-01
5.868495290494060157e-01
-1.432790296356494797e-01
6.123773392820428541e-01
-2.817125149684094887e-01
-6.117918504482191544e-01
-6.543976475969552620e-02
-8.734779904396252626e-01
2.686292202280662900e-02
-8.665272463956873450e-01
7.682669158141560706e-01
-4.801850070494517175e-01
2.673736807581276187e-01
6.310109012404694351e-01
-5.445174266342727165e-01
1.174181710952601487e-02
-2.398850687845583973e-01
-8.946876989668377522e-01
2.165222603432682275e-02
6.719527112368675059e-01
-9.824237504644385277e-01
-8.458465777027815991e-01
-4.493651166456147372e-01
5.185658146702373239e-01
7.907957651217003558e-01
7.527027854527458262e-01
-3.593689826682648913e-01
2.345120264996076176e-01
-1.000000000000000000e+00
-1.477855796934433585e-01
-6.527430158987580500e-01
-4.570254992015186923e-01
-8.734779904396252626e-01
-3.793005804934219127e-01
-5.072874137042290288e-01
-3.671604150935776634e-01
-6.360247707131015948e-01
9.836106041898734498e-01
-2.426150471294379052e-01
-1.000000000000000000e+00
-4.706610551534254339e-01
-9.173358539197045136e-01
-9.550283402958943402e-01
-6.791648273051590357e-01
-3.380587328668581693e-01
-4.532136428576704623e-01
6.219861367021529697e-01
-2.894898907093351736e-01
-4.669494391831512381e-01
-6.907781021262433541e-01
9.178740539656206066e-01
-8.862958727166962980e-01
-1.931125395568805136e-01
-7.710285769500481168e-01
2.602296530690902943e-01
2.619758807692290081e-01
9.070950551143659446e-01
3.095849780731802503e-01
4.064532007153168758e-01
-8.540267947649706759e-01
9.975639682262544827e-01
-3.786119087914416315e-02
4.286312344262812601e-01
-7.806860184694127680e-01
5.683721350543419204e-01
-2.146269600417717305e-01
-1.000000000000000000e+00
6.037544111459771656e-01
-9.246273396681927714e-01
-9.236601458637625495e-01
2.964060810326611950e-01
-1.862916405487586857e-01
-1.000000000000000000e+00
1.911636865578290045e-01
6.596060712591413910e-01
3.585196422431581320e-01
9.699173218194677704e-01
-7.859027506547701103e-01
-7.249352868822388496e-01
-9.872652666170501634e-01
5.521776937276202668e-01
1.000000000000000000e+00
5.437892542121776085e-01
-3.800750829731561753e-01
4.726019747246926195e-01
1.975440485482831132e-01
-2.284518356530509386e-01
-7.044408406566869951e-01
-4.633045754587014620e-01
-9.108072801341254854e-01
8.764623903924310122e-01
4.397392868811884070e-01
-2.946271534720306673e-01
7.977077686607413343e-01
5.645580116699729784e-02
-6.937124514468142600e-01
7.396975289758602745e-01
1.104047519443479841e-01
-8.253305311602913141e-01
9.394332549182439207e-01
2.015128137192861435e-01
-6.981542329997808549e-02
7.186125526570770194e-01
-9.701001510389898330e-01
6.312034139280499057e-01
8.182860892806188557e-01
3.412500948424830316e-01
3.227928342456546362e-01
5.199227624721129981e-01
-1.000000000000000000e+00
6.581916889184817876e-01
7.514160921201723520e-02
-1.000000000000000000e+00
