-1.000000000000000000e+00
-1.810881999053187419e-01
-2.680421451563272939e-01
4.657336568452146719e-01
3.793634704504436628e-01
6.577898534928754148e-02
6.429781308140980478e-01
-1.487059589124528625e-01
1.710558599634615096e-01
-2.375538774722680824e-01
1.000000000000000000e+00
-1.000000000000000000e+00
4.864403870677469488e-01
4.799941471757107614e-03
2.640897024070981147e-01
-4.158997338505777686e-01
-1.000000000000000000e+00
2.383323610256689040e-01
-3.931642563717239192e-01
1.000000000000000000e+00
4.738598530254665153e-01
7.285101755684597613e-01
8.781044443696268686e-01
3.999586842512556917e-01
1.000000000000000000e+00
-1.968683822318559318e-01
-2.098762596739511821e-01
6.867355055394446239e-01
1.709512791372771456e-01
-3.259117992014369802e-01
-1.119308866839720251e-02
9.100790285721499506e-01
4.151912294594936603e-01
4.285310482299734547e-01
4.308977808990732683e-01
1.000000000000000000e+00
-3.964420712103530198e-01
-9.305049586559258623e-01
5.177057421931754444e-01
7.275534980642023308e-02
-8.998598342652504023e-01
9.560160171011904406e-01
-6.413124086712547189e-01
-9.241794904839694125e-01
1.000000000000000000e+00
-6.281050527078181622e-02
5.994135065562424813e-01
2.419099951101295609e-01
-6.482482334999755125e-01
-5.173558152660785447e-01
-1.000000000000000000e+00
4.161324697973634024e-01
-1.897726879638650110e-01
-1.000000000000000000e+00
2.598228218564065939e-01
6.900043328408056453e-01
2.637103130201837176e-01
-5.041825534671349196e-01
-2.222482727569938254e-01
4.860123676973832629e-01
8.997798364009822469e-01
2.523530814785257537e-01
-1.376243191409813327e-01
4.317199242700079376e-01
7.936077237307243015e-01
1.083233598122547436e-03
-7.227330374844602723e-01
-8.114456590023371163e-01
9.777225064418541001e-01
4.876289072427223426e-01
1.771140097642064370e-01
-9.394912280104376068e-01
-1.600579892427634043e-01
-3.944219375687051388e-01
-3.318861079177842788e-01
-6.011262051353857272e-01
-1.958877357876644687e-01
1.146413075593251396e-01
-9.317991904885356003e-02
-3.452994021930245738e-01
1.995678851059281833e-01
3.147085415705759281e-01
-6.976411564919908770e-01
1.000000000000000000e+00
-7.396100944829772095e-01
-3.565839188572257346e-01
-1.493857436413615902e-01
-2.196473311104768511e-01
-6.014658198527490507e-01
8.522555336401766990e-01
-6.911549120288889014e-01
-2.474451364379410823e-01
-1.000000000000000000e+00
-6.985228572202554220e-01
1.455514649231990365e-01
1.000000000000000000e+00
-1.000000000000000000e+00
-2.965634386227750108e-01
1.000000000000000000e+00
-4.585909607367800733e-01
1.031522530568402818e-01
3.229909230560566447e-01
-8.659529284672200511e-01
-6.534818970770100988e-01
5.139941781691810263e-01
-6.420111338922236399e-01
1.000000000000000000e+00
3.621468743487155084e-01
9.764470694763731362e-02
-9.829325155536658976e-01
-1.518621112343939150e-01
-5.006358862879474181e-01
7.596658251369942105e-01
-2.907320038575554322e-01
-3.290083797958021083e-01
-2.765003450380393857e-01
-1.069689858803075516e-01
-2.624808811554582011e-01
-2.942714852914496415e-01
5.956639352175400193e-01
-1.370384553237913305e-01
-5.224917023269001204e-01
1.000000000000000000e+00
-6.717716006085892033e-01
7.289673727418950477e-01
4.218607136806910851e-02
5.072000315850709873e-01
2.769427654500706826e-01
-1.000000000000000000e+00
4.255386044561657588e-01
3.682156128782071436e-01
-6.491217112885702134e-01
-2.909596892582003713e-01
-1.000000000000000000e+00
1.831400815748703351e-02
4.405198075526848278e-01
-3.683256328845522787e-01
-1.000000000000000000e+00
-3.539056104915340728e-01
-6.226320108061833558e-02
4.130556952381314595e-01
-4.681115870750114372e-01
-2.602794122028957713e-02
-2.904851050684432723e-01
-4.540617228510407943e-01
2.433638119180124848e-01
3.375436283395487624e-01
5.501264484292675006e-01
-4.527327192352137430e-02
7.526399931382218300e-01
8.406282208052529015e-01
-4.322405585186310795e-01
1.000000000000000000e+00
-4.882373841662520503e-02
-7.842853886814479814e-02
-9.497771199338376213e-01
6.313382709177900454e-01
-2.666553297807647271e-01
-1.000000000000000000e+00
-3.757255231147289543e-01
-1.000000000000000000e+00
4.117926967383644943e-01
4.986820900057475914e-01
-5.317204281526142218e-01
2.363997116583920269e-02
-3.698755774758208936e-01
-3.971427520784515108e-01
6.046555647210627438e-01
1.763132743138159375e-01
3.304507373232138945e-01
4.592673409206682322e-02
-9.791759302609901461e-01
5.187108405540736822e-01
7.386024457180933034e-01
7.007835627936741529e-01
-2.640807209432881053e-01
1.000000000000000000e+00
1.067275658669519789e-02
9.667904458256889599e-01
-7.592960078711508132e-02
-2.907049530508789559e-01
1.000000000000000000e+00
1.379780478243417818e-01
-3.659058010583630116e-01
-9.238071541350403870e-02
7.873785876541057327e-01
2.726957203263916107e-01
-1.000000000000000000e+00
2.824675399878796567e-01
-5.366215968081275989e-01
-7.900424687545750668e-01
-9.380954961717234974e-01
6.887435209420538218e-01
-2.428130804330102255e-01
3.321718134189173277e-01
-1.000000000000000000e+00
-7.515885916976959846e-01
3.047217439689909324e-01
-1.000000000000000000e+00
-6.042681245832344228e-01
-8.626849558630573789e-01
9.060513074657658983e-01
-2.265761422196084784e-01
3.378468357439694536e-01
-9.312786747661091491e-01
1.061674669087638856e-01
-4.453395586255307070e-01
-6.551304950569802887e-02
-9.642436874500635025e-01
-3.785424796980855766e-01
-6.587565346986720138e-01
3.347718612253390846e-01
9.676553870022186477e-01
9.917292682893436018e-02
-8.703736909457694682e-02
8.487470520904503157e-01
2.836396304685622760e-01
5.821919990436670300e-01
2.980942377043893088e-01
1.475464620972071622e-03
-3.590890737541209132e-01
-4.890814407713101053e-02
-1.066647867147102469e-02
7.547860349238310063e-01
-6.335090090414811081e-01
1.301797844110222924e-01
1.895575260790219874e-01
9.517210420427602013e-02
-3.125652691309799280e-02
7.955857534576065149e-01
-6.967791908554236135e-01
-2.714509776018107501e-01
5.998239411675774235e-01
-1.438832511704948858e-01
-9.855315599924530101e-03
5.390526448256277581e-02
-5.235407045373237089e-01
-1.933402029153526436e-01
2.125906447817578759e-01
-8.133634785513269572e-01
1.449740286415920620e-01
-1.000000000000000000e+00
3.795798103982896965e-01
-7.019910096328126903e-01
1.125156016394574660e-02
-1.996852212000700955e-01
6.909252883737793116e-01
-6.397668913020569947e-01
-1.021801364330527512e-02
-1.399397934721995085e-01
2.145006727791751722e-01
-1.649161832972645403e-01
-2.853346504690494889e-01
-1.000000000000000000e+00
1.000000000000000000e+00
-6.628061177503029588e-01
8.595310926200872004e-02
-1.948298148353840298e-01
4.909141306878005429e-01
-6.304943805029732395e-01
-1.698526526322075014e-03
-1.475832967939975093e-01
-9.358205709110264392e-01
-1.683048513884463637e-01
6.104521999764687124e-01
