-2.853507995532975072e-01
2.750009684482306871e-01
1.000000000000000000e+00
9.658710076091825414e-02
7.489038433088496260e-01
-6.495373152045076370e-01
9.370031270877005047e-01
-2.564647174593822632e-01
-1.000000000000000000e+00
1.830099094063182830e-01
-7.300936803771729267e-02
9.305547187658487207e-01
5.762984834460841421e-01
-5.782056389886325309e-02
4.341166291376568065e-01
-7.358558422647918373e-01
-5.259081847265181797e-02
1.414802465143882859e-01
-8.108019540082790355e-01
5.768289516929475669e-02
2.224423718407332884e-01
6.626779563714826349e-01
6.463502482573073582e-01
2.420636848693551169e-01
-3.262192834864869884e-01
5.561894049391220562e-01
-3.748031757191050417e-02
9.890979287995542713e-01
1.763600620083325687e-01
-8.852263586453166244e-01
-1.473142500318753711e-01
7.235490939872042393e-01
3.853309986745946381e-01
-4.574604988141861561e-02
2.627739169136601438e-01
-7.603665142924117548e-01
-2.689919342252376500e-01
-9.301419267495925070e-01
5.442146156317706485e-01
-1.286380537612510089e-01
-6.890555097053105982e-01
-3.578277251038408657e-02
-1.000000000000000000e+00
-4.383524736940454525e-01
-1.694329649107528257e-01
2.282484527640314675e-01
-8.028328924606361605e-01
8.913865859724490193e-02
-2.179244134759938945e-01
3.348905366314434140e-01
-2.525340222183556360e-01
8.549023376570095145e-01
-2.535723215556254795e-01
-8.047303849408622423e-01
-1.251192559586523645e-01
2.149972743990818391e-01
-9.013290178505433126e-01
-7.210564126203764523e-01
9.707127292839230759e-02
7.307081135938002792e-01
-5.313030430537316606e-01
-4.920328546869006114e-01
2.234256507073169584e-01
7.046579206554126618e-01
4.642338316654263108e-01
-8.065116000759147141e-01
-6.005480656870346712e-01
-4.096311211080629344e-01
3.834776270432806444e-01
-2.426752734802610223e-01
-4.456753068647992255e-01
5.119263845201088570e-01
5.199564465079542508e-02
-6.837980753902839215e-01
9.564041215764069737e-01
2.660354100994516413e-01
4.995108647167889604e-01
-4.106208427296265673e-01
3.117114032797719814e-01
7.006347175331781862e-01
1.825936940722885371e-01
5.484406690510050808e-01
3.198018887130220644e-01
5.406958179178229518e-01
-1.749099334192325550e-01
-9.976019413693336668e-01
-3.813428113699677269e-01
-4.616291165311320333e-01
-3.569032078901514526e-01
-7.488304950835289464e-02
4.824223659004980846e-02
7.208818322009410418e-01
4.847135751306744789e-01
-1.939630865539181681e-01
-1.810456270810875401e-01
6.066582967241702651e-01
-1.000000000000000000e+00
-4.299691453334264502e-01
-1.000000000000000000e+00
3.306318266348813317e-01
1.985178815057896118e-01
5.800974654078858705e-01
8.897708013307720210e-01
-1.562477936401558409e-01
5.069578409085305770e-01
-8.546316110635562291e-01
1.000000000000000000e+00
-5.985628071310947762e-01
-2.776243057618532073e-01
-8.295472075483841801e-01
5.996493351320442144e-01
-9.455593304125634035e-02
1.953654227636517082e-01
-3.714782916908131449e-01
1.993036570752004244e-01
-4.469197331581048482e-01
-9.184359818200948933e-01
3.058886135325591393e-01
-2.970925001422266565e-01
-8.459211149731862278e-01
3.647490765631912213e-01
-1.000000000000000000e+00
4.798783962170665163e-01
-7.459861331673157958e-02
7.276854547482025648e-02
-1.000000000000000000e+00
-1.000000000000000000e+00
1.000000000000000000e+00
8.509606631409403210e-01
-3.259558773633610546e-02
7.072087536670275398e-02
-8.805594128516733843e-01
-3.781801916844039768e-01
4.443737889550603559e-01
8.258633865196102208e-02
-5.379052668881515592e-02
2.267906264399706662e-01
4.405836643165080835e-01
-3.175435405217015283e-01
-8.087579750401825696e-02
4.838072268387736408e-01
4.607818586365489688e-01
3.615148510520393987e-01
-5.976240097394074358e-01
-1.000000000000000000e+00
5.706345620382777817e-01
3.605109258542817940e-01
6.919534771356138092e-02
8.295290057849663556e-01
-3.397512717541214533e-01
9.772634941778644002e-01
-6.803282193854454096e-03
8.804503278968588420e-01
8.214119416892690095e-01
-1.000000000000000000e+00
-7.726602963866996410e-02
-2.165623236284202058e-01
-3.921180188403033395e-01
3.056460388179149668e-02
7.192235198773229143e-01
8.204857255438734454e-01
2.439624448073656471e-01
-3.849856076350350320e-01
9.227851032091626271e-01
2.265385745843291054e-01
3.446432632463186652e-02
1.000000000000000000e+00
1.765377426465414845e-01
1.956460998767411696e-01
6.652831899677164040e-01
-8.236715942619817765e-01
4.703462467635680794e-02
4.914501268932230937e-02
8.272251243276770305e-01
-7.140306237006959211e-01
2.194414005239729293e-01
2.268701376310472417e-02
-4.850436404947143232e-01
-2.428647237770022727e-01
5.634309737225915438e-01
-1.281227396326632129e-01
-1.669674506945749426e-01
-1.995539065951096869e-01
1.411647064704668608e-02
9.002828667275786234e-02
1.218706380746514828e-01
3.744400564327353131e-01
-9.946960069870870447e-01
-9.327368023689265319e-01
1.414523827038989268e-01
-4.238150695980211768e-01
-9.947716604605648660e-01
8.363133614394238080e-01
-9.446971623382868222e-01
-1.735477282870416804e-01
-2.689247793747516768e-01
3.307403444499574241e-01
-8.708092027752162290e-02
9.562168909980726939e-02
-7.792017908028061601e-01
-9.903345082697800894e-02
1.271347995751928583e-01
4.570224457950431418e-01
6.714943814075726713e-01
-9.111910678711778733e-01
5.600181700242832378e-02
-3.316443754567887092e-01
1.000000000000000000e+00
-8.839755531397508470e-02
-4.635447402416570384e-02
-4.180424675861628137e-01
1.672155975259491667e-01
1.230711492506132432e-01
2.318981358172949037e-01
9.338909218738811191e-02
-4.834892899716429771e-01
-1.011112072424753539e-01
3.857995310706985315e-02
-6.367985422572373100e-01
-1.000000000000000000e+00
8.331536760948582421e-02
1.997504014681435180e-02
7.742046363411433374e-01
9.172882167718241497e-01
9.281890284018562420e-01
-1.510061870760914804e-02
2.694083849199842007e-01
2.370495615538045775e-02
4.729776728719109480e-01
7.529668794430532941e-01
-1.656307308101456766e-01
5.967997225885861567e-01
5.788627888137769517e-01
4.982678274163721555e-01
-3.619355295903670111e-02
8.945475889776024481e-01
-6.476994276470043888e-01
-4.187631630382093739e-01
1.635664785844571367e-01
1.214342163170108735e-01
-9.875055068876852360e-01
-7.067980061598269081e-01
5.261218428475795683e-01
6.655702694825512689e-01
-3.208448362492924422e-02
-2.973054166833101197e-01
-2.742196908990553461e-01
1.731938796786101908e-01
5.596970907987450783e-01
-4.712067692547385750e-02
-6.458884486732316965e-01
1.747423859243734112e-01
8.081489820947465597e-02
6.708300507753856001e-01
4.231025069245469838e-01
-4.191702152913663326e-01
5.050584298244390480e-01
5.224942869725097694e-01
1.595592925740943469e-01
-5.214630383777608957e-02
-9.038530880757866814e-01
-7.356796114173393963e-01
-1.054647216687885081e-01
2.197701924799769779e-01
3.219475439403284289e-01
