1.649732356543510969e-01
-9.731903704901092578e-01
-3.529062104791974019e-01
1.383227429368893979e-01
-1.000000000000000000e+00
-9.320687992812191069e-01
-5.187787031538382276e-01
1.826547479220724524e-01
8.024498504141559518e-01
2.981480973222221387e-01
4.445941789473069616e-01
-8.578077942839611447e-01
-4.336499413117887725e-02
4.989528781543964842e-01
-1.000000000000000000e+00
-7.576929032068969727e-01
3.737735042291987497e-01
-1.000000000000000000e+00
2.839368646981924593e-01
-4.270029949137885833e-02
-1.000000000000000000e+00
-9.736020425397078348e-01
-4.500292198904876639e-01
-4.622172452241856688e-01
-5.678197491629199956e-01
1.000000000000000000e+00
2.820918303483458400e-01
9.990904156384039503e-03
-6.533055341674998129e-01
3.154063826486239730e-01
-3.048342927461228924e-01
2.913679520091944641e-01
-5.833185279149768476e-01
-2.623699345080102163e-02
1.062175702559833290e-01
7.269677403394093629e-01
4.025404510611093611e-01
-7.625598394532810964e-01
2.964564438736976282e-01
-4.167103563357224538e-01
-1.467849902550087404e-01
-6.436014185034839574e-01
1.491493982198933144e-01
9.584423955706938836e-01
8.322079416058554280e-01
-2.640584836571558958e-01
-2.019151410643553191e-01
-3.050121510324431684e-01
-5.195876700432107143e-01
3.141906229819984575e-01
8.512157050848743189e-01
7.612398199550968192e-01
2.204901538120485616e-01
-1.959672784269690660e-01
4.706202470382734315e-01
-1.302552146933760868e-01
-1.000000000000000000e+00
-4.208703003656458774e-01
8.184003462712577948e-01
-2.854443589009962867e-01
2.321605606115434151e-01
8.479547146741153729e-02
-2.518782741631488964e-01
-3.709440494018010348e-01
1.000000000000000000e+00
2.983599203380138398e-01
-1.694879879183786020e-01
-8.101003118418725890e-01
-1.000000000000000000e+00
1.887113565845739138e-01
-5.093909692924140087e-01
3.990506156656953296e-02
-1.511202562059494464e-02
-1.000000000000000000e+00
8.613787340087408761e-02
2.646587627170867707e-01
4.825107826047153603e-02
-1.000000000000000000e+00
-1.681859215384211015e-01
1.000000000000000000e+00
1.588160809419879860e-01
3.445309966451395312e-01
-1.000000000000000000e+00
-5.792710483700024005e-02
7.624029304242943006e-01
1.777770897454435117e-02
2.017266300339119467e-01
-6.324895097316596271e-01
-1.000000000000000000e+00
-1.000000000000000000e+00
-2.325667474742081076e-01
-4.715310843594331947e-01
1.000000000000000000e+00
-2.617387819837680984e-01
-1.000000000000000000e+00
8.723730845765018671e-01
-1.375835165979417130e-01
3.243473328288683510e-01
4.873329138102059366e-01
-3.135982734502381630e-01
8.327079853963179068e-02
1.749690941298704949e-01
-8.685652960684069335e-01
5.145275132862456857e-01
-1.958678947317284424e-01
7.879776342688060708e-01
-1.000000000000000000e+00
1.753178942798183648e-01
5.272577866310568240e-02
-3.813560296929820459e-01
5.945640899548827463e-01
3.727722168713870632e-01
5.300804707290987516e-02
1.000000000000000000e+00
1.943198440630653501e-01
9.292189632033553970e-01
-6.889197412341346860e-01
-1.000000000000000000e+00
1.014849854166621490e-01
-1.000000000000000000e+00
-3.076975832935563426e-01
-1.508100855835854681e-01
-7.698215193272066603e-01
-4.904862954759073301e-02
-8.426190891035070241e-01
-6.602060160682051704e-01
-8.820210181820203887e-01
8.991894064833907407e-01
-7.919354854688616108e-01
4.781989496464013334e-02
2.006981768603496863e-01
-2.153009680576434826e-01
-3.452206931215863195e-01
8.303026886839938170e-01
1.923285919660343013e-01
-3.765203767693408032e-01
2.474999594453113350e-01
5.842451876479420880e-01
3.693197055644048543e-01
8.397666377237414936e-01
1.292839372355270890e-02
7.429894639565046144e-02
1.213593077850722013e-01
6.897699507841481559e-01
8.663358837984949101e-01
-9.936038870493515418e-01
-2.059802049355052844e-01
-8.460448240609115267e-01
-7.363986605763256366e-02
2.412545830686663451e-01
-7.807808068754262809e-02
4.763242807814463964e-01
-5.541930470838901668e-01
3.742045943218991200e-01
3.687992786083583718e-01
-5.656953046771469040e-01
-3.391906293220864343e-01
-3.395071580361697094e-01
-2.865873885550542788e-01
-3.407784914374567542e-01
-1.000000000000000000e+00
-7.176649279739147347e-02
-1.829532309289342296e-01
1.248092662447337631e-01
-1.000000000000000000e+00
-5.448013780974446663e-01
1.612344983936591508e-02
-1.663288587885300429e-02
-7.850252683048120073e-01
-1.487928592864430355e-01
-8.712234965432505973e-01
1.000000000000000000e+00
2.664350124531451591e-01
1.000000000000000000e+00
2.520024884517821362e-02
-4.985195006006042928e-01
-4.915963163077007314e-01
-9.036642668012746515e-01
2.093692335436073138e-01
-4.632300545353846832e-01
4.151753939943262361e-01
1.115131775465756925e-01
2.149793992127111142e-01
5.457562991466249902e-02
9.449529577681420323e-01
-5.765826340420083795e-01
4.138230879652228245e-01
1.353510414156571806e-01
7.903319727059736621e-01
7.930629335049256268e-01
-1.000000000000000000e+00
-8.706471223218135158e-01
-8.729777229777089254e-01
-9.951500313911557649e-01
2.078170190308816223e-01
3.440783440304529539e-01
-2.881926696735287452e-02
-3.765070443285922774e-02
-2.034408535013386699e-01
4.130964615479710278e-01
-2.383537875602814715e-02
1.855728794310355576e-02
2.563479580580216299e-01
5.457924741100012023e-02
-1.418410484818919681e-01
-6.859996851298548470e-02
3.731157295134499008e-02
1.060943884104805779e-01
-5.440284343911128140e-01
-2.185900113612897211e-01
-2.583328680554716761e-01
3.786819994064882788e-01
7.739208764570849608e-01
-2.142039545101610265e-01
6.029880910467882993e-01
-9.840541831907235748e-01
5.830330476819645114e-02
3.738249390027442720e-01
-4.324478499021445765e-01
-3.956932084365877289e-01
1.729404864370399919e-01
-7.470552497959230820e-01
3.978716609119706815e-01
5.956197502037209324e-01
4.619865753067918246e-01
2.058315972753490541e-01
-4.988675808234510067e-01
5.318508089176930964e-01
-9.145939320638681869e-01
2.309863484270636425e-01
-1.000000000000000000e+00
3.707731802521259667e-01
-6.139948097886149814e-02
-3.800669009420059585e-01
-4.313805106761435804e-01
-5.259887597648842394e-01
-2.768682381604079534e-01
4.804246753575129869e-01
4.590683539715519901e-01
9.249534241967389825e-01
-6.898899419296625757e-01
-1.005819069462646209e-01
-5.127641112559971903e-02
9.881731452802896554e-01
6.114422743286573869e-01
-3.985327184050681537e-01
-1.000000000000000000e+00
7.575658412017678423e-01
4.754246651966949067e-01
1.986352056802671850e-01
9.590336685276847906e-01
3.963210320514566343e-01
-1.849411817345667230e-01
2.465596498048520935e-01
-4.004608856547428597e-01
-9.365927842625449973e-01
-5.296525183905452794e-01
-2.643186274055031593e-01
1.731029850645471879e-01
1.635553014544971207e-01
-1.000000000000000000e+00
1.466140038180797356e-01
8.175612835299985726e-01
1.661518567948579994e-01
-2.360991338256463179e-01
