2.489348534384087097e-01
9.258675421584468268e-02
1.630568462769416138e-01
5.831271097057346697e-01
7.913113130476044643e-02
-5.619229829027747591e-01
-3.575555040659277317e-01
6.007312487904638010e-01
4.779981181329610584e-01
4.283454246067688875e-02
-1.329018517207908312e-01
-8.215913764617994719e-01
1.455660596010661667e-01
2.924208252326855884e-01
-7.344248189994840859e-01
-4.117937603696275595e-01
-1.061920728393199453e-01
1.293473515510183691e-01
-1.766308411363672060e-01
-1.316326223433476605e-01
-8.389019707677121129e-01
-8.573278754134741053e-01
-8.618541098347155538e-01
6.678465594485896717e-02
-4.140205038997466502e-01
4.359452884975836273e-01
6.414464027523570921e-01
-2.300959219455696314e-01
-4.710751537399657796e-01
-5.190192930808796845e-01
-4.848576831294761913e-01
-2.929583454392911679e-03
1.769487067280248183e-01
6.027475688655006270e-01
-6.635616929214410709e-02
9.645868153421723878e-01
6.360614573215626066e-01
-8.162100378128516187e-01
-1.000000000000000000e+00
-9.520393694208650892e-01
-1.744462985224891627e-01
-9.482949506356657121e-01
5.438534472401221342e-02
9.734118483332854233e-01
7.285275599666507507e-01
5.893939454880591233e-01
-1.000000000000000000e+00
-1.757838925876575864e-01
-4.315738717381122913e-01
1.462445194735376708e-01
-5.952795856567270061e-01
2.926138873675477314e-01
-8.954124286083439133e-01
-8.752793856732942190e-01
7.890744923464030336e-01
-3.346074889076034453e-01
-1.179133198293031981e-01
9.135519499140929423e-01
8.182734469916215225e-01
1.050932342993687318e-01
3.762917514143072628e-01
-2.085725228736563241e-01
-4.545448674357467356e-01
-7.386004865592258328e-01
9.743132213705391065e-01
-6.623348187488868888e-01
8.269794412650142146e-01
-7.799986106983811673e-01
-8.843120127402357422e-01
7.817635699958016549e-01
-2.828601928750795746e-01
-3.682055093514102206e-01
-1.933845077095988629e-01
-2.789973829293316832e-01
3.113263523333091864e-01
1.000000000000000000e+00
-5.180635484461745266e-01
-2.546366795358344093e-01
-8.157849319656420572e-01
9.487461352632229339e-01
3.679999498517214085e-01
3.714949813142253698e-01
-7.377819143251606038e-01
2.719375682598677846e-02
3.501223502395726939e-02
2.204444853038585173e-01
1.409744621419334321e-01
-7.026027990536882761e-01
-2.173280834037191189e-01
-9.203755629403419514e-01
-8.229417072678708589e-01
-9.377033984081551976e-01
5.278697855121447513e-02
-7.195078491055733050e-01
9.303083679021745267e-01
9.624958376819727768e-01
1.815289379720385343e-01
9.721133131763989854e-02
1.000000000000000000e+00
-4.898447765974006107e-01
-5.123759602279358560e-01
3.148620264889261389e-01
-3.880340313544097808e-01
2.825963553583735743e-01
-1.993226432825389027e-01
8.190473878907168492e-01
-1.000000000000000000e+00
5.118514722743769396e-02
-6.790872619830896628e-01
-9.385917689431060307e-01
-2.980765913403338740e-01
-5.315067124864250037e-01
-4.520085654552591370e-01
8.777938280577245456e-01
-2.032475008499745328e-01
-4.173375313316708690e-02
7.663352062622645622e-02
-4.288999984052563885e-01
-3.544112684067518004e-01
6.078714000425448072e-01
7.582108609796697207e-01
3.300381593971756788e-01
4.276681548104004083e-02
-4.717145561979071422e-01
-7.980599475095396800e-01
7.678742644849579913e-01
-7.050897334350103574e-01
-5.451658934625258635e-01
5.725080445421609765e-03
-7.140106022266227148e-01
4.983050600390570573e-01
-5.357352328000668518e-01
9.664538628591181624e-01
-1.623817818134069835e-02
4.388116505608974927e-01
6.934794457499443565e-01
-4.528150183831473052e-01
9.697839875235401141e-01
-2.912825871992787974e-01
-5.560194145685707356e-01
6.051041262498040307e-01
6.550305739890787127e-01
4.565146634635602330e-01
8.692182915943431620e-01
-5.747655918901084515e-01
-6.909712955222561126e-01
1.689216887953175206e-01
2.345877715826568677e-01
1.478333616479383938e-02
2.967169205335321025e-01
2.948857898438232983e-01
-1.000000000000000000e+00
-4.503126050448741924e-01
9.569842069799389117e-01
1.559427110344080436e-01
2.415638333512664521e-02
1.471179710361885107e-01
7.530292719876556795e-01
-4.845832065589318893e-01
-1.994004881098492832e-01
-7.449762428357304955e-01
3.264076961456339188e-01
8.055808628430161100e-02
3.539429866819115977e-01
-8.291602128797735949e-01
-3.697376847130313116e-01
-9.365062993284216653e-01
2.363602976598996874e-01
-1.274840170355098223e-01
-4.498530485673268159e-02
-9.520885904564334590e-01
-3.041940883007967500e-01
-6.304778319797532671e-02
1.000000000000000000e+00
1.549586142539092215e-01
-4.443226252324841696e-01
-7.538116957499712001e-01
-8.807220518718419378e-01
6.448919169020644881e-02
-9.967136516650925149e-01
5.560106298100271349e-01
5.035799245177133843e-01
7.393905941614276056e-01
1.000000000000000000e+00
4.420758261687321999e-01
-8.476190324874006699e-01
5.464764112127785262e-02
-1.548503843000250957e-01
5.674810388694341290e-01
7.175305636528389597e-01
-1.000000000000000000e+00
-6.903950885736639398e-01
-3.797841130758061734e-01
-8.770622898174247339e-01
6.515082537060977730e-01
6.445034487249919897e-01
4.795354008028038795e-01
-8.271502867803636194e-01
1.724749714797446098e-01
5.287618594676211092e-01
-6.373753307702556548e-01
6.537036582653612538e-01
-3.555336508215000135e-01
-1.815964537046830390e-02
-9.715171832406426233e-01
3.154642074769452575e-01
1.282810286427469304e-01
7.584621412800174323e-01
-1.000000000000000000e+00
3.550545273546659719e-01
-3.405198104269964721e-01
5.692404937954319566e-01
7.183171278594309150e-01
1.186704459947548751e-01
5.085377057047251181e-01
3.150213936511970791e-01
-3.524433444327622067e-01
6.376618118612377151e-01
8.800730096598237129e-01
5.168802612895939674e-01
-3.673388074422509475e-01
-1.000000000000000000e+00
4.045492930580888991e-01
3.473057307972511332e-01
1.611742846675521257e-01
1.948772234509239254e-01
-6.365376347920712607e-01
6.765182033381593740e-01
-9.538864766624349789e-01
3.806098839515434928e-01
-5.787554585234160331e-01
5.796269360284543870e-01
-3.149036374450227271e-02
-3.283286285807520688e-01
4.583353103292052144e-01
-2.882551635992685046e-01
-3.627461731952060231e-01
8.354458937146296282e-01
8.124004474693582445e-01
9.296943970328996887e-01
-9.990005787324411912e-01
-5.258232216043079443e-01
-4.688681005021828607e-01
1.000000000000000000e+00
6.180265227065025874e-02
8.358151204151013092e-01
4.903811351381590078e-01
3.988878073363153476e-01
-3.831887762686351229e-01
8.338106158838501925e-01
5.014039827414281669e-01
-1.719013904364027345e-01
2.819781165326430417e-01
7.503889057128010354e-01
-4.095760743721210129e-01
-8.264480574935310075e-01
-5.809465521341199423e-01
-7.723824975732182518e-02
5.689330577288064239e-01
1.720695033993991374e-01
-5.223710119402903418e-01
-7.019045879596539361e-01
8.284327023862152473e-01
5.077828164074993378e-01
-3.669997958980537045e-01
