

gen best mean std gain diversity
0 30.721885 -3.249264 6.331186 -20.0 0.577346
0 57.405289 17.914658 11.399341 0.0 0.555559
1 65.873131 28.089709 16.063568 0.0 0.529995
2 74.358818 34.595479 20.95412 -10.0 0.486332
3 74.358818 39.525406 23.448201 -20.0 0.471321
4 74.358818 33.614646 21.555092 0.0 0.489048
5 74.358818 41.47185 24.17902 -20.0 0.482288
6 74.358818 38.448391 25.026721 -10.0 0.467402
7 75.133532 34.268709 21.752677 0.0 0.470988
8 75.133532 43.013921 23.426526 0.0 0.462975
9 84.482547 45.685265 25.909035 0.0 0.442327
10 84.482547 53.312516 26.287599 0.0 0.405009
11 84.482547 57.229007 28.009497 -10.0 0.37761
12 84.373424 57.962466 26.249936 5.8 0.353043
13 84.373424 59.201593 24.877806 0.0 0.342169
14 84.373424 59.599008 24.856332 0.0 0.339953
15 88.522332 51.915659 24.969231 47.8 0.326946
16 88.522332 65.912515 23.703615 8.8 0.250049
17 88.522332 69.072013 25.715278 -10.0 0.252391
18 88.522332 65.889558 23.428214 0.0 0.277018
19 88.81004 66.241713 25.988602 46.0 0.306307
20 88.81004 72.286467 25.88418 -10.0 0.292625
21 88.81004 71.944617 26.638859 47.8 0.291256
22 88.81004 77.183826 22.566404 0.0 0.256769
23 88.81004 74.594204 24.965964 46.0 0.263555
24 88.81004 73.270184 27.940429 47.8 0.275218
25 88.81004 77.138468 22.856781 -10.0 0.260098
26 88.81004 76.123824 25.152961 -10.0 0.273736
27 88.81004 75.434744 25.226917 46.0 0.295814
28 88.81004 75.537684 24.784733 -10.0 0.296792
29 88.81004 74.191546 25.944224 46.0 0.306292
30 88.81004 72.846107 28.743837 47.8 0.300316
31 88.81004 76.84475 25.41696 -10.0 0.263634
32 88.81004 74.949583 25.041094 -10.0 0.298311
33 88.81004 73.52638 29.249155 46.0 0.278334
34 89.053573 75.500283 28.110772 47.2 0.271525
35 89.053573 76.066736 27.729374 46.0 0.251921
36 89.053573 71.673973 31.632852 47.2 0.296914
37 89.053573 76.226239 27.151283 -20.0 0.220743
38 90.271054 75.355536 28.447591 61.0 0.17452
39 90.271054 75.28958 29.118537 47.2 0.147433
40 90.271054 75.156433 29.173426 61.0 0.15652
41 90.271054 75.588561 28.298748 47.2 0.152541
42 90.271054 77.45438 25.567548 46.0 0.150033
43 90.271054 78.916555 23.580133 61.0 0.117943
44 90.271054 79.447954 23.544895 46.0 0.100525
45 90.271054 76.154055 28.828647 46.0 0.10461
46 90.271054 76.312999 27.865295 46.0 0.13377
47 90.271054 77.82072 25.196987 47.8 0.125121
48 90.271054 78.102728 25.526356 -20.0 0.132553
49 90.271054 76.543685 26.922996 46.0 0.145295
50 90.271054 76.81124 25.78034 -20.0 0.132817
51 90.271054 78.412412 24.6252 61.0 0.120429
52 90.271054 76.984233 27.030226 47.8 0.114051
53 90.271054 78.113653 24.575196 46.0 0.135967
54 90.271054 78.211246 24.088768 46.0 0.126059
55 90.271054 77.722174 26.051466 61.0 0.10038
56 90.271054 78.906549 25.363822 47.8 0.094702
57 90.271054 78.650544 26.594786 61.0 0.096495
58 90.271054 77.057284 27.611399 61.0 0.095373
59 90.271054 78.896207 25.418937 46.0 0.096924
60 90.271054 77.2906 27.902416 46.0 0.095249
61 90.271054 77.693759 25.763141 -20.0 0.112197
62 90.271054 78.592222 24.822991 47.8 0.130476
63 90.271054 78.623027 25.900226 61.0 0.120169
64 90.271054 78.988129 25.614379 61.0 0.089812
65 90.271054 80.559594 24.86972 61.0 0.078879
66 90.271054 77.933238 27.504266 61.0 0.062284
67 90.271054 79.11673 24.642567 61.0 0.069967
68 90.271054 80.727246 22.092529 61.0 0.070642
69 90.271054 79.405945 24.70687 47.8 0.07277
70 90.271054 79.547462 24.78234 47.8 0.104985
71 90.271054 77.801733 27.851447 -20.0 0.102641
72 90.271054 78.712617 26.743255 61.0 0.107013
73 90.271054 78.12079 27.070261 61.0 0.121058
74 90.271054 79.483084 24.047592 61.0 0.064472
75 90.271054 80.882488 23.139897 47.8 0.064817
76 90.271054 78.456029 27.251456 -20.0 0.091624
77 90.271054 76.451692 28.916734 61.0 0.080744
78 90.271054 77.554957 28.948367 61.0 0.104272
79 90.271054 76.573806 28.99649 47.8 0.139517
80 90.271054 76.101798 30.180693 47.8 0.138083
81 90.271054 76.696771 28.410598 61.0 0.141527
82 90.271054 76.946815 27.400369 61.0 0.150285
83 90.271054 76.93317 27.31392 -20.0 0.150703
84 90.271054 77.240206 27.947296 47.8 0.158029
85 90.271054 76.571378 28.155742 -20.0 0.15841
86 90.271054 78.218146 26.885653 61.0 0.142973
87 90.271054 76.605163 30.285467 61.0 0.098548
88 90.271054 77.292198 28.827061 61.0 0.105312
89 90.271054 76.636844 29.053607 61.0 0.107945
90 90.271054 77.095905 29.377673 61.0 0.122414
91 90.271054 79.038822 25.735954 61.0 0.121736
92 90.271054 78.780197 26.127345 47.8 0.128629
93 90.271054 76.354029 29.03191 47.8 0.123401
94 90.271054 76.275755 29.499806 -20.0 0.121906
95 90.271054 78.224106 25.81976 47.8 0.101756
96 90.271054 76.233699 29.081752 47.8 0.122751

gen best mean std gain diversity
0 66.610928 -2.614907 9.364275 0.0 0.577369
0 85.409573 28.794453 21.819332 11.2 0.547193
1 85.409573 30.695456 24.329417 0.0 0.533774
2 86.43289 39.784359 28.161524 21.4 0.518338
3 86.43289 48.945286 31.559289 0.0 0.477374
4 86.97289 39.132052 32.786454 26.8 0.480892
5 87.010119 70.974026 30.064633 26.8 0.373413
6 87.010119 77.391759 22.439317 21.4 0.293421
7 87.490119 76.256064 25.064028 31.6 0.276537
8 88.425069 80.690987 18.488989 40.0 0.212694
9 88.425069 76.178266 24.515129 23.2 0.214447
10 88.425069 76.91293 24.460569 -60.0 0.292327
11 88.425069 64.275266 31.272846 40.0 0.328741
12 88.425069 59.188087 32.176466 -60.0 0.332163
13 88.425069 72.140209 29.90566 40.0 0.3061
14 88.425069 73.394403 28.883218 21.4 0.297766
15 88.425069 76.555515 24.355671 26.2 0.230049
16 88.425069 75.932811 25.836608 -60.0 0.27285
17 88.425069 57.416528 34.048388 27.4 0.334575
18 87.887846 65.377547 31.807315 21.4 0.322143
19 87.887846 61.813183 31.99777 26.2 0.318676
20 87.947846 77.542692 22.422307 35.2 0.246943
21 87.947846 77.463532 23.862563 26.2 0.23886
22 87.947846 79.648344 20.773571 -60.0 0.194969
23 87.887846 79.67169 19.426653 34.6 0.172608
24 87.887846 77.414214 24.230074 34.6 0.230129
25 87.887846 80.697428 17.847397 26.2 0.170849
26 87.887846 78.950864 22.233892 26.2 0.244632
27 87.887846 74.570993 27.949071 34.6 0.282369
28 87.887846 74.740459 27.386263 34.6 0.288985
29 87.887846 73.241314 28.332808 34.6 0.297623
30 87.887846 78.439685 20.619552 34.6 0.207339
31 87.887846 78.787659 22.582103 26.2 0.186993
32 87.887846 80.121963 18.956499 34.6 0.132867
33 87.887846 79.637776 19.742903 26.2 0.132649
34 87.887846 79.856189 19.779191 26.2 0.105145
35 87.887846 80.225893 18.712091 26.2 0.111046
36 87.887846 79.853192 19.196284 26.2 0.147958
37 87.887846 80.36635 18.951405 26.2 0.104131
38 87.887846 82.027162 15.20628 26.2 0.06043
39 87.887846 81.030812 18.336137 32.8 0.01913
40 87.887846 83.260366 14.153007 32.8 0.018178
41 87.887846 80.519795 18.941354 34.6 0.020274
42 87.887846 80.993721 16.650907 34.6 0.019169
43 87.887846 81.250159 16.701081 34.6 0.017762
44 87.887846 82.149129 16.126264 26.2 0.017631
45 87.887846 81.981537 16.032132 34.6 0.017314
46 87.887846 82.404766 15.320783 34.6 0.018216
47 87.887846 80.000573 18.092118 34.6 0.018859
48 87.887846 82.75405 13.621337 34.6 0.018953
49 87.887846 81.83748 16.01323 26.2 0.019073
50 87.887846 80.851572 17.595817 34.6 0.019072
51 88.007846 80.912343 18.287043 35.8 0.018798
52 88.007846 83.22973 13.599875 34.6 0.019313
53 89.072892 83.211054 13.207063 44.2 0.018778
54 89.072892 84.078964 13.027165 34.6 0.017299
55 89.072892 83.119773 14.232227 34.6 0.018563
56 89.072892 81.563569 16.58408 34.6 0.01988
57 89.072892 81.801434 17.737447 34.6 0.020591
58 89.072892 83.339335 15.355249 44.2 0.019761
59 89.072892 82.948199 15.450485 26.2 0.019863
60 89.072892 83.545198 14.240399 44.2 0.019033
61 89.072892 82.604835 15.963488 34.6 0.02
62 89.072892 82.602881 16.249946 44.2 0.019577
63 89.072892 82.224905 16.5763 44.2 0.01922
64 89.072892 80.860787 17.964731 44.2 0.017987
65 89.072892 83.908416 13.560137 44.2 0.017154
66 89.072892 83.688832 14.925643 44.2 0.015319
67 89.072892 83.176263 15.410619 34.6 0.016372
68 89.072892 83.482844 13.870935 34.6 0.016913
69 89.072892 82.664107 16.68431 44.2 0.016642
70 89.072892 83.945344 14.035755 44.2 0.014853
71 89.072892 84.276043 12.27271 26.2 0.013531
72 89.072892 83.854988 13.144261 34.6 0.013469
73 89.072892 83.631151 15.01179 44.2 0.015389
74 89.072892 84.316256 12.329539 44.2 0.015106
75 89.072892 82.840456 14.309135 34.6 0.016465
76 89.072892 83.391342 13.670865 44.2 0.016441
77 89.072892 83.878436 13.346596 34.6 0.015154
78 89.072892 81.712476 17.374333 34.6 0.014199
79 89.072892 83.678976 13.41631 34.6 0.013053
80 89.072892 83.353303 13.424726 34.6 0.012819
81 89.072892 83.500394 13.162199 34.6 0.011416
82 89.072892 83.581091 13.963594 44.2 0.01096
83 89.072892 83.260909 12.522858 34.6 0.012059
84 89.072892 83.7056 14.101697 44.2 0.011508
85 89.072892 83.195328 14.688009 34.6 0.011096
86 89.072892 81.72945 15.792292 34.6 0.012116
87 89.072892 83.541969 13.977869 34.6 0.010992
88 89.072892 83.554005 13.242607 34.6 0.011078
89 89.072892 83.204381 14.758338 34.6 0.010597
90 89.072892 84.68434 10.999838 34.6 0.008884
91 89.072892 83.408281 12.224205 34.6 0.009606
92 89.072892 83.434584 13.230472 34.6 0.009047
93 89.072892 84.201051 11.92772 34.6 0.008677
94 89.072892 83.118248 15.022445 34.6 0.008792
95 89.072892 82.818558 14.586261 34.6 0.009059
96 89.072892 82.334303 15.302129 34.6 0.009024
97 89.072892 83.756893 12.83416 34.6 0.008543
98 89.072892 82.380147 14.810234 34.6 0.009444
99 89.072892 82.76838 15.082076 34.6 0.009649

gen best mean std gain diversity
0 39.68188 -2.56902 7.273334 0.0 0.577359
0 66.732142 18.61831 13.052089 0.0 0.559174
1 86.732892 30.930641 20.02479 20.8 0.532406
2 86.732892 39.36406 24.489724 20.8 0.455706
3 86.732892 47.568284 27.252823 0.0 0.382406
4 86.732892 46.199251 30.403265 0.0 0.423057
5 86.912892 44.912877 29.776575 22.6 0.409179
6 86.912892 55.161061 30.246115 0.0 0.362318
7 86.912892 56.384444 30.828908 0.0 0.353269
8 86.972892 56.591625 26.046273 23.2 0.293893
9 87.421114 51.497882 28.427403 32.8 0.336403
10 87.421114 53.143355 33.448526 32.8 0.332132
11 87.421114 58.614039 29.484588 23.8 0.331653
12 87.421114 58.716179 30.087108 0.0 0.326966
13 87.421114 45.884116 31.382036 0.0 0.329106
14 87.421114 46.716172 30.635848 0.0 0.331615
15 87.576168 52.674242 30.00971 30.4 0.318282
16 87.576168 57.720419 31.806995 32.8 0.317568
17 87.576168 66.438179 30.688156 30.4 0.28256
18 87.576168 67.521638 30.373073 0.0 0.281582
19 87.816168 58.484262 32.264145 32.8 0.290616
20 87.816168 73.910681 27.445299 30.4 0.236802
21 87.816168 75.397059 25.644113 32.8 0.236451
22 87.816168 77.996024 23.071454 32.8 0.200279
23 87.816168 76.774762 24.657237 30.4 0.210392
24 87.816168 79.040642 22.18474 0.0 0.195108
25 87.816168 78.995288 23.171524 32.8 0.179278
26 87.816168 81.382172 18.301925 32.8 0.155704
27 87.996796 79.736565 21.784588 32.8 0.157605
28 88.232892 79.908402 19.900962 35.8 0.113732
29 88.519358 80.248732 19.74713 40.6 0.058022
30 88.519358 82.090172 16.124116 40.6 0.053447
31 88.519358 83.889449 13.044611 40.6 0.017504

gen best mean std gain diversity
0 29.920067 -2.849665 7.062859 -60.0 0.577329
0 66.073074 17.904634 11.305291 0.0 0.555087
1 75.171054 33.34539 20.579799 0.0 0.509816
2 84.451054 38.674478 24.460864 2.8 0.517262
3 84.451054 35.678041 28.886577 0.0 0.506007
4 84.451054 36.405265 28.386322 0.0 0.506653
5 84.451054 30.576745 26.75665 0.0 0.511788
6 84.451054 30.783581 22.925078 0.0 0.505111
7 84.451054 28.412143 23.521517 2.8 0.493662
8 84.603942 51.621911 24.705637 4.0 0.436499
9 85.062547 42.707579 23.508799 5.8 0.471203
10 85.062547 52.165866 26.190354 5.8 0.466075
11 85.062547 48.379208 29.633273 0.0 0.47941
12 85.712828 37.334466 34.632398 11.2 0.463606
13 85.832828 59.598646 33.83554 12.4 0.391594
14 85.712828 18.797619 29.350319 0.0 0.401665
15 84.783942 30.78772 31.921114 5.8 0.430749
16 84.783942 19.810432 29.128151 0.0 0.403824
17 84.391054 23.413343 27.912056 -100.0 0.4195
18 84.783942 55.923947 32.30922 5.8 0.372887
19 84.391054 19.134125 15.099883 -100.0 0.374221
20 75.16227 25.077215 18.635304 0.0 0.423393
21 84.483942 38.768626 22.862536 2.8 0.381737
22 85.51704 55.790388 30.048864 11.8 0.353983
23 85.51704 30.178541 29.322528 -100.0 0.39274
24 85.51704 41.955133 33.217717 -100.0 0.387396
25 85.51704 52.400217 32.129541 2.8 0.368375
26 85.51704 26.39021 24.53496 1.0 0.393056
27 85.51704 30.581332 29.360507 0.0 0.396365
28 85.416168 31.138441 25.237406 8.8 0.398879
29 87.133573 42.308297 29.730273 28.0 0.380693
30 87.193573 46.676033 32.313673 28.6 0.388765
31 87.193573 31.487207 25.791427 -100.0 0.384753
32 87.133573 31.844244 25.63021 -100.0 0.38118
33 87.133573 35.383526 29.421054 0.0 0.385955
34 87.133573 28.347395 23.948368 0.0 0.388617
35 87.133573 32.298574 28.541034 28.0 0.389739
36 87.133573 31.131835 24.044693 0.0 0.364989
37 87.133573 36.400298 19.194984 0.0 0.353254
38 88.594547 48.295062 30.151723 41.2 0.373786
39 88.594547 43.637171 31.500745 -100.0 0.374785
40 88.594547 62.01569 29.925281 -100.0 0.353696
41 88.594547 31.153776 21.801295 0.0 0.335091
42 87.133573 44.844698 30.080037 19.6 0.373297
43 88.358539 49.515928 33.28624 38.8 0.364759
44 88.358539 38.574538 30.650557 0.0 0.364907
45 88.476168 45.162302 33.65132 39.4 0.364309
46 88.476168 57.985602 31.741362 -100.0 0.362025
47 88.476168 33.49363 24.17996 39.4 0.373818
48 88.476168 42.502629 28.789648 -100.0 0.373025
49 87.998539 43.263429 29.180898 0.0 0.3633
50 87.696168 52.616276 29.704837 31.6 0.336978
51 87.696168 35.684256 31.778346 0.0 0.37835
52 87.696168 50.987466 32.700507 31.6 0.364118
53 87.696168 38.120116 26.647829 0.0 0.340038
54 87.696168 43.388616 27.655772 -100.0 0.360877
55 87.696168 31.8247 28.715564 -100.0 0.374412
56 87.696168 46.387531 29.356766 0.0 0.354232
57 86.053573 28.932203 25.892444 -100.0 0.364369
58 87.936168 40.462838 29.322512 34.0 0.370308
59 88.236168 57.139131 36.208826 37.0 0.334339
60 87.998539 23.713663 18.382257 -100.0 0.355073
61 88.236168 31.319634 26.955725 37.0 0.376105
62 88.236168 48.846034 34.305241 0.0 0.344207
63 88.236168 23.019677 18.394168 0.0 0.368128
64 88.236168 30.471091 21.446079 0.0 0.369656
65 84.822547 34.159193 19.87682 3.4 0.347887
66 84.822547 45.976674 24.191677 3.4 0.338091
67 84.822547 51.826095 26.961479 0.0 0.327633
68 84.822547 30.531587 23.345305 0.0 0.349952
69 84.822547 35.568853 25.166764 0.0 0.354735
70 85.182547 54.518706 27.248258 7.0 0.321497
71 85.302547 44.295672 27.51335 8.2 0.343638
72 85.422547 50.991844 26.799109 9.4 0.336382
73 85.422547 42.960632 29.117973 3.4 0.350186
74 85.422547 41.940944 25.535153 0.0 0.338499
75 85.422547 55.037459 28.276201 9.4 0.335495
76 85.422547 36.002135 27.289252 0.0 0.325029
77 85.422547 38.171537 29.370249 0.0 0.333586
78 85.422547 54.272603 29.572466 0.0 0.285092
79 85.422547 43.050576 34.068532 14.8 0.33645
80 85.422547 29.808076 21.058506 0.0 0.251288
81 86.147552 36.86399 28.373269 23.8 0.305403
82 86.147552 54.698222 34.238443 14.8 0.304586
83 86.147552 20.758582 8.242191 -100.0 0.222016
84 86.147552 8.776106 20.21057 -100.0 0.277443
85 30.686794 19.356698 9.195701 -100.0 0.340381
86 30.686794 20.227523 8.193144 0.0 0.347204
87 30.686794 21.848616 6.313525 0.0 0.348033
88 65.552694 24.301072 7.656726 0.0 0.335481
89 65.552694 30.389868 16.207844 0.0 0.34281
90 84.330082 39.755538 21.680004 6.4 0.334708
91 84.330082 28.473267 19.333442 0.0 0.329153
92 85.017733 38.375249 25.535732 13.0 0.309609
93 85.017733 36.669851 23.323399 0.0 0.32013
94 84.957733 41.515273 21.587847 12.4 0.325422
95 84.957733 51.110252 23.973824 0.0 0.32376
96 84.957733 33.476172 21.595957 0.0 0.299669
97 84.957733 41.837793 26.461931 12.4 0.306668
98 84.957733 59.888422 20.97455 0.0 0.297213
99 86.462704 41.836059 28.428172 29.8 0.29915

gen best mean std gain diversity
0 30.752976 -3.036873 6.549526 -50.0 0.577359
0 48.036421 26.489841 10.742598 -40.0 0.471865
1 57.323246 24.978789 15.410962 0.0 0.439521
2 66.557582 38.404145 14.474445 0.0 0.38729
3 65.809685 32.528039 14.839489 0.0 0.429849
4 66.111122 39.652149 16.582085 0.0 0.396377

gen best mean std gain diversity
0 48.386872 -2.672368 8.310195 0.0 0.575817

gen best mean std gain diversity
0 38.74425 -3.390795 6.546445 0.0 0.575263
0 47.699214 22.502649 13.521765 -30.0 0.534395
1 47.699214 16.810383 16.462641 -30.0 0.516891
2 66.179917 22.584802 8.823989 0.0 0.499924
3 66.216175 37.2509 20.156635 0.0 0.473312
4 75.206986 51.055426 19.77249 0.0 0.442808
5 75.191858 43.585067 23.0591 0.0 0.439784
6 75.197882 56.18078 20.801456 0.0 0.355302
7 75.197882 62.21043 19.329485 0.0 0.277518
8 84.94826 57.882276 18.472221 16.6 0.324257
9 84.608498 66.694545 18.808525 0.0 0.358647
10 75.191858 54.299563 21.220428 0.0 0.299595
11 86.151288 64.193657 18.965257 29.8 0.279782
12 83.770986 67.11851 17.038377 0.0 0.273884
13 75.203942 59.849938 19.403319 0.0 0.274491
14 85.124258 61.822385 18.701192 8.8 0.27015
15 85.124258 67.692007 15.796789 8.8 0.240257
16 85.064258 67.749478 19.341219 6.4 0.23882
17 84.944258 68.702334 14.93825 7.0 0.244034
18 84.363942 66.519813 13.417308 1.6 0.219418
19 85.064258 67.311197 17.449566 8.2 0.211804
20 85.064258 68.812161 19.23357 0.0 0.208203
21 84.944258 62.14705 16.025376 7.0 0.219436
22 85.004258 65.55438 19.552583 7.6 0.207402
23 85.064258 71.194952 16.61658 8.2 0.210942
24 85.064258 71.689514 15.010634 0.0 0.197345
25 84.49004 69.088043 15.856291 2.8 0.21293
26 84.944258 68.161234 14.866793 7.0 0.197577
27 84.944258 69.541173 18.732884 7.0 0.185848
28 84.944258 77.525647 16.400728 7.0 0.170035
29 84.824258 68.935727 14.59607 5.8 0.178823
30 84.884258 73.671353 16.177622 6.4 0.176181