-1.000000000000000000e+00
-5.441613889153227301e-01
7.454131298969458586e-01
-3.296008100230668481e-01
8.110521058081204826e-01
-4.673988424597786961e-01
-7.928888304012435828e-01
-5.779859041824212396e-01
8.109904808368270102e-01
2.224719623235757449e-02
5.443259393036057325e-01
-2.026521920151921341e-01
4.471688962453604366e-01
-7.773524078392082259e-01
-1.752792670788700935e-01
-6.378245807869685757e-01
3.196699967776657769e-01
2.559486162914850760e-01
-1.203342420343307684e-01
8.055878512295833183e-01
1.358139224320130400e-01
-1.094843853689219382e-01
3.496603726916761579e-01
1.000000000000000000e+00
-6.795588098803332366e-01
1.546636919547190181e-01
-8.428437107116479865e-01
2.812395463127944639e-01
-1.000000000000000000e+00
-2.966840114493400904e-01
3.263637410309190301e-01
7.242645784922989716e-01
9.338565833283191120e-02
-6.986722081934887418e-01
8.750428674044142818e-01
-2.007187031555551227e-01
-8.667889409188752614e-01
4.633959499555151962e-01
2.674855621284545348e-01
6.786277610294622065e-02
-7.328913509414436422e-01
1.943429194886254208e-01
4.166989343250320221e-01
1.707289914418508303e-01
4.675845297605530360e-01
2.452103438450865813e-01
-1.290278491515935433e-01
-7.406262942602723776e-01
1.007346222476784292e-01
2.915934433265733317e-01
-7.246625476462881243e-01
2.564430592267608056e-02
7.763798583664210939e-02
8.765351562279249942e-01
-1.083756600648665969e-01
-9.171722180075857489e-01
-8.976469952743297842e-01
7.270051936962195205e-01
-5.917240859766644823e-01
2.137618388715519790e-01
-1.700206551959006218e-01
4.879049795090389940e-01
-8.262629047703567986e-01
-7.290069866259838438e-01
8.827705154855272074e-01
6.764850175821515155e-01
9.117817878621234939e-01
6.601842364048126077e-01
7.273087079786973996e-01
-1.852262427826842708e-02
2.377557609912865910e-01
9.723257864531712480e-01
4.535121893843315766e-01
2.318840883787873508e-01
-1.941172164837482172e-01
-3.372898871854340674e-02
5.123456031551935075e-01
6.959776366607086651e-01
-6.899212582946517847e-02
6.285855591473398229e-01
9.896928402403529224e-02
6.339646711701384385e-01
-1.649688273659165316e-01
-1.000000000000000000e+00
1.780228808447569255e-01
1.651282676557188911e-01
8.898975577002982140e-02
1.179360132596200261e-01
5.130157961503278852e-01
8.384211747752221555e-01
7.806085912628534240e-01
8.551979350517278089e-01
-3.274602574356989537e-01
1.720163593594903340e-01
6.163370305341406841e-01
1.841637791304836791e-01
-1.000000000000000000e+00
-3.110642695384125897e-02
-4.267786752911086889e-01
-3.106263678084367208e-01
-5.892046843573838233e-01
3.065704797528887582e-01
9.987553318876480901e-01
5.974706295994288707e-01
-7.951548739294987955e-01
3.632981561352582323e-01
-4.775777924427682675e-01
-2.135054461678858040e-01
-9.200606483537078495e-02
1.340825830120060957e-01
-5.585064082884668712e-01
5.690000821162780609e-01
-7.081831578250332715e-01
-2.589399169049275695e-01
-3.463817116285866082e-01
8.059089504475595023e-01
9.794098944501029858e-02
6.733756636325063938e-02
1.140730949393528315e-01
-8.235859723667589005e-01
-6.285750165337653517e-01
4.975884881885561661e-02
5.720842473451559496e-01
3.421090125113798036e-02
6.679015673932470198e-01
1.141009374304286506e-01
1.401619728995947278e-01
1.531132597024059128e-01
-6.112800607597839164e-01
-2.266370339093384256e-01
9.330387194963229991e-01
3.517372585254938122e-01
-1.650232644339573451e-01
-5.585994142670227536e-01
8.630116468345803149e-01
3.503520738484426911e-01
2.985617539161825387e-02
1.476194409750412606e-01
1.520379653827949040e-01
6.451394465346569351e-01
-6.713612275025613307e-01
5.989242160660568359e-02
-6.268784505602421619e-01
4.938885620499113838e-01
-3.204294415595999590e-01
1.350636782381364753e-02
7.525769604090111198e-01
7.188819171301532585e-01
-1.721017500676855216e-02
-6.783584373240190146e-01
-9.108320001455626480e-01
-7.641995072538003697e-01
9.459710406549162731e-02
-3.013126472028721525e-01
-2.216761272122085291e-01
-6.658912289406084817e-01
9.195024227858525911e-01
5.331774585820362455e-01
-6.411804946569940045e-01
1.000000000000000000e+00
-8.824981457485010783e-02
-4.252429694170047347e-01
-8.910459345727683722e-01
-3.637286264607930697e-01
-2.878567186047218951e-01
-2.975316985818952653e-01
1.111298539908628646e-01
-8.707346913443196890e-01
9.546651936608170352e-01
3.561049636159182574e-01
3.121754917762896708e-01
-5.198277169670538767e-01
3.246129597055482652e-01
6.887908277408733015e-02
-6.301214645601039832e-01
2.776143443880796369e-01
6.088822831112689071e-01
-1.306896559181737749e-01
1.000000000000000000e+00
6.714553729121766068e-01
-8.343695843608212037e-01
-5.560921476454102619e-01
-6.854077406251690707e-02
-4.333980593252310110e-01
-9.674119234230196263e-01
9.193659055417006953e-02
9.013953039289120950e-01
-1.402326078420834676e-02
5.647889085382478136e-01
7.129733303940034572e-01
-3.170241806928048023e-02
-9.578930967621206438e-01
9.899367483462218065e-01
3.869451536922762780e-01
7.799821311418115855e-01
1.000000000000000000e+00
-6.524946511588005649e-01
-1.453133216949195894e-01
-5.200150799935097101e-01
2.689995486903971056e-01
1.788855048887180721e-01
1.269048110492690395e-02
-6.754519056042129765e-01
-2.598539610391329413e-01
-3.913200762435331548e-01
1.000000000000000000e+00
7.028791477620834893e-01
8.639878660296300694e-01
9.313301816076015038e-01
8.636279666947357381e-01
7.707713787226325164e-02
-3.518165628598083489e-03
2.701136239027863706e-01
9.048453016100866941e-01
-5.856120068293988457e-01
-7.895930924239725757e-01
-5.146422283806206810e-01
3.177988433169184335e-01
-3.072494328548716069e-01
-7.256407552510378833e-01
-4.887795920897317070e-01
7.666829090483133768e-01
1.444948779828091889e-01
-1.470011814881061474e-01
-6.188258330847014044e-01
-6.323452034647143449e-01
-8.488184802247871197e-01
-3.029970536246283097e-01
1.652627268362559243e-01
-1.205019555133646780e-01
6.033215623728718224e-01
-4.625563788081771821e-01
3.296611539975411453e-01
5.827949380226360443e-01
-7.628918503001345108e-01
-4.909361348494933885e-02
6.865233542336144357e-01
3.064856324405996757e-01
9.471136458337987563e-01
7.515767031913020979e-01
-3.654107721086888860e-01
1.003952580795531568e-01
2.438605105608789847e-01
5.575940882725710646e-01
5.405477592594146730e-01
1.716971259771783720e-01
-7.916273686011402466e-01
8.074619000181847417e-01
8.052515176798984431e-01
4.682537077510091073e-01
1.097091513480794311e-01
-3.957088573844394497e-01
6.587144483695676067e-01
8.757780492993518795e-01
-8.122644992168334133e-01
-5.905969227100726915e-02
-1.000000000000000000e+00
6.733892092126074758e-01
6.045605670118980868e-01
6.316963837610151122e-01
2.986465113993955756e-01
-2.902829468396583290e-01
9.214666633904339266e-01
1.506590321868458981e-01
1.520816951293913477e-01
