4.348455243813408311e-01
1.907707428066543476e-01
-7.335459945005159410e-01
-1.586292492602875970e-01
-1.000000000000000000e+00
-4.635062424186706664e-01
1.841123765541596846e-01
-3.173455946392236271e-01
-1.000000000000000000e+00
3.717196411988717419e-01
-3.009564853320945144e-01
3.237980919097949162e-02
1.007752302108613218e-01
-4.408288386990841801e-01
4.477061895972708760e-01
1.000000000000000000e+00
5.825098623556128619e-01
-5.542492990076575837e-02
-1.000000000000000000e+00
-5.503821034462402784e-01
-1.096321936698846089e-01
-6.322171296737293389e-01
-4.909971001953318814e-01
-9.797733698991509810e-01
2.810776153329318516e-01
-7.459813710831058042e-01
-8.130259789148421845e-01
-1.000000000000000000e+00
4.195321896596488909e-01
-9.124070713582020931e-01
-7.620130608552444507e-02
3.841722085146358490e-01
9.944722981438718357e-01
-2.319476317105657603e-01
-3.334517300174499321e-01
2.342014914191681285e-02
-1.000000000000000000e+00
8.023104547510069295e-01
-4.984722651032367224e-01
-7.150531051462137855e-01
1.043993279610191255e-01
3.126485962466878377e-01
-6.927799467277599987e-01
7.844645464010649993e-01
5.083516403768006953e-01
-5.639135086856585932e-01
5.668429847752819439e-01
4.315006350384966716e-01
1.267132511615655377e-01
-8.662062309460106801e-01
-1.968411997498659138e-01
5.328113249519653705e-01
-4.695099762535402954e-01
9.568885947591643237e-01
-6.393605690448536105e-01
5.339351334610696886e-01
-1.006157478198915489e-01
7.023723042841569786e-01
-4.021082058439877649e-01
4.753912014523233864e-01
1.000000000000000000e+00
3.450755963142171368e-01
2.832630330110417205e-01
-8.378407769151710038e-01
-8.353059265902622599e-01
-7.163234540442511289e-01
8.325029747579419936e-01
-4.584368139594121594e-01
2.898207376151606951e-01
-6.138625148204568394e-01
-2.162422289388816754e-01
4.261469039992033525e-01
8.783835162765818438e-01
-2.166070868718207865e-01
4.834376725338340730e-01
3.021920676921951987e-02
3.043880102408347832e-01
-2.331837241577569553e-01
8.142546132028172234e-01
-1.506208746562350820e-01
5.308238577690966853e-01
1.801177608811134201e-01
5.706704627202348057e-01
-4.825128641886660130e-01
-8.742806596232776117e-01
7.586597884445488438e-01
-9.239650566223329697e-01
-7.235348786586983660e-01
-2.501894339099541842e-01
-1.000000000000000000e+00
1.000000000000000000e+00
5.113023431895128423e-01
-2.499890557469037489e-01
-1.000000000000000000e+00
-2.266769529332410826e-01
2.217728960535595428e-01
-1.000000000000000000e+00
-1.000000000000000000e+00
-7.522661533228395259e-01
-8.587165938786833763e-02
4.301160916131125944e-01
-1.000000000000000000e+00
-3.295265201897994434e-01
3.943289063052990429e-01
-5.823436393285570389e-01
-3.064514687975440355e-01
-4.533815020535505447e-01
-1.000000000000000000e+00
2.236687849183067733e-01
9.057365919984784464e-01
2.503814960534524459e-01
-7.976774025644267629e-02
-1.509356607395948568e-01
-5.480766195057129586e-02
-2.219186602443224965e-01
1.154669776137520476e-01
4.947590149535074922e-01
7.177740552120530637e-01
-7.360713968380285799e-01
-5.111181323849323110e-01
6.257405265172507614e-01
-4.562449899825405386e-01
-4.259625410325711958e-01
5.235858362543833744e-01
6.754552015773511719e-01
-1.639530780778555297e-01
-5.545820188011040264e-01
7.639686907290641482e-01
-2.673188324420411877e-01
-1.000000000000000000e+00
3.434816978174669577e-01
4.065361440423956862e-01
5.110784900183021895e-01
-5.467403353114479447e-01
4.255253529306328719e-01
2.917601296344334294e-01
-4.114050501473353605e-01
1.000000000000000000e+00
-7.415376661209667208e-01
-3.199678965282199972e-01
-1.512155287223511946e-01
-3.118720569512544727e-01
-9.976535167490721001e-01
-6.720311000691658876e-02
-1.000000000000000000e+00
-1.427729029941409711e-01
-3.725109739136007736e-01
-9.628624916930808020e-01
6.836405905645600578e-01
1.926817755597985959e-01
1.000000000000000000e+00
4.955211622151971529e-01
8.035603367526640284e-01
8.125108901235143788e-02
1.202170490645783907e-01
6.927859183111635399e-01
2.040089381645506517e-01
3.691387256763227487e-02
7.865323450032027930e-01
4.052780014138397391e-01
-6.506661482206301805e-01
-2.805908791741174024e-02
8.437134051467254370e-01
5.112945546782594608e-01
-7.122966280630325109e-01
-5.458261885883526343e-01
7.240373948492788703e-01
2.988632165554323539e-01
-1.680231845729288076e-01
4.272480611605789513e-01
6.333031114722831312e-01
3.861102634914108656e-01
-6.773272585502522203e-01
1.497425084183501842e-01
5.745149042923669569e-03
4.962613038904100660e-01
6.133634501606062273e-01
-6.682611374898406176e-01
-6.466073732141418562e-01
-8.006374336773051104e-01
7.228369215728459585e-01
1.000000000000000000e+00
6.967824519211468504e-01
-4.712525186835643809e-01
1.000000000000000000e+00
-4.248269614936802663e-01
-4.034219952340366011e-01
4.548594964375252125e-02
-2.690881176505097727e-01
1.885147692842714662e-02
5.291178128665053881e-01
2.895884521786935006e-01
5.272981682523747438e-02
2.242117213491258143e-01
2.348926605638718135e-01
1.000000000000000000e+00
-4.606051896336072482e-01
1.000000000000000000e+00
-9.053096425486157894e-01
-5.542496965757599536e-01
-7.694957200727093882e-01
-4.919695475875508484e-01
-8.494429456161864955e-01
3.288830112999518995e-01
1.000000000000000000e+00
4.116067886022195532e-01
2.414440831242947727e-01
5.989545022936582086e-03
2.908943641516865686e-01
-8.272285390214082490e-01
-6.976825647070027392e-01
-5.617403086523570233e-02
-7.085614547307550470e-01
8.487624780476931141e-01
-7.292894950089889861e-01
-5.866365599300061850e-01
-1.708873869034158444e-01
6.843703085928397600e-01
4.759437249700253503e-01
-2.650039530415031208e-03
6.000379626040741599e-01
-4.496828520985611255e-01
8.858388095079872127e-01
-4.605105455154488991e-01
8.504701848292228750e-01
-3.358937349729046451e-01
-2.927815064779626386e-01
-2.334353055165927227e-01
-1.000000000000000000e+00
-8.664988454919471117e-01
-1.000000000000000000e+00
6.586832073147020905e-01
2.832526586512253974e-01
5.495791392260678254e-01
-8.306441229894895306e-01
-4.982885864742531701e-01
1.150111288873323367e-01
-1.854271535849538743e-02
-9.870333099523771470e-01
-5.980237904488642231e-01
-1.000000000000000000e+00
-3.344742642925835341e-01
7.005844664811926581e-01
-2.264511765715171432e-01
-7.533863723283350522e-01
2.918322194201906639e-01
-3.865725118650088082e-02
-3.795542743735431657e-01
1.237043336605162525e-01
-7.045707205797659967e-01
-8.664965446757545431e-01
7.654620649362431362e-01
3.681930492023587909e-01
1.897874788672709034e-01
-1.813887061396584066e-01
4.099219807233168700e-01
2.588255569826587443e-01
7.900625200877914311e-01
-9.537757078196967830e-01
3.883012871650335929e-01
-7.686262428507057987e-01
1.012770112827471314e-02
-2.569688237728158242e-01
7.358251246901770237e-01
-3.751113933815827250e-01
