gen,best,mean,sd
0,-12.56666666666661,-77.89311111111108,23.17958082791889
1,4.9666666666667645,-78.82807407407404,23.06447440865713
2,4.9666666666667645,-78.82807407407404,23.06447440865713
3,4.9666666666667645,-78.82807407407404,23.06447440865713
4,4.9666666666667645,-78.82807407407404,23.06447440865713
5,4.9666666666667645,-78.82807407407404,23.06447440865713
6,4.9666666666667645,-78.82807407407404,23.06447440865713
7,4.9666666666667645,-78.82807407407404,23.06447440865713
8,4.9666666666667645,-78.82807407407404,23.06447440865713
9,4.9666666666667645,-78.82807407407404,23.06447440865713
10,4.9666666666667645,-78.82807407407404,23.06447440865713
11,4.9666666666667645,-78.82807407407404,23.06447440865713
12,4.9666666666667645,-78.82807407407404,23.06447440865713
13,4.9666666666667645,-78.82807407407404,23.06447440865713
14,4.9666666666667645,-78.82807407407404,23.06447440865713
15,4.9666666666667645,-78.82807407407404,23.06447440865713
16,4.9666666666667645,-78.82807407407404,23.06447440865713
17,4.9666666666667645,-78.82807407407404,23.06447440865713
18,4.9666666666667645,-78.82807407407404,23.06447440865713
19,4.9666666666667645,-78.82807407407404,23.06447440865713
20,4.9666666666667645,-78.82807407407404,23.06447440865713
21,4.9666666666667645,-77.14470899470895,24.86967659936371
22,4.9666666666667645,-46.793999999999954,32.88097909464107
23,4.9666666666667645,-37.88133333333328,32.44937926245308
24,4.9666666666667645,-33.029999999999944,31.082523790470848
25,4.9666666666667645,-32.33666666666661,31.730884067477618
26,4.9666666666667645,-37.53532008830017,35.70171829491599
27,4.9666666666667645,-34.61214128035315,33.530970271967966
28,4.9666666666667645,-32.25416666666661,30.355203416412074
29,4.9666666666667645,-32.81567328918317,33.743456413687305
30,5.700000000000088,-34.80533333333328,33.26700513744536
31,5.700000000000088,-29.480132450331066,30.77946243850047
32,5.700000000000088,-29.101111111111052,31.222079655665038
33,5.700000000000088,-27.925386313465726,30.744455450789065
34,5.700000000000088,-33.874222222222166,33.17671721457389
35,5.700000000000088,-30.335540838852044,32.94752414965301
36,5.86666666666677,-30.82666666666661,32.564127047571404
37,5.86666666666677,-27.319111111111052,32.18549692863559
38,6.433333333333433,-32.40715883668898,33.159214717967636
39,6.433333333333433,-30.998888888888832,31.799485767253056
40,6.433333333333433,-32.36013071895419,34.06277345357616
41,7.166666666666739,-32.65307017543854,34.81881997558437
42,7.166666666666739,-27.458498896247182,30.400482395887828
43,7.166666666666739,-30.407894736842046,32.72490439249125
44,7.166666666666739,-27.547555555555494,32.76462485933329
45,8.333333333333432,-27.542825607063953,34.618009106364745
46,12.466666666666757,-28.26249999999994,33.05820874438644
47,12.466666666666757,-29.06885964912275,34.43962546556471
48,12.466666666666757,-27.391832229580515,32.84470852511694
49,12.466666666666757,-25.76013071895419,31.986368524263384
50,12.466666666666757,-23.805369127516716,29.950928065384556
51,12.466666666666757,-25.953243847874663,30.564440041824643
52,12.466666666666757,-27.167114093959675,33.090123244327636
53,12.466666666666757,-32.07733333333328,33.650436862499106
54,12.466666666666757,-28.555033557046922,34.157773148442665
55,12.566666666666752,-25.95777777777772,28.49981459762092
56,12.566666666666752,-30.52113289760343,36.29897813143114
57,12.566666666666752,-26.610893246187306,32.617932798009676
58,25.600000000000133,-32.080666666666616,33.85044039759472
59,25.600000000000133,-27.76844444444438,34.11482197404801
60,25.600000000000133,-23.19533333333327,30.247783152317645
61,25.600000000000133,-22.843918918918856,29.512695145177197
62,25.600000000000133,-24.716107382550273,32.33840214980003
63,26.600000000000126,-25.323999999999938,33.53575871944588
64,26.600000000000126,-26.155405405405343,32.50990298513539
65,26.600000000000126,-23.661711711711654,30.65290191594987
66,26.600000000000126,-21.68926174496638,29.570891392126285
67,26.600000000000126,-26.773154362416047,33.759404617337566
68,26.600000000000126,-21.45285087719292,30.015188514818675
69,26.600000000000126,-24.28333333333327,30.93570506951715
70,26.600000000000126,-23.53135964912274,32.01264991962555
71,26.600000000000126,-18.76070640176594,28.04934579715122
72,26.766666666666723,-22.394630872483166,28.456621374146497
73,26.766666666666723,-27.337061403508713,32.67975604865709
74,26.766666666666723,-22.103752759381837,30.32764751384468
75,26.766666666666723,-21.346052631578885,28.00445503776396
76,26.766666666666723,-19.308277404921636,27.30114241969441
77,26.766666666666723,-24.272072072072014,31.994095986428512
78,26.766666666666723,-23.55833333333327,30.202106315242222
79,26.766666666666723,-23.594407158836628,31.649395832543487
80,26.766666666666723,-18.506756756756694,27.4632861558549
81,26.766666666666723,-26.51511111111105,32.6815967211964
82,26.766666666666723,-21.885777777777715,31.588035322035687
83,26.766666666666723,-22.81711111111105,32.19695792776812
84,26.766666666666723,-22.899116997792433,33.694263370225265
85,26.766666666666723,-24.26467991169972,30.94557120518905
86,26.766666666666723,-19.976733780760565,28.910023111572894
87,26.766666666666723,-21.434675615212466,29.934626230578278
88,26.766666666666723,-22.330872483221412,31.74122509495902
89,26.766666666666723,-22.476666666666606,30.44563795308569
90,26.766666666666723,-23.378666666666607,32.64078141766151
91,26.766666666666723,-24.62737306843261,31.854544113259845
92,26.766666666666723,-25.959955257270632,34.241021179171646
93,26.766666666666723,-28.249888143176673,34.93634471884704
94,26.766666666666723,-21.109492273730623,30.482289669253163
95,26.766666666666723,-26.800666666666608,33.81127041332468
96,26.766666666666723,-21.61319910514535,32.60202910169825
97,26.766666666666723,-23.12117117117111,32.47952026225445
98,26.766666666666723,-24.524384787471977,32.009456011260205
99,26.766666666666723,-23.89821029082768,30.711956583466197
100,26.766666666666723,-32.61866666666661,36.21603174368032
101,26.766666666666723,-25.17565789473678,33.79044056883813
102,26.766666666666723,-29.081578947368364,34.399842281163366
103,26.766666666666723,-24.169736842105205,32.98965577624057
104,26.766666666666723,-25.76308724832209,31.164338914841437
105,26.766666666666723,-22.189403973509872,31.403089973912667
106,26.766666666666723,-26.397539149888082,34.580737396214076
107,26.766666666666723,-27.908948545861243,35.12749307928741
108,26.766666666666723,-24.46379690949221,34.753627121390906
109,26.766666666666723,-24.017002237136403,34.323109100232806
110,26.766666666666723,-24.64481981981976,34.31440541684616
111,26.766666666666723,-23.530201342281813,35.08155563463783
112,26.766666666666723,-26.18814317673372,37.324708790041235
113,26.766666666666723,-20.786222222222158,31.962441427786658
114,26.766666666666723,-21.845999999999933,32.97239623730176
115,26.766666666666723,-26.63004385964906,35.42774620502507
116,26.766666666666723,-25.20397350993371,36.531602319400754
117,26.766666666666723,-21.005077262693092,32.15634309130634
118,26.766666666666723,-24.69846491228064,33.7030998233395
119,26.766666666666723,-27.29372294372288,36.627061406359545
120,26.766666666666723,-22.84503311258272,33.075881762376774
121,26.766666666666723,-21.9505446623093,33.94850581793725
122,26.766666666666723,-25.945695364238347,36.45081793690273
123,26.766666666666723,-21.03180827886704,33.45066155921301
124,26.766666666666723,-26.83179824561397,36.52065652348908
125,26.766666666666723,-19.388596491228,32.24457321068053
126,26.766666666666723,-24.747682119205237,35.36933534027133
127,26.766666666666723,-24.09552572706929,33.92105513500881
128,26.766666666666723,-19.523555555555493,32.21931202490249
129,26.766666666666723,-26.25615212527958,34.29689712905253
130,26.766666666666723,-22.853914988814257,32.120502417851064
131,26.766666666666723,-24.929777777777712,35.88329109698021
132,26.766666666666723,-19.955555555555488,32.62728509898135
133,26.766666666666723,-21.542567567567502,34.65983145126965
134,26.766666666666723,-22.58277404921694,32.779667040340264
135,26.766666666666723,-25.106981981981914,36.6372941840115
136,26.766666666666723,-22.0626666666666,33.65826406033973
137,26.766666666666723,-27.481777777777715,36.37260275143342
138,27.300000000000054,-26.384547461368594,35.88401842245737
139,27.300000000000054,-29.71476510067108,38.17773798422455
140,27.300000000000054,-27.787919463087185,37.106200091512974
141,27.300000000000054,-20.711185682326555,35.44924165537135
142,27.300000000000054,-26.79819819819814,35.717340608966616
143,27.300000000000054,-27.92199999999994,37.545921873531555
144,27.300000000000054,-27.235999999999937,36.35733000016286
145,27.300000000000054,-23.921923937360116,35.229613664123164
146,27.300000000000054,-25.980180180180117,34.29657369964388
147,27.300000000000054,-25.79279279279273,33.05211635438211
148,27.300000000000054,-23.91856823266213,32.61053168489926
149,27.300000000000054,-23.985585585585525,34.22645376853997
150,27.300000000000054,-21.688741721854246,31.502391113661613
151,27.300000000000054,-25.88577777777772,32.57022733785424
152,27.300000000000054,-24.7606666666666,34.104841639557
153,27.300000000000054,-23.618421052631515,32.914143982718336
154,27.300000000000054,-23.693201754385903,34.85222780155132
155,27.300000000000054,-25.779605263157833,35.23943561351124
156,27.300000000000054,-25.041228070175375,36.25128687710591
157,27.300000000000054,-20.915333333333265,34.29715345709117
158,27.300000000000054,-16.53644444444437,31.879616231406082
159,27.300000000000054,-18.066447368420985,31.6216236661757
160,27.300000000000054,-16.758165548098365,31.586509914300162
161,27.300000000000054,-22.068456375838856,34.93925778127326
162,27.300000000000054,-19.565315315315242,33.97110675662404
163,27.300000000000054,-18.05794183445183,32.3672274195264
164,27.300000000000054,-19.191666666666595,33.755200216658
165,27.300000000000054,-21.085333333333264,32.55885712799949
166,27.300000000000054,-21.94134199134192,35.76309375956362
167,27.300000000000054,-20.60153508771923,34.249707246543245
168,27.300000000000054,-22.40968468468462,33.09755288246375
169,27.300000000000054,-23.456888888888823,36.51477276830556
170,27.300000000000054,-21.753111111111043,33.884591952721976
171,27.300000000000054,-24.827814569536358,36.2523973337273
172,27.300000000000054,-11.650772626931492,25.859972403160686
173,27.300000000000054,-18.531555555555485,32.269827619887984
174,27.300000000000054,-22.10425055928405,35.42247825219292
175,27.300000000000054,-19.76848072562351,33.58001753966064
176,27.300000000000054,-18.052125279641988,33.274970006983686
177,27.300000000000054,-20.90999999999993,32.79767194764267
178,27.300000000000054,-21.44291938997814,36.670521222075095
179,27.300000000000054,-20.755408388520898,35.1511218454913
180,27.300000000000054,-26.220666666666595,38.48624529091653
181,27.300000000000054,-24.563777777777712,35.52982011747666
182,27.300000000000054,-23.274613686534146,35.68423423034977
183,27.300000000000054,-22.012280701754314,35.529305852078856
184,27.300000000000054,-17.81275167785228,32.938507232752386
185,27.300000000000054,-18.85234899328852,31.600090442255738
186,27.300000000000054,-18.083006535947636,32.889777438458026
187,27.300000000000054,-23.187777777777708,35.08388094936388
188,27.300000000000054,-21.336465324384715,34.29458323276945
189,27.300000000000054,-17.838031319910446,31.507683098889068
190,27.300000000000054,-21.122595078299703,36.10950580762963
191,27.300000000000054,-24.558558558558488,37.565053608066414
192,27.300000000000054,-20.221923937360106,35.428281479459365
193,27.300000000000054,-21.92522522522515,36.15248458219424
194,27.300000000000054,-20.17114093959724,35.92914347155836
195,27.300000000000054,-17.952834467120105,32.69544658535089
196,27.300000000000054,-16.439999999999927,30.78386133217404
197,27.300000000000054,-13.232214765100593,29.523343666822594
198,27.300000000000054,-17.322072072071997,31.417781912973165
199,27.300000000000054,-22.76556291390721,35.74113338174388
