1.667605776057820566e-01
-1.540148044705423047e-01
-4.645340789277442317e-01
1.140878147594816955e-02
-4.032011789923004574e-01
-2.521385316310558733e-01
-1.000000000000000000e+00
5.870429803202088515e-01
-5.031101836231625934e-02
5.243835433868204721e-01
4.976191662968961205e-01
3.377587504803523100e-01
-8.569637162453745960e-01
2.054515012404616592e-01
4.076188131382881830e-01
-5.415004742638259705e-01
-9.911460199475140564e-01
2.798387281935142967e-01
-2.884421417817507605e-01
-2.928383912239655995e-01
-3.092191373475308147e-01
3.947281900678778488e-01
8.682396459531746546e-02
-2.205235919800780098e-01
4.441796821482479896e-01
1.200565077370464584e-01
-6.134932187320312619e-02
-5.977305395614938011e-01
-6.666246158955291268e-01
1.000000000000000000e+00
2.467077361397728916e-02
1.000000000000000000e+00
-5.178677656717410871e-01
7.805626358167015721e-02
6.154351143144719538e-01
1.985138185132895583e-01
-2.825313838369367114e-01
5.787884557608143771e-02
5.040835066426530009e-01
7.874988874770788572e-01
-4.278864423892909108e-01
-2.212361623890981843e-01
-5.821677138724478118e-01
1.105928802931777505e-01
7.892501741693350170e-02
1.753393578605078051e-02
-4.502554173722639885e-01
1.000000000000000000e+00
4.706210264526621279e-01
1.000000000000000000e+00
8.953132632227988053e-01
-5.674348860141336104e-01
-6.488783353643177154e-01
4.691058585157951988e-02
-7.245058622095355005e-01
-2.501959805773949497e-01
-9.571923867987205403e-01
1.678191960682242634e-01
3.409234502146721857e-01
2.405348793855178191e-01
9.739566501748233573e-01
-1.441806398057619010e-01
2.271194577824461880e-01
4.148023527175130898e-01
3.590982466695931130e-01
6.067305228726608268e-01
1.000000000000000000e+00
1.000000000000000000e+00
-7.287620612686572796e-01
-1.828874368675705575e-01
-5.805436426242923664e-01
-4.438519658074708274e-01
1.414253304427588384e-02
-5.512385197120867053e-01
-8.269791513718507958e-02
-1.952190618753594509e-01
1.036682052782943592e-01
-1.000000000000000000e+00
-2.423043482795361470e-01
-8.900689195107333029e-01
1.686100197398882061e-01
7.815384000353637894e-01
-7.682953170648740837e-01
6.882815121664330738e-01
-7.506800841664102997e-01
-6.744830932333802931e-01
-6.730973135874364077e-01
4.037762629993226771e-01
8.636736533372767477e-01
7.553728496480237586e-01
3.815652407081841779e-02
-7.214614093756337443e-01
3.127356728236151961e-01
9.213824327138333548e-01
4.799532787611792556e-02
7.106128926857748773e-01
3.576943330690159351e-01
1.242563891871902443e-01
1.035958554239583967e-01
1.133782001540060147e-01
9.613490772692826480e-01
-1.000000000000000000e+00
-1.883075207251606875e-02
-5.274969634301609478e-01
1.532652122608307022e-01
-1.000000000000000000e+00
-1.628445809219644380e-01
-3.475060295808111155e-01
5.366221059175595443e-01
4.494645908299574888e-01
-2.008130879979038996e-01
-3.846162611404500553e-01
4.273664263486182668e-01
1.000000000000000000e+00
-1.000000000000000000e+00
-1.746973322591515443e-01
-8.718709338047291313e-01
-3.484148359612920243e-01
-7.967835502946145343e-02
-5.885258618000114295e-01
4.101728783828657576e-01
2.053829899754378366e-02
1.059921720021049646e-01
-4.642464369143820685e-02
-3.673928579173623143e-01
-1.000000000000000000e+00
6.645760716542055135e-01
-3.061381396660234344e-01
-1.801802839480688423e-01
-7.238648172277060144e-01
3.175723110928196924e-01
4.705015011344114151e-01
-6.117518143881999215e-01
8.038984889980915240e-04
1.189199133206951531e-01
-6.920171269923135471e-01
2.394568914861477382e-01
1.000000000000000000e+00
-8.574491259561860534e-01
-4.398955666307096668e-01
-5.174856540920587111e-01
-1.000000000000000000e+00
7.741181782254173971e-01
1.295354599089743319e-01
-3.786278023176588986e-02
3.258579048155250124e-01
-6.376335744509754599e-01
-1.000000000000000000e+00
-7.949899950592949349e-02
3.288908227831550679e-01
8.565383276600784246e-01
7.332275046375604788e-01
-9.673144870427688446e-02
5.075028381057598015e-01
-3.042514108874180279e-01
1.000000000000000000e+00
1.000000000000000000e+00
-5.459471518696418224e-01
-3.120343953199350082e-02
-3.031999620494840730e-01
2.291211587074084288e-01
3.030004853673098908e-01
8.243082524886425899e-01
1.051461685224685805e-01
-1.731267487905077673e-02
-2.799909142236077231e-01
4.122677310811142526e-01
-6.154296245652794983e-01
-1.000000000000000000e+00
7.138106801179514571e-01
-3.792813083158290133e-01
5.207095370851558824e-01
-2.447398029500474359e-01
-2.932249816392796249e-01
-2.030334010742196882e-01
-6.120867570948496095e-01
-5.916230482750532982e-01
8.850745681197551562e-01
-1.000000000000000000e+00
5.836412571914116887e-01
-2.347808495581360788e-01
1.390809129272874145e-02
4.301954190111336174e-01
-1.781385529016710767e-01
-5.417669588818243565e-01
-7.767312548796804217e-01
-1.675557636838683473e-01
4.674586850438829932e-01
1.000000000000000000e+00
1.000000000000000000e+00
8.758434023688224102e-01
-9.062492702331059746e-01
-4.138069405043083293e-01
5.800498678581436085e-01
-5.728084313575498854e-01
7.723336622820893560e-02
2.689616101149566174e-01
1.000000000000000000e+00
4.750234522540401350e-01
8.421360624521276872e-01
-5.672395820104929598e-01
-1.143634425632404361e-01
-4.270871659344877003e-01
3.199533095727900012e-01
3.416680201031816466e-01
5.086013297015327117e-01
-6.399971141188485202e-01
5.183693448963556660e-01
-7.398754068020642061e-01
-7.771320272461180734e-01
-4.221975561514895170e-01
4.880329999196370561e-01
-2.937143028112134888e-02
-4.721479369358096978e-01
2.956797485048446861e-01
-3.575233561756859246e-01
5.971548114702241589e-02
8.212335399105669120e-01
-4.186844037496487148e-01
6.212554935660704603e-01
9.221680372829785810e-01
5.749630198370410117e-01
-1.000000000000000000e+00
-2.238956567548179011e-01
-8.084379555059789668e-01
-7.014856973543271978e-01
6.085771753914286375e-01
7.207569280410019985e-02
2.915898120660523340e-01
2.148064542353048667e-01
8.763465596850548156e-01
6.489786642122983285e-01
4.332256820917888135e-02
7.273639733521704009e-01
-9.314518697305128603e-01
1.000000000000000000e+00
-4.921473458840391335e-01
-3.532098436809925079e-01
1.000000000000000000e+00
-1.281725249301267078e-01
1.000000000000000000e+00
-1.000000000000000000e+00
-1.000000000000000000e+00
8.071223936194098503e-01
9.449624162888737855e-01
-4.130036701302519653e-01
-4.621718564577391442e-02
6.951643428791737245e-01
-4.085156497742025716e-01
-5.853069764722972357e-01
-5.114751113179710762e-01
1.940059440284374048e-01
-6.137505039743237356e-01
4.332931255110328284e-01
-1.736094945945217960e-01
4.677848790761159337e-01
-1.094717291061077236e-01
-1.000000000000000000e+00
-6.541996643582267956e-02
-1.344381822428994122e-01
-5.216911918566465856e-01
8.930992314982298952e-01
4.996704739463062594e-01
7.258653313350091896e-01
-8.717068871658189763e-03
