-1.000000000000000000e+00
-1.503528314119477738e-01
-2.240807435405228754e-01
-3.060598972644521520e-01
7.318802893028215628e-01
4.343194782582331381e-01
4.597425762010322048e-01
2.414948532630108446e-01
-4.901911399909814060e-01
-1.000000000000000000e+00
-2.244162648781907743e-01
2.598603379524735413e-01
1.000000000000000000e+00
-5.368699293809112705e-01
-3.793021594476982949e-01
2.952968759332357251e-01
-8.408477653059200918e-01
7.924834540952510054e-01
1.000000000000000000e+00
-1.000651797742948268e-01
1.518437670580071730e-01
-7.165458393795410830e-01
6.122350761596015989e-01
6.397855580322652225e-01
8.007037461619797014e-01
5.676425814215569909e-01
-9.895391492571860015e-01
-1.377306082997331593e-02
-4.357443243302165370e-01
-3.072654727067802849e-01
6.929605190577816654e-01
9.185904172212434604e-01
4.913885687183506823e-01
-1.000000000000000000e+00
-3.135386008250140577e-02
-9.152932313240587092e-01
-3.477704967893171517e-01
-8.460273291911479809e-01
-5.153518343815406688e-02
-5.924138669486287423e-01
-6.393312111997657698e-01
2.032325505865257287e-01
1.527855244565941850e-01
-1.712692034278742170e-01
7.769070414776830802e-01
-8.585056740551678667e-01
-7.352963151472182712e-01
-4.317869719351091762e-01
4.888644353093919981e-01
-2.722092688912779446e-01
1.752350051872221259e-01
-3.340589205713296872e-01
5.660091171301605550e-01
-3.142791577451836682e-01
5.212401761682470269e-01
8.147207385885109066e-01
6.938516125752183239e-01
-5.890125173666995728e-01
-4.630840059327233638e-01
-1.069615518024808198e-01
3.045891356134287076e-01
-2.701640570377366046e-01
8.858374260705625947e-01
-6.402034784349638352e-01
7.619135761125902517e-01
-4.066693896247081663e-01
-8.006443828120022310e-01
-4.135558497237339370e-01
5.889859958195029499e-01
-7.056900259578897661e-01
6.707272446420402545e-01
2.885604265530024026e-01
5.833978527351039167e-01
-5.865411079055139476e-01
9.293320215529234929e-01
-1.000000000000000000e+00
4.051667893246486685e-01
4.232935141885291186e-01
6.574869630526052333e-01
4.681678092078251363e-01
6.140297229760960374e-01
-6.450141679181943255e-01
5.812681576623876523e-02
4.093960495050452675e-01
-8.631761923578207263e-02
-5.970014962094210009e-01
1.000000000000000000e+00
-6.767736270082841399e-01
9.600505762238569218e-01
1.655622623181094433e-01
9.133933276457567585e-01
8.876981780018022850e-02
9.896307581658042585e-02
-1.000000000000000000e+00
-4.084091000289455931e-01
4.252473733038789061e-02
-1.864171281876811914e-01
1.817523553228741484e-01
-1.000000000000000000e+00
-1.205818759577132193e-01
-5.867481358324986296e-01
6.147364148835007258e-01
8.745646722981158527e-01
-4.736549755212192125e-01
-8.951785396130154115e-01
-3.548341473977054683e-01
-1.000000000000000000e+00
-2.155352340953066159e-01
2.462495114794870932e-01
-3.200597199672634563e-01
8.621971086349076996e-02
3.693833789857192684e-01
-7.399676273474657950e-01
2.579096499435051260e-01
1.877251597299360864e-01
-1.000000000000000000e+00
-2.699263781198218415e-01
-6.590414524816335939e-01
1.376980625832890937e-01
3.848248469544095496e-01
-5.517743847107570154e-02
-4.844271552353625054e-01
7.207952777483653817e-01
-6.063783665269069090e-01
5.197210258167281882e-01
-1.917709158978040118e-01
-2.250579546413434273e-01
-8.115207031651598957e-01
-6.564578426809611900e-01
2.529587069526703091e-01
8.735812422865116833e-01
8.706085158406523528e-01
-1.309001214141468639e-01
-7.832782142492586974e-01
-4.660618957843426502e-01
-1.000000000000000000e+00
7.888146934086920359e-01
9.848190782876431459e-02
4.903194956086029399e-02
2.381042869074253276e-01
-5.848684761911902008e-01
-8.531639358083706881e-01
-8.889361813232080634e-01
1.000000000000000000e+00
-7.337180428964782397e-01
-1.331810330473265913e-01
-1.000000000000000000e+00
-1.359859365522141095e-02
-6.258295431103561013e-01
-6.164536059226960463e-02
-3.371813606876126745e-01
6.309924622289423413e-01
-9.496235702250739319e-01
-1.000000000000000000e+00
2.301159069121461176e-01
-7.039653859324634944e-01
-3.189311290512538699e-01
6.680722703039478905e-01
1.000000000000000000e+00
8.840964498262784410e-01
7.583279895204253496e-01
1.871319738242009922e-01
1.614983953797610727e-01
-6.214386965299687482e-01
3.104141246576764823e-01
7.053605937346336674e-01
-4.400223423975541115e-01
4.277333313593018604e-01
-1.721080528322066483e-01
9.340295748023862421e-01
-5.388832731155274169e-01
-1.000000000000000000e+00
-1.000000000000000000e+00
2.422972490281462832e-01
7.176031149281292265e-01
1.401808693905389203e-01
2.349794501405891856e-01
1.771404711302524970e-01
-9.482051950527859985e-01
-3.118267115318142380e-01
-2.413402727548432658e-01
8.679735120189813191e-02
2.701640570377366046e-01
3.459824195112920497e-01
2.701640570377366046e-01
1.000000000000000000e+00
7.587536870266056166e-01
3.666355589431649076e-01
-7.258162489820058072e-02
8.999958477162630643e-01
5.290781064020912972e-01
7.196261611010326131e-01
-5.844386045877564273e-01
2.051646009167739093e-01
4.185495704493493174e-01
-8.948282508326298457e-01
5.879939069314961131e-01
6.194287502487056951e-01
-7.371848716356258491e-01
-8.964026458120678553e-01
-1.000000000000000000e+00
5.699333059877832453e-01
-2.783160205270694409e-01
8.699394028181857141e-01
-4.513846015299223802e-01
-7.031965212653517039e-01
-4.028103938454639099e-01
-1.558096780568618556e-02
-2.842860790214807309e-01
-6.808356359601417385e-01
-5.225650632391085626e-01
-8.382304548529933008e-01
8.854831626630514929e-01
6.681757945578172819e-01
4.998868053493090158e-01
-5.526441572126024049e-01
3.083241535692873292e-01
-1.000000000000000000e+00
1.000000000000000000e+00
3.878871127225963500e-01
-4.168779073104236232e-01
8.069136221939541276e-01
-5.488096279028047420e-01
7.585146640150943753e-01
2.800052518375490407e-01
6.199557410997865725e-01
-5.705980403352340913e-01
4.851550958147523018e-01
3.730443867757321508e-01
3.595214738918683928e-01
-7.691813961406706035e-01
8.840423471521722254e-01
8.098977225586609929e-01
7.403422989541786903e-01
4.651314237116058736e-01
-3.147922157833568102e-01
4.681371356388577820e-01
2.739213189464662079e-02
-1.828301322949421603e-02
-1.490581198822205078e-01
-6.936820135447778757e-01
3.980855748831412799e-01
-4.636664296042930511e-01
3.506228442339598406e-01
-4.469707406299033847e-01
-1.706648478458121510e-01
-6.662308014468806272e-01
-7.908474438086574576e-01
-1.991329660476232055e-01
-8.434861373189669331e-01
-4.159251722673796836e-01
-3.808374529162971700e-01
3.448507265898067553e-01
-2.894560026946499387e-01
-1.000000000000000000e+00
-2.412851867266373740e-01
-7.702776676485424412e-01
-8.110996337421338964e-02
-4.667943260219672430e-01
-9.628237855631958109e-01
3.742254493527250592e-01
4.502238095777537641e-01
-6.080916020487926454e-01
5.903239163135524104e-01
-7.910103609772117794e-01
