-3.338513447641472953e-01
-5.477198767564752657e-01
5.803981774695470275e-01
-6.811624933756196265e-01
-3.701024569990650492e-02
8.004399189736537412e-01
7.546748831435128313e-01
9.552029203271443780e-01
1.968811923904149608e-01
-9.558771980115394751e-01
-2.644968736674985915e-02
2.983165313158422927e-01
1.010032346769826062e-01
4.259284472168939906e-01
-3.321289133556769579e-01
2.228507863229823860e-01
-5.465423608143894496e-01
1.562485540178543408e-01
8.822322847364028053e-02
-2.735127830868918641e-01
-9.852736708770132301e-02
1.600125268087754238e-01
-9.120972566489879974e-01
-7.554908292616990817e-01
3.980366899530737856e-01
-4.872037787753583093e-01
-8.367721967435749475e-01
3.904953501472546162e-01
-2.011220509617115404e-01
7.706417736838790944e-01
-1.627987959937758078e-01
-5.573930764514052338e-01
3.970938320394203913e-01
5.730603680165202718e-01
6.432029480519352305e-02
5.201863638004595725e-01
-1.000000000000000000e+00
-4.570702022590105718e-01
-9.342361827501078908e-01
2.360810765809989165e-01
-8.459424884210157147e-01
6.134717852737584520e-01
-2.203819465606381839e-02
-2.165771384022765755e-01
5.286807785214496791e-01
-2.950985611673414000e-01
-1.000000000000000000e+00
-8.964189867578383764e-01
-3.048409877414383351e-02
2.933948734660807856e-01
-9.698219737719526723e-01
-2.858980822087740098e-02
8.983703017055963413e-02
-6.551835176239707570e-01
-3.823147149674505640e-01
4.895865142463037278e-01
2.712097709095434017e-01
3.056195685177162669e-01
1.476805970837719029e-01
-1.815404483886765008e-01
4.351821679351102201e-01
1.866150208715334005e-02
-6.942609135724819858e-01
-3.400915279484664072e-02
5.009208670056627399e-01
-7.763717066763563546e-01
-1.000000000000000000e+00
-9.954768886335255695e-01
-2.512069466260575257e-01
4.609279184418474951e-01
4.684719002409584165e-01
-6.539132469443442730e-01
-1.000000000000000000e+00
8.710145186287598928e-01
3.992868482497107241e-01
-1.646640587268615730e-01
-9.013683690952105643e-01
-4.496146983994255275e-01
-3.523152922616440974e-01
1.717380051738882640e-01
5.523971238810712059e-01
-7.661297221279698144e-01
-4.636544766218022584e-01
-9.198491370441571613e-01
-9.083055488342002270e-01
5.248869876000650248e-01
8.434500094067715059e-01
-5.165639710224079195e-01
5.553445728937498327e-01
-7.526025480246945065e-02
3.043107616690785555e-01
6.954674156299957000e-01
-4.874147641964776123e-01
4.963934474144757192e-02
-1.128913274223899144e-01
5.520621990398709711e-01
4.580144983252650015e-02
7.734554745460823222e-01
-2.023756143534141683e-01
-2.645821892397260955e-01
5.484954953688218060e-01
-2.942831103184788133e-01
-8.948965471113650150e-01
3.447636401199375422e-01
-1.256280994905876192e-01
6.215805229855360103e-01
-2.096955689333716844e-01
-3.882324235010706226e-01
8.202419817158811410e-01
-3.625058439153894807e-01
-6.983919011205583782e-01
-7.995559357415406021e-01
5.203215502021032446e-01
-6.772539381081460474e-01
-2.509936062538835611e-01
4.543505537496790592e-02
9.284849269702467600e-01
-7.098525240508682943e-01
-4.839601542094685849e-01
-5.703349084227993249e-01
-1.062341681000498889e-01
5.632463906413976984e-01
-3.917349575838646736e-01
1.810389913618855318e-01
-1.000000000000000000e+00
-1.514695870730947691e-01
1.000000000000000000e+00
-9.668873499158923135e-01
3.016833474871803422e-01
7.728330839587326251e-01
-3.778799684771258494e-02
-9.761598446791415196e-01
3.443618818393824887e-01
8.682059538870547100e-02
-5.253744285939625502e-01
1.232895450425349343e-01
8.458800245901760828e-01
-1.000000000000000000e+00
4.970732216799053083e-01
4.240216425510610065e-01
-2.277737586390166380e-01
-7.589937033776877895e-01
1.000000000000000000e+00
6.693698101659465438e-01
-1.334060751541060741e-02
-7.089268864614947097e-01
-1.000000000000000000e+00
5.093879152205444960e-01
7.601938815281383821e-01
-4.268603566678366712e-02
4.180693211301045875e-01
-1.396928272143551641e-01
-2.306667662197553204e-01
-8.982972366815578091e-01
9.094913635069844515e-01
-4.058582813894074937e-01
-2.058990121774366411e-01
-4.424584194065232512e-01
9.868841769597356262e-01
-1.000000000000000000e+00
-1.062630167781858648e-01
-3.685308230980213762e-01
-9.531510703993674172e-01
2.336469117346810509e-01
-1.823096181795069437e-01
-1.000000000000000000e+00
-7.164529387290764495e-01
9.279261932410062252e-01
5.813941902222655722e-01
-4.196830538558113388e-01
-5.199259421300607142e-01
-7.678208319224457679e-01
-7.605714415979666909e-02
8.140291347434588376e-01
4.121925688373220265e-01
-2.293839440288288345e-01
1.014233270866319869e-01
-6.123536288437950725e-01
8.279287423788236344e-01
2.050709187059251704e-01
2.838970566328897771e-01
-3.982967563410794720e-01
-8.724908704271081561e-01
7.608524104472770277e-01
4.051253743416319275e-01
-4.796143289123967479e-01
8.155076869255963867e-01
-5.745507871542209211e-01
-3.354191487669157951e-02
3.844348738411790811e-01
-4.291984293881696555e-01
6.095184724031178503e-01
2.695579159228295718e-01
8.339852180020028705e-01
1.502935979732265004e-01
5.074917435357588769e-01
-8.488384501689053563e-01
9.282854943326134256e-01
-7.203709356090930438e-01
1.336586800551162191e-01
-9.695273718313772715e-01
6.424081505144552118e-01
3.281047171724150169e-01
-5.826415256176807889e-01
4.266633158707731632e-01
4.243074998224481420e-01
-9.898906769877469092e-01
-4.600201611343790464e-01
-9.758197247812183672e-01
7.025512164003749893e-01
-3.884764199186638844e-01
7.016384460891247343e-01
-4.580791392789749783e-01
-2.517987670611248063e-01
8.380667635602140342e-01
8.530475551939514789e-01
6.795845987326069038e-01
-7.771690089681667635e-01
-4.278455712827901603e-01
7.314424538210385629e-01
6.623417349119223307e-02
3.442309432090564503e-01
-5.025065148948564264e-01
-3.142546227675686865e-02
-2.450233860779676975e-01
8.754557330513123015e-01
-7.511519590535976620e-01
2.595758970204719018e-01
1.740999306120819823e-01
2.821492614155224898e-01
3.109492537232871889e-01
-1.772029531737139008e-02
1.265161420837356554e-01
7.986167906677603401e-02
8.507854940672935351e-01
-4.713023613308333082e-01
9.562551280764209904e-01
1.000000000000000000e+00
4.902679528015713856e-02
8.233539964569702718e-01
3.670862709156536563e-01
-5.995460702256054653e-01
-2.787539361329605669e-01
9.203035617115025158e-01
-7.302532868289168810e-01
-1.155865288108847838e-01
-3.537901030101408550e-01
1.358395150664376896e-03
5.583673190956653931e-01
1.255716236099364280e-01
8.438039225354183603e-01
-5.050678383954172457e-01
-8.851383200490814396e-01
6.576622533511718993e-01
2.375308591800665559e-01
-1.058923038489206353e-01
1.000000000000000000e+00
7.210819902060278119e-01
1.000000000000000000e+00
-1.718096718377713217e-01
-8.124226947515350572e-01
-2.984266326079201143e-03
1.000000000000000000e+00
-1.426725755134213292e-01
3.228458777543998237e-01
