-1.000000000000000000e+00
-1.000000000000000000e+00
-3.377176819645662520e-01
1.000000000000000000e+00
-9.701447114832802976e-01
-3.287377245482742127e-01
1.127946673490733964e-01
8.135253890211784356e-01
3.905269299577602271e-01
-2.983805178195128582e-01
2.871127795741071909e-01
8.291089867354493048e-01
9.267385698826036133e-01
-7.037069353262499494e-01
8.941037031368310739e-01
9.248013925726208395e-01
-4.902018626960485403e-01
9.379946773075447108e-01
-1.630092461547420490e-01
-6.091786557730036744e-01
1.000000000000000000e+00
4.079051275196045601e-01
-1.363498499300960010e+00
5.298929808453570756e-01
5.145957059709639625e-02
-1.681995902261787801e-01
-2.921087250426640178e-02
-4.467521926043314107e-01
-2.534990503826743402e-01
6.074811086995901555e-01
-2.786518254827470287e-01
6.826979675074079656e-02
-1.000000000000000000e+00
1.118284052104238313e+00
-4.925473254698423675e-01
8.996580864883954032e-01
6.803894925702654861e-01
-1.000000000000000000e+00
-8.718232195891975622e-02
-1.668998280147576896e+00
2.979362823636937385e-01
8.876754378122088118e-01
-1.000000000000000000e+00
5.179958675912949007e-01
1.077018412374166623e+00
8.572564526486516900e-01
3.984105498990725414e-01
-7.608643019074841363e-02
-5.782908183220177856e-01
8.215678550297745852e-01
-1.420537451272817053e+00
-9.677260672022486299e-01
1.138371561911190877e-01
1.846159477823614004e-01
9.756172174903176009e-01
8.178091015918058648e-01
-2.893235296882905594e-01
-3.782998059876131469e-01
1.951902386250585764e+00
-2.949785263042846495e+00
1.446080106401179399e-01
-1.000000000000000000e+00
3.623410478797386980e-01
-7.429799928665679065e-01
-3.016666724321172555e-01
9.754317675534975862e-01
-8.754847154406084631e-01
1.000000000000000000e+00
-5.343730514020385014e-01
4.329487819157440964e-01
3.471767407542726280e-01
2.514112748097331318e-01
7.294622881518127988e-01
-1.000000000000000000e+00
-1.000000000000000000e+00
-3.731167656956276280e-01
6.723934221447299686e-01
-1.789781609683724239e+00
-9.453703861544837661e-01
-2.395788937340273816e-01
-7.155555564162989768e-01
-1.203266696191849922e-01
1.060512827061231622e+00
-1.000000000000000000e+00
3.196018802536054748e-01
-3.717412901559893346e-01
-1.041895735468103323e+00
2.296132125887551390e-01
-1.000000000000000000e+00
-3.291798950765663645e-01
1.087184274196526079e+00
2.216251960190037673e-01
-4.178059454336316425e-01
4.027927033361411446e-02
3.052805176284754118e-01
-5.094691091778125180e-01
7.961139670385732892e-01
1.000000000000000000e+00
-1.133302301788566613e+00
4.597556868259909946e-01
-2.899499337919210842e-02
1.000000000000000000e+00
-7.626794919674717566e-02
9.646066182244625864e-01
2.705075096001621771e-01
-8.706753167275586014e-01
-5.662179469925728847e-01
5.048057831788936856e-01
1.585916456965932309e-01
-1.000000000000000000e+00
1.170749555374636097e-01
1.000000000000000000e+00
-9.377555239479919147e-02
-2.711038522639872550e-01
-1.000000000000000000e+00
-1.201886149144802740e+00
-3.373282960585422541e-01
1.183332357325078465e+00
-1.340311990940337705e-01
3.667700376477449620e-01
-7.788548900794867169e-02
-9.598885619706712391e-02
1.000000000000000000e+00
1.000000000000000000e+00
-1.947878076018582649e-01
8.549730287123800121e-01
8.922903094149936543e-01
1.000000000000000000e+00
6.788573248211006161e-01
9.169188177875747803e-01
6.216231052167906501e-01
-1.000000000000000000e+00
-7.854740069038655959e-01
4.218322476826303347e-01
-1.000000000000000000e+00
-6.330903666508344019e-01
-5.944880868973259069e-01
-5.399762689425798012e-02
-1.222106905310961666e+00
8.364803371471085658e-02
-4.310517169626592038e-01
1.000000000000000000e+00
2.953692323432341449e-01
7.127426012947116751e-01
-2.733306198325423653e-01
4.788941238352936169e-01
-1.000000000000000000e+00
-4.818461783370067142e-01
5.147717058085530262e-01
9.988030323063711302e-01
1.000000000000000000e+00
-2.708421546146572156e-01
-1.288357839864423315e+00
1.000000000000000000e+00
-6.585993077158980302e-01
3.775310398591140704e-01
5.755704365635454511e-01
-1.000000000000000000e+00
-5.360113530995318509e-01
1.000000000000000000e+00
2.913654254007060351e-01
4.434759512164864748e-01
-8.790046198335641492e-01
3.586240563080344002e-01
4.960865474090601634e-01
4.758664073606222455e-02
2.644125953022975484e-01
-1.738733679653532704e-01
-2.129219392863481164e-01
-1.748362726062272499e-01
1.000000000000000000e+00
3.161269517408005214e-01
-3.343983881372021294e-01
1.603193872225977257e-01
1.707025223284796223e+00
9.148385217760056642e-01
-4.219414312415938340e-01
8.532865687487136697e-01
1.949196451013503750e-01
-1.743230213591667743e-01
9.883449846265153216e-01
-2.422147043683789414e-01
-2.281721446277973353e+00
-1.000000000000000000e+00
9.947234252609079563e-01
9.514023341054986815e-01
8.605095670684970166e-01
9.256224590633709282e-01
6.824328761195782578e-01
-1.021305431129622410e-01
1.520751876626487697e-01
1.000000000000000000e+00
-1.000000000000000000e+00
5.090537825507452929e-01
-1.000000000000000000e+00
-5.341135648312844708e-02
-3.385631277667176531e-01
2.283007707574693235e-01
-4.766564697371017956e-01
-1.000000000000000000e+00
1.000000000000000000e+00
1.264339176475500759e-01
4.248103996869245225e-01
-4.536797100282893291e-01
3.487242351406060203e-01
-9.586830604225653474e-01
-9.019917527810566993e-01
9.664709770560109270e-01
1.194806300798857135e-01
7.833372396353829314e-01
-7.689953023387910980e-01
-1.000000000000000000e+00
1.622979468013635018e-01
5.046269605255578050e-02
6.479221614419025110e-01
-1.317054486007994463e+00
1.509082510675963995e+00
-1.000000000000000000e+00
9.461113221603369983e-01
-1.000000000000000000e+00
-1.126505043314763727e-01
-5.034306184233677817e-02
-1.003133598147315730e+00
-7.132893600873993489e-02
5.588645337009540137e-01
1.000000000000000000e+00
2.571915837981016417e-01
-1.000000000000000000e+00
-1.000000000000000000e+00
-1.000000000000000000e+00
-5.356515264596133363e-01
8.663732501926282858e-02
3.412830723738060623e-01
1.000000000000000000e+00
9.490238731876247114e-01
-1.004931457027211789e-01
-5.674451344088489169e-01
-1.602001775589341759e-01
2.761424142232211665e-01
1.157532864660294925e+00
3.398705025151542158e-01
1.000000000000000000e+00
-2.685049226542796097e-02
-6.679909692358395601e-01
2.026521877159355167e+00
7.832766651255569368e-01
6.425109088998265383e-02
5.587433919943342042e-01
1.432778243525834050e-02
1.000000000000000000e+00
-6.694156957066456082e-01
-6.628543391301886523e-01
-2.071519712119517659e-02
1.000000000000000000e+00
-5.914594469653023934e-01
6.699060848467357498e-01
-1.000000000000000000e+00
6.901783014277385053e-01
1.972007138353105149e-01
-9.336868632493214859e-01
-3.110543108673858304e-01
5.140615600783327022e-02
-2.103445826024328003e-01
-1.000000000000000000e+00
3.068747377085079830e-01
