-4.400011743912478623e-01
5.930851499681513150e-01
3.880830357840274747e-01
-2.055428570625519313e-01
7.240252280326786583e-02
-2.918365179620557859e-02
-3.681723734751638499e-01
-1.391250432583686636e-01
-6.987374112498606626e-01
-4.215793501144721178e-01
-5.913154184993736351e-01
7.452287794895017248e-01
5.839763116565158674e-01
5.848584520664429354e-01
-8.915892406792221836e-01
4.263100450434650357e-01
3.830366542863643531e-01
5.262106307218177292e-01
-2.158117730572638726e-01
-2.955214808786439940e-01
-9.629907624101112784e-01
4.391466367686521766e-01
8.530671723441903831e-01
4.538694966144714016e-01
-3.603904612852877332e-01
5.656835279808855033e-01
-7.697289771762839683e-01
-4.904111556217412293e-02
-3.614128127096739584e-01
4.186323745666624685e-01
2.192043201267743213e-01
-5.285691149664460964e-01
-2.403001021791622838e-01
-5.497820640052478725e-01
-4.769610903661370416e-01
9.176765100684588505e-01
-9.300416622684548607e-01
-3.364682498884825068e-01
-4.102901059845015519e-01
-1.901673736264190007e-01
8.584599922686791951e-01
-9.272387357587370815e-02
-4.293158265413952734e-01
-8.152076431513138877e-02
4.684917282031697550e-01
1.576876345945992519e-01
-6.949843196779045273e-01
-3.056936847499000867e-02
6.165777775462232685e-02
-6.760926350896846460e-01
9.377308429042173765e-01
1.062972630808053237e-01
1.000000000000000000e+00
-2.701047474578297525e-01
-1.643376530045539685e-01
2.924393780391727482e-01
-4.530296636355368167e-01
-5.560605552983180488e-02
-2.982136850640139669e-01
-8.720207292331028093e-01
-4.155143061581254571e-01
-2.702186092105079984e-01
-3.834475601152464441e-01
-2.864687921469071807e-01
-2.300206650173376721e-01
5.568452016061914422e-01
-7.191123702820996222e-01
7.792821772985657480e-01
4.468986983300965998e-01
9.479707863283278746e-01
2.591114971783486376e-01
3.513437742710242007e-01
7.591105889399877293e-01
-7.476951679516782301e-01
-1.354422055655830071e-01
-6.156268644669753431e-01
5.949283966862453088e-01
-3.412457590305687516e-01
9.400121468375273182e-01
4.124825338295686761e-01
4.064212424514247468e-01
-7.529919829510214324e-01
2.617574078102936075e-01
8.794323227094898998e-01
-1.382218431398134495e-01
8.215000333809673316e-01
3.020933901693678147e-01
2.390291221861498908e-02
3.931820050656518739e-01
-7.104340894262606287e-01
-3.834941290825442106e-01
5.745483146622146764e-01
8.261596410086188280e-01
-1.678656038058631839e-01
-5.193067966615598774e-01
-5.561672391147371997e-01
1.858068512674690698e-01
8.704333516756657119e-01
8.060380901124716280e-01
-2.668979649263432674e-01
-7.626845513460634995e-01
5.814726720498762935e-01
-4.092096338314242798e-01
7.249623566028583210e-02
-1.961107846182452707e-01
4.826178197820554794e-01
2.896913677924043973e-01
-6.314451008984982572e-01
-1.950306419757405207e-01
-4.798838244901477701e-01
-5.338111207038100936e-01
3.241831057254499632e-02
4.756152264708295996e-01
-3.550867985274581973e-02
-9.372031820565934757e-01
-3.506080496340550079e-01
1.484355867100544124e-01
-5.942908013779980569e-01
7.941073781533535270e-01
8.480407197697726884e-01
-4.783700714669907872e-01
-9.522653068000447307e-01
-7.130681605485933439e-01
-3.685964643239094118e-01
-5.548913574425221595e-01
-8.846652157517444215e-02
3.049722953255107338e-01
-4.789184853485889404e-02
3.493155701384034195e-01
-9.616859760635554366e-02
-6.945652812339361271e-01
2.971084535881860500e-01
-2.654187855154359621e-01
-1.146007778590375364e-01
-2.669712766060013398e-01
-9.989105940401505901e-01
8.953164690942601034e-01
8.737619152089277641e-01
3.663088271691488651e-01
8.043946613979010563e-01
-9.693622137796593652e-01
-5.780129704904336529e-01
-2.742956957335850321e-01
-6.418995240259847690e-02
-1.000000000000000000e+00
-9.158638037047747704e-02
3.824935818479440197e-01
5.521299085025753728e-01
6.636975049905140533e-01
-8.651612049688486294e-01
2.700222083494430714e-01
1.034073552386749334e-01
-2.007235364807950784e-02
3.105971119104595224e-01
8.286259734578425018e-01
-9.410223418493172121e-01
-5.671796946509467530e-01
-3.707274922696098818e-01
4.030729167701062043e-01
-2.708077333497039274e-01
-4.943465168626273026e-02
1.246012913302801950e-01
-1.393269929611378188e-01
-9.267096931920228986e-01
-1.802904407916654517e-01
-9.428372631915361846e-02
5.697331362831057344e-01
-8.005615510375350963e-02
3.305896153108035529e-01
-3.217904485755442301e-01
-2.343776192532876224e-01
-1.691810722824770852e-01
4.960411781009128607e-01
-5.147854918069151298e-01
2.623094402773579192e-01
8.311650447834174615e-01
-8.956358759192443175e-01
-6.568157650718356999e-01
-9.515036861975429971e-01
5.134716651065297510e-01
4.504315389026292138e-01
3.213211075781672310e-01
-1.755573855832290309e-01
-7.474560316119903680e-01
7.700554134451422783e-01
4.328835620830641384e-02
-4.294345216962888179e-01
-1.095959581670266636e-01
-1.030890229692548593e-02
-1.000000000000000000e+00
7.100045869453598391e-01
-3.075863291961138946e-01
-2.922373108063697211e-01
4.018940985052869008e-01
7.223912777681639197e-01
3.753094862463466352e-01
8.788091906690866928e-01
1.805438484131183241e-02
1.000000000000000000e+00
-5.094344220604801743e-01
-3.061648517704839700e-01
8.185241881343903181e-01
7.082993231491239161e-01
8.797315651328646569e-01
4.518973935455374846e-01
-9.677643416438519441e-01
4.612001006143320869e-01
7.068636032776854927e-01
-7.142300974434556693e-01
-3.648348357362085070e-01
-7.086568571163933683e-01
-3.003465853138520547e-01
1.000000000000000000e+00
-9.946268983854388013e-03
-4.656322471164313637e-01
6.188376895860794313e-01
-2.560527469362004482e-01
3.934623940242315543e-01
-2.422386950955730534e-01
-6.953067349343185211e-02
-6.041101175438013948e-01
-1.000000000000000000e+00
5.058917096392273605e-01
4.816297688002557087e-01
5.903283271301855706e-01
5.327368106280065962e-01
-5.528457586826167613e-01
8.146458957637378040e-01
7.795624820307766045e-01
-2.454575246210596862e-01
4.105257749626308739e-01
7.527566102586202845e-01
7.655826633717807139e-01
-3.326882062635287962e-01
-7.750434178561270704e-01
1.203961492726184079e-01
-6.481535680313404990e-01
2.677316700746086298e-01
5.162444060052668870e-01
6.780586621025467275e-01
7.620594025802055471e-01
6.653272263332421499e-01
-6.117296358968183911e-01
-8.663757998484492573e-01
-7.535215233020311487e-01
3.985259386868925668e-01
1.800951395594443671e-01
-8.797271676495158066e-02
-5.185724953364879708e-01
-9.072614420595840334e-01
3.752311935658038666e-01
9.334169840592065892e-01
-7.821107031779463981e-01
3.999847007277815836e-01
-2.974878581157198165e-01
-6.577482771823246477e-01
1.000000000000000000e+00
-7.953090161505320665e-01
8.997459857031503416e-01
2.587076883254856852e-01
7.132622616195678500e-01
6.421320791944939987e-01
7.485321565898671592e-01
-5.062234840582264805e-01
-8.563694671394108671e-01
