-9.693181940907944494e-01
-4.392874451896394139e-01
1.000000000000000000e+00
-2.311813922972772717e-01
5.382084458311220398e-01
4.479890583186402209e-01
4.613138052885391027e-01
-9.226841618841578052e-01
1.312028294065448186e-01
-2.217675469594339588e-01
2.533757913957912500e-02
1.463419921771929311e-01
-4.997769141420244088e-01
9.691757172941174447e-01
7.841439944420585118e-01
-7.628034212099384925e-01
-3.741676621205354270e-01
7.354601371992718351e-01
-9.784194844348859110e-01
1.546214004640515949e-01
-4.978638264218760989e-01
-2.400095327266517087e-01
-2.589770709777721169e-01
5.071647261711462185e-02
-5.987658002994208362e-01
-7.962011783998507175e-01
3.041291061673989660e-02
1.000000000000000000e+00
2.209547060588052531e-02
-1.000000000000000000e+00
-3.459876668830659807e-01
-1.000000000000000000e+00
6.399894139795812009e-01
-9.354415373451649973e-01
-5.189502681310442789e-01
-8.441185702967544113e-01
7.263068468076316897e-01
-9.665321540075755280e-01
7.416241326987624838e-01
9.260972015985190486e-01
3.253933383853110928e-01
-4.161876419401909777e-01
-7.344397716865491699e-01
-5.787948516795066167e-01
5.537824431290507832e-01
1.854893118770318816e-01
3.223403697342263619e-01
1.454710969809043519e-01
2.206000393187600994e-01
-8.172831197705947570e-01
-3.149187329995357665e-01
7.459179145274636991e-01
-7.455074974994280179e-01
9.427412992731354358e-01
9.805216295035051877e-01
1.287719221470029207e-01
-4.354206931021777360e-01
-6.242581281115272551e-01
3.710287324740156323e-01
-7.105106035751753701e-01
-9.855552921502237496e-01
8.217716230943739042e-01
-3.064687916727887873e-01
-6.756102205576773878e-01
-7.617035904182243300e-01
-2.505450037794505480e-01
-1.033530849188203371e-01
-1.712954965641096117e-01
3.183650778392191349e-01
-3.750599115508900794e-01
-6.972520490859425157e-01
-2.924729396824412020e-01
-8.879267075018754118e-01
-2.021625860738913982e-01
-1.607364614491675336e-01
3.302272264789043454e-01
4.454585097680357486e-01
-4.062294730546413546e-01
2.659968110921629436e-01
9.793600788777338806e-02
6.244387894249181503e-01
-5.820318368534037612e-01
5.993919905844410367e-01
-7.144220741611950753e-01
8.424780867259032968e-01
-3.603354327052349371e-01
3.462695339116423909e-01
5.699151797315812340e-01
6.311858461314480140e-01
1.000000000000000000e+00
-2.980038474826405825e-01
-8.902918125515800474e-02
-6.966965698740823498e-01
-7.334287176223657223e-01
-8.614882043340146289e-01
2.495924696671104059e-01
-5.848228700022228832e-01
3.142267644240772650e-01
-5.289191946776256037e-01
-3.548667129463826120e-01
5.863270556233851627e-02
-6.180553390662962832e-01
-4.325428489958542122e-01
4.617133776864219830e-02
-3.975604088248505530e-01
-2.310396853192305811e-01
4.365702624599809845e-02
-3.067000302902972986e-01
4.322865543529733623e-01
-8.303989986850014438e-01
-8.298709510057935557e-01
7.116297476698920654e-01
-8.981371301070308899e-01
-9.738891259313416926e-01
-6.735722042900128548e-01
-5.335569573798758514e-01
-2.158992388097476511e-01
-6.899723621189965961e-01
8.773979615429257084e-01
-5.309072923886032358e-01
6.832296062733821396e-01
-8.785799026383012134e-02
-4.836179056653139852e-01
7.899795605048374192e-01
2.029402584088202954e-01
4.518381618024132351e-02
-2.143706040002754110e-01
-5.189567919904727322e-01
-3.059137757386674039e-01
-1.434708778110251881e-01
-5.020248754367149235e-01
5.162675693113932818e-02
1.561755486114307923e-01
-4.193780570039224997e-01
-2.958745845915007333e-01
-1.375120949855430652e-01
7.566412496186581960e-01
-2.970247831954586082e-01
8.281833287666022780e-01
-2.298939073417425039e-01
-1.000000000000000000e+00
-1.000000000000000000e+00
-9.670511436379219949e-01
5.461607207147132215e-01
-7.331114935312419423e-01
5.155505962843102141e-01
-3.791338323087346529e-01
4.564086755979701593e-02
2.675244666857407583e-01
-9.616896299856176888e-01
2.400164619565787749e-01
-6.400209334256470317e-01
4.995821240409172304e-01
6.047211803733313351e-01
-7.608772983554192848e-01
1.000000000000000000e+00
1.110441350121473270e-01
-1.474712068656786057e-01
-7.507195010651381839e-01
7.571933455930865975e-01
-4.741627108669682067e-01
-2.818855785656986801e-01
8.060733853475753330e-01
-9.323323103694461933e-01
-6.621646841052226673e-01
-6.740465080190682912e-01
-6.253721360295452225e-01
8.622623232418870076e-01
7.355278236299628292e-01
3.570138031128471390e-01
-1.831898675723672987e-01
2.130443899563948251e-01
-5.824686179215210480e-01
5.658618910564278126e-01
-1.318126734877966555e-01
-5.283591358394575943e-01
-1.000000000000000000e+00
-9.225059234722191581e-01
-1.485952210850960131e-01
6.012760216112726930e-01
-5.587182802163683792e-01
-1.761796676610491996e-01
1.053784779484233519e-01
-6.069561039503971189e-01
-2.278640445541560422e-01
-8.642615949442307155e-01
7.639210011607217021e-01
2.011875282536745857e-01
-3.011182735898239038e-01
-1.000000000000000000e+00
-1.809508475925203363e-02
8.504120026584103265e-01
-1.951083384276471044e-02
-4.000732152506661365e-02
-7.412764233154254256e-01
1.000000000000000000e+00
-7.891002075300839191e-01
-2.127078162322508861e-02
8.445963327517397312e-01
2.197785949444166498e-01
-6.757538741443614994e-01
2.349441484037261829e-01
-2.902566672596225139e-01
-3.449094427277373254e-01
3.316981945883463734e-01
-2.314259944916023382e-01
7.501746489938868612e-01
-8.147087564118549174e-01
-9.790203755360769866e-02
5.418672569579758846e-01
5.128275862972700994e-01
-1.784858950558793622e-01
7.866999392109876865e-01
7.518267086019516654e-01
7.591183826734612117e-01
-3.165320747651905603e-02
-2.298900132453050582e-01
-2.165642783744222144e-01
-6.314682762643569758e-01
6.548966228955864777e-01
3.482666805673411692e-01
-7.138142649523979699e-01
4.115309748975484183e-01
1.387869353082312185e-01
1.751624434684703191e-01
1.089131631383592758e-02
-8.272017537351120109e-02
9.745831005645825273e-01
-6.641715121041179282e-02
8.685959164676666511e-01
1.000000000000000000e+00
-9.243663432881652486e-01
4.957074325629329259e-01
9.269179058269515492e-01
-9.423806284641548237e-01
4.762234568811786195e-01
-8.968476731295409454e-01
3.970211378235981026e-01
-3.432862376396150772e-01
6.617730343201813081e-01
2.212469670094949770e-01
-7.092842206092094814e-01
-8.969659717549394173e-01
5.560357177586030542e-01
-9.581337209062719129e-01
-3.448249713675739514e-01
1.768417929967111557e-01
-3.037984742017588169e-02
2.154880444056970212e-01
3.651113349447635548e-01
-2.488323948015743747e-01
-8.444369192506002708e-01
1.493811839858578405e-01
-9.678639943868097562e-02
4.300956625551264900e-01
-8.074172577761967728e-01
8.434423202205233450e-01
6.032153571077851772e-01
5.978961100239910120e-02
1.013698303862487632e-01
-3.012406129344608052e-01
5.390719123042302802e-02
6.126387807840194544e-01
-2.524003567558891215e-01
-3.754604109722949334e-01
