-8.969897202918156731e-01
-4.900533374769080464e-01
7.589614164250435557e-02
-9.735129400955180312e-01
-9.500241419875781190e-01
-8.919429387088788630e-01
1.000000000000000000e+00
4.753162007278379786e-01
2.101504715668302548e-01
-8.082054166160221875e-01
8.141934393647660695e-01
-8.349517926579685945e-01
-9.474547667465176293e-01
1.000000000000000000e+00
4.685310249865898280e-02
-5.229657606533244518e-02
-7.427465127647069343e-01
-9.569653863240690228e-01
9.398328223011709337e-01
-3.029847382041366277e-01
1.000000000000000000e+00
-5.712625127247195067e-01
-9.348122688735055474e-03
-9.544587438725730122e-01
5.033020016065177238e-01
1.000000000000000000e+00
-1.832193385764343263e-01
-4.225192074663951525e-01
1.000000000000000000e+00
6.807477339160820096e-01
-1.337751686666617257e-01
2.692216743002315837e-01
1.868955595470175313e-01
-8.507777458636318624e-01
-2.200039195493323219e-01
2.530689946047803840e-01
7.570695699050539185e-01
-5.826078980585238654e-01
-1.000000000000000000e+00
-4.684539572026080734e-03
7.574343589333381033e-01
8.127161726826200860e-01
-1.000000000000000000e+00
-1.000000000000000000e+00
-3.945326340804615750e-01
-4.881620648859069100e-01
-7.587852064468210145e-01
1.051949375520128127e-01
-9.052958914353104181e-02
-6.756436476299891858e-01
8.878521544023715295e-01
-8.594024442824377275e-01
-8.623123572783232271e-01
3.122449362182796451e-01
-2.753818387781703514e-02
8.809740757522974697e-01
2.834185149638347445e-01
-9.694926263987586612e-01
-3.192967422448266257e-01
-1.000000000000000000e+00
-6.557014713758272384e-01
8.121407780676399568e-01
-2.526370245701835549e-01
-1.000000000000000000e+00
-1.000000000000000000e+00
9.506612569033341398e-01
-1.551569162324550888e-02
1.000000000000000000e+00
-8.449415700146198915e-01
-6.679016613488896192e-01
-1.000000000000000000e+00
1.000000000000000000e+00
-1.333624923268458273e-01
8.047757822716745668e-01
-1.265505056073209511e-01
-7.632916156246360995e-01
-1.000000000000000000e+00
7.498453071025150685e-01
-1.000000000000000000e+00
7.566504479962539165e-01
1.000000000000000000e+00
3.357703004727952134e-01
-9.297104004822902557e-01
-3.534694652246064273e-01
1.000000000000000000e+00
-8.067811056173270767e-01
7.015281391252314869e-01
-8.880700431231529635e-01
7.251768677528593887e-01
9.305825425319296240e-01
-6.988899913938801944e-01
3.522541688372349267e-02
-7.733239415482631163e-01
2.028133225418947694e-01
9.857468556854956931e-01
-1.000000000000000000e+00
-6.865994827662494915e-01
-4.087061815931547493e-01
9.539248983732068199e-02
-2.514064030389057125e-02
-9.015086913037828609e-01
-6.446634991445474583e-01
-1.982165227553618347e-01
-4.258588341946960565e-01
-1.000000000000000000e+00
-6.206863338216299653e-01
1.000000000000000000e+00
5.851663825769242155e-01
-7.625159307227789007e-01
9.908057553204018264e-01
-1.000000000000000000e+00
7.732131968392887966e-01
-1.000000000000000000e+00
6.350612792546901364e-01
9.343997541403918916e-01
1.000000000000000000e+00
2.052050043088269327e-01
-4.191940288214490717e-01
1.000000000000000000e+00
-1.000000000000000000e+00
1.000000000000000000e+00
1.464911765824221668e-01
-8.204104937858217594e-01
3.299762112915823886e-01
-1.000000000000000000e+00
8.238553712873072365e-01
-6.988899913938801944e-01
1.000000000000000000e+00
1.832166526507514881e-01
6.935324008521677186e-01
3.958598918835931624e-01
-9.627923540200122865e-01
-1.492406832460215771e-01
-1.007672214315616932e-01
8.130596317382374760e-01
4.396043635137321104e-01
-8.818236209318578434e-01
-6.181770757658309190e-01
1.000000000000000000e+00
1.000000000000000000e+00
1.000000000000000000e+00
-1.000000000000000000e+00
-2.665392263774303827e-01
1.000000000000000000e+00
-1.000000000000000000e+00
-8.407671316334630607e-02
6.988899913938801944e-01
-1.000000000000000000e+00
6.372841288184996067e-01
6.430817834797267762e-01
-7.243682797042961807e-01
-1.470384595945262163e-01
3.376243042794964122e-01
5.737943055903050871e-01
-9.895944252362334215e-01
1.000000000000000000e+00
2.416792347902937399e-01
-7.332327893215008219e-01
3.501678283428389937e-01
4.609667673102259000e-01
5.238872885906181720e-02
7.686599623394798630e-01
-3.468369660627421691e-01
9.097703496103066723e-01
9.292614545687787331e-01
-8.023166270232926500e-01
-8.906845747778580069e-01
-8.537083963375505791e-01
9.022171386643726976e-01
-8.897276205813955396e-01
8.082054166160221875e-01
-1.000000000000000000e+00
8.683434032478465348e-01
9.847481868425634888e-01
-2.603118524560307234e-01
5.523189270169895915e-01
-6.913325406698314080e-01
-1.497258348836144337e-01
6.098969206444411206e-01
-1.170457447839788889e-01
-1.000000000000000000e+00
-1.000000000000000000e+00
-1.000000000000000000e+00
-3.127694176261904269e-01
-9.364502910954290993e-01
9.516372592906645611e-01
8.353251140792470331e-01
-7.185542971475549212e-01
-1.854577319965183824e-01
1.000000000000000000e+00
-4.852706222359819410e-01
6.200562153808397703e-01
-1.670975877045249303e-01
-1.000000000000000000e+00
6.827425260965008791e-01
-4.850349037499026572e-01
-8.485592453467099006e-01
9.923238993215451886e-01
8.906845747778580069e-01
1.000000000000000000e+00
-7.008510346890572951e-01
3.424892210195167319e-01
6.858739551695489656e-01
-6.988899913938801944e-01
6.993536583248749494e-01
3.115792811018657793e-01
1.000000000000000000e+00
6.813363252548765292e-02
-1.000000000000000000e+00
-3.926184830897060385e-01
5.853143121712067742e-02
-6.031996784799242839e-01
8.645990167961667971e-01
9.999990167584837941e-01
-1.000000000000000000e+00
-6.988899913938801944e-01
-8.637955237898832239e-01
8.580400001377992414e-01
-3.870035521073311724e-01
-8.639829846893193332e-01
2.323610227839636444e-01
-1.000000000000000000e+00
-7.249141201725253225e-01
9.205286171577243826e-01
1.000000000000000000e+00
1.000000000000000000e+00
1.283108350075749526e-01
-8.615655409420868160e-01
-9.829237202942026075e-01
5.318226270328068050e-01
-9.557181135607388800e-01
-8.708595810714860885e-01
4.652132263723410821e-01
3.519676239939953932e-01
-7.837322503706014576e-01
-8.150473618336668835e-01
-9.967036353515608127e-01
7.465451582315703050e-01
1.000000000000000000e+00
6.115397480214084247e-01
-5.274545197935798235e-02
9.984290158357072009e-01
8.120838740675555556e-01
5.426163012185364343e-01
1.485096329967761364e-01
-6.913325406698314080e-01
1.000000000000000000e+00
9.857707131843620463e-01
-7.120028581225139597e-01
1.000000000000000000e+00
8.721812243515563168e-01
-8.898987178785520147e-01
9.924425492759512135e-01
6.168388157421924589e-01
1.000000000000000000e+00
-2.439167374098994978e-01
-6.183939273282103022e-01
2.765029841922682086e-01
-5.154977249518895022e-01
-7.351733510119584647e-01
-3.956079557213736941e-01
6.401872963197884348e-01
1.000000000000000000e+00
9.165386492417064712e-01
6.526526123827887105e-01
