8.139428530256095362e-01
1.000000000000000000e+00
-1.000000000000000000e+00
3.358226323751651865e-01
-1.000000000000000000e+00
2.266356837106013322e-01
-1.360685985595052050e-01
-6.912038804730565866e-01
1.000000000000000000e+00
1.000000000000000000e+00
1.000000000000000000e+00
-1.000000000000000000e+00
4.221422280520150672e-01
-9.757657034199391788e-01
-1.000000000000000000e+00
-1.000000000000000000e+00
1.000000000000000000e+00
-1.000000000000000000e+00
-6.222800861335362477e-01
4.040742429516167578e-01
1.000000000000000000e+00
1.000000000000000000e+00
-1.000000000000000000e+00
-4.574147053810918573e-01
-9.814344623167766679e-01
-5.465339429600520049e-02
8.140137932397184528e-02
-9.029027118279628894e-01
-1.000000000000000000e+00
-9.699320543738643163e-01
1.000000000000000000e+00
-4.183982597374684698e-01
-1.213186136091219391e-01
6.104536928195350987e-01
1.000000000000000000e+00
-2.756052246800942962e-01
1.000000000000000000e+00
1.000000000000000000e+00
1.000000000000000000e+00
-1.000000000000000000e+00
1.000000000000000000e+00
-1.000000000000000000e+00
4.139755654654790895e-01
1.000000000000000000e+00
1.000000000000000000e+00
-1.000000000000000000e+00
-1.997988191744982100e-01
-8.895316884917536804e-01
1.000000000000000000e+00
1.000000000000000000e+00
-7.712481116548386417e-02
-1.000000000000000000e+00
-1.000000000000000000e+00
-1.000000000000000000e+00
3.005254275513236095e-01
1.000000000000000000e+00
-1.000000000000000000e+00
-1.000000000000000000e+00
-1.000000000000000000e+00
-5.184310030432135452e-01
7.990535659016231307e-01
-9.800201850800327463e-01
-1.000000000000000000e+00
8.673599183103944954e-01
1.000000000000000000e+00
1.000000000000000000e+00
-1.000000000000000000e+00
-1.000000000000000000e+00
-6.741134829552869467e-02
-1.000000000000000000e+00
1.000000000000000000e+00
-1.468381650229099167e-01
1.000000000000000000e+00
-2.776025847933046298e-01
-1.000000000000000000e+00
-3.147078978021922158e-01
-4.011069799622146159e-01
-1.000000000000000000e+00
1.000000000000000000e+00
-9.939666727708655891e-01
6.986367239334785317e-01
-7.070884121130666111e-01
-1.000000000000000000e+00
1.000000000000000000e+00
-1.000000000000000000e+00
5.053647829924208246e-01
-8.835370320807829359e-01
-1.000000000000000000e+00
-1.000000000000000000e+00
-7.622564771162786412e-01
-1.000000000000000000e+00
-1.000000000000000000e+00
-4.942226901577558840e-01
1.000000000000000000e+00
7.218104712688463431e-01
1.000000000000000000e+00
-3.604460086486004355e-01
1.000000000000000000e+00
-1.649307777239277240e-01
1.000000000000000000e+00
1.000000000000000000e+00
-1.000000000000000000e+00
1.000000000000000000e+00
-1.000000000000000000e+00
-6.473709170066102025e-01
-1.000000000000000000e+00
-1.000000000000000000e+00
7.044014527709213658e-02
-7.683327632722285472e-01
1.000000000000000000e+00
-3.681172948289270774e-01
-6.592375892104807011e-01
-3.634905706067615982e-01
-9.938330146697469392e-01
2.698043964950789242e-01
4.616781707233773013e-01
1.000000000000000000e+00
-1.000000000000000000e+00
1.000000000000000000e+00
-1.000000000000000000e+00
1.262827113485363029e-01
1.000000000000000000e+00
1.000000000000000000e+00
-1.000000000000000000e+00
-1.000000000000000000e+00
-1.000000000000000000e+00
-5.316836827779563013e-01
9.771859439127197899e-02
2.189147068497210302e-01
9.762567233456057036e-02
-1.000000000000000000e+00
7.302060432571562121e-01
-7.870926590149562863e-01
-2.136675907367797389e-01
-1.000000000000000000e+00
-1.000000000000000000e+00
2.581416021340433020e-01
1.000000000000000000e+00
-1.000000000000000000e+00
-9.299348639702689212e-01
-7.713722435115317744e-01
1.000000000000000000e+00
-3.037741346471996562e-01
-9.922957789444001309e-01
2.262429122064748555e-01
7.909626370010858221e-01
-6.269296099360388563e-01
6.739690001088946003e-01
-1.000000000000000000e+00
1.000000000000000000e+00
1.000000000000000000e+00
-1.000000000000000000e+00
-1.000000000000000000e+00
-1.000000000000000000e+00
1.000000000000000000e+00
1.021765899364746044e-02
-1.000000000000000000e+00
1.000000000000000000e+00
6.446789356871349685e-01
1.000000000000000000e+00
1.000000000000000000e+00
-2.982029932583051823e-01
-1.000000000000000000e+00
-1.000000000000000000e+00
6.032876061631439191e-01
1.000000000000000000e+00
-1.000000000000000000e+00
9.920009024235978412e-01
-1.000000000000000000e+00
1.000000000000000000e+00
4.237012896640140469e-01
-1.000000000000000000e+00
-7.273572824932388325e-01
-1.000000000000000000e+00
5.719605675250044596e-01
-1.712523056988760894e-01
7.320791153202894641e-01
1.000000000000000000e+00
-1.000000000000000000e+00
5.752689358430423949e-01
-1.000000000000000000e+00
-1.677308533382984024e-01
1.000000000000000000e+00
4.037697802259205271e-01
9.783348630672654700e-01
9.905242362328524619e-01
-1.000000000000000000e+00
-1.000000000000000000e+00
5.940649863598135294e-02
1.000000000000000000e+00
1.000000000000000000e+00
-1.000000000000000000e+00
1.000000000000000000e+00
1.000000000000000000e+00
-1.000000000000000000e+00
3.706839949024904324e-01
-1.000000000000000000e+00
-1.000000000000000000e+00
1.991916198983909037e-01
1.000000000000000000e+00
-2.650184077839770058e-01
1.000000000000000000e+00
1.000000000000000000e+00
-1.000000000000000000e+00
1.000000000000000000e+00
-8.925079147407315450e-01
1.000000000000000000e+00
-1.000000000000000000e+00
-1.000000000000000000e+00
-8.147102830270704921e-01
-1.818156454442435288e-01
1.000000000000000000e+00
9.748646439466921443e-01
9.082661715081133957e-01
-1.340834476258637442e-01
-1.000000000000000000e+00
-1.000000000000000000e+00
1.000000000000000000e+00
-1.000000000000000000e+00
-5.940368599474354916e-01
-3.829022088714567063e-01
-1.000000000000000000e+00
3.639575134174429794e-01
5.444871976503735667e-01
-1.000000000000000000e+00
7.633267601033814076e-01
1.000000000000000000e+00
9.941649855170037187e-01
1.000000000000000000e+00
3.601169786400045814e-01
-1.000000000000000000e+00
-8.165594812839617189e-01
-2.699331711144149493e-01
1.000000000000000000e+00
1.000000000000000000e+00
-1.000000000000000000e+00
-1.000000000000000000e+00
1.000000000000000000e+00
4.973512068262977981e-01
7.685888146624735295e-01
1.000000000000000000e+00
-1.000000000000000000e+00
1.000000000000000000e+00
1.000000000000000000e+00
9.286612696642494447e-01
-1.000000000000000000e+00
1.609037537531739781e-01
-1.000000000000000000e+00
9.604431707829301779e-01
-1.000000000000000000e+00
8.986219418842705808e-01
1.000000000000000000e+00
1.000000000000000000e+00
6.398713110284692807e-01
-1.000000000000000000e+00
-1.000000000000000000e+00
9.876075320934796231e-01
1.000000000000000000e+00
1.000000000000000000e+00
-1.000000000000000000e+00
9.446140105381785057e-01
4.866059910359640250e-01
1.000000000000000000e+00
1.000000000000000000e+00
5.229629706904506126e-01
