-6.670286843102203600e-02
-6.318197902175951564e-01
-9.335377269584708149e-01
3.269455283694592262e-01
1.978461688924269823e-01
-9.426173810630360528e-01
-8.591126971750754349e-01
-4.585614695414670372e-01
-4.854108219412839320e-01
3.958456556520303926e-02
2.055432029936949123e-01
-7.543821728939117954e-02
-1.857640191682049247e-01
-3.711828089174133427e-01
-1.368501570416988389e-01
7.691240445330989051e-01
-5.046839871620385498e-01
4.797101849128778683e-01
-1.994095909356208562e-01
-6.381889270353920951e-01
8.850593517492200135e-02
-8.887320933502601550e-01
-6.603407020166403296e-02
-1.446457278795048318e-01
1.012310584758929072e-01
8.983116025869025689e-01
-2.595491166768837954e-01
5.493156212974176222e-01
7.201548954218430776e-01
-1.699958588506869650e-02
1.937147342947229123e-01
-3.781345985357855710e-01
1.000000000000000000e+00
-4.457441884974660540e-01
6.556820460656576088e-01
-7.715855356781231578e-01
1.385260549244649586e-01
-4.320870136524627980e-02
-2.443816309842442580e-01
9.438440095919092832e-01
-2.572963945322026547e-01
3.249816184641508565e-01
-7.896442959289529107e-01
-2.878826344135216320e-01
1.000000000000000000e+00
-2.157962636353617514e-01
9.954541519419440876e-01
1.000000000000000000e+00
-1.899034597927065082e-01
-8.335681656850955079e-01
2.240038098017588242e-02
8.156568834330958362e-01
7.131441867327328321e-01
3.871531311171493295e-01
-9.932323974623884499e-01
9.817085555110610651e-01
1.373248307530915424e-01
3.153912981785271241e-01
-9.526820249400659302e-01
8.938761321265251136e-02
5.875821809798134066e-01
-9.278177745013564959e-01
2.002436704484109598e-01
-8.875066506300641755e-01
2.020980063361624557e-01
-4.003169085256927939e-01
-2.176258082860421661e-01
-9.969614566119221477e-01
-7.268198177000262383e-01
-2.308415576073272191e-01
-7.536602715317823886e-01
-2.717700362697845762e-01
-3.039039917223385623e-01
-4.043742408056660298e-01
-3.555301039220433168e-01
-6.757767260705995760e-01
-7.331769184938460304e-01
-1.768660831849590553e-01
6.645698583123276215e-01
5.475041221217654686e-01
8.794440640700526557e-02
4.091002359314481751e-01
-3.097725702583933316e-01
9.189564082709688053e-01
8.174070123349174155e-01
-6.861575086770648202e-01
-6.666268333755828168e-01
1.806355091386092349e-01
9.473661235150684368e-01
-6.462243564314158473e-01
1.302158355842230886e-01
7.648601295061747685e-01
1.151032871581632727e-01
7.057390109567894809e-01
-8.433494845394728934e-01
9.624183191365649481e-01
2.193264230622539723e-01
7.830640651844718025e-01
6.396072983444139881e-01
-1.939833207311553176e-01
9.561412542636700262e-01
-8.488528889499338259e-01
-3.859177729015018654e-01
-2.759862836352592330e-01
-2.918249122554091302e-01
6.233056930565155085e-01
4.643251986880250204e-01
5.180557465471430367e-01
8.678099936472285503e-01
2.479396232980032033e-01
1.699468987074508053e-01
-9.484226758015643632e-01
-4.601960608302032019e-01
-8.055485893092155791e-01
2.589742615879641052e-01
-9.781950206785212654e-01
-2.029465451470358062e-01
-1.326037817261739409e-02
-3.720237537241902204e-01
-8.574114441874153281e-01
-7.928860503333214904e-01
-8.817390401947509115e-01
8.435926986555276619e-01
-6.403572528711477529e-01
3.031224856082091468e-01
-3.325701780051361633e-01
-4.984503852304885130e-01
1.449852336172933742e-01
-5.204014608747850046e-01
-6.647979050954267999e-01
-5.507172845414313178e-01
4.327069180166543405e-01
6.155506101204112346e-01
8.277311608123253395e-01
-6.492931475463080415e-02
-3.836375623477846220e-01
-2.517411976799644457e-01
1.747841825131179472e-01
-4.320719074970803542e-01
1.261275086672479506e-01
4.779003854270836849e-01
-7.452899458013187983e-01
-5.168252115129646773e-01
-3.303044967920634734e-01
9.891464871561321814e-01
7.930447811697647342e-01
-7.784224584398963254e-01
-3.704013097239690633e-01
3.024568379196005408e-01
6.732538649507381345e-01
4.111233866858670094e-01
4.841938988195942928e-01
1.000000000000000000e+00
-9.107076369760557233e-01
3.149983505605541412e-01
1.972262362767135957e-01
5.975210207053270883e-01
7.448866330950978942e-02
5.433508436572757061e-01
1.564333496349454289e-01
-1.683894382170937620e-01
-7.873824837264968846e-01
-2.255516779926258764e-01
1.568081420696358086e-01
5.649484555868141550e-02
1.677345437935930939e-01
-5.211752763976562619e-01
-7.888900277117897319e-01
-3.159845168814472416e-01
-1.580228222870156407e-01
-5.565356704879271810e-01
5.288756311944490252e-01
-2.961324002312022974e-01
-2.681890499014563667e-01
8.339753646498103690e-01
-1.112057385452653452e-01
9.706728116552255647e-01
-5.084177437422369161e-01
-5.236951117638084519e-01
6.519125702421211255e-01
1.095617737561298127e-01
-6.036691625231346836e-02
3.974741560727483303e-01
8.386594009831148389e-02
2.418601325659371915e-01
6.569398232519177983e-01
-4.727042403557302763e-01
-9.112563341288795193e-01
8.873886773530299532e-01
6.218746945486696570e-02
-2.044946579389587127e-01
-7.349205637440838768e-01
2.299950533715265644e-01
-6.586502059392439212e-02
-9.968344568705754805e-01
2.805532102630328706e-01
1.488582666921111075e-01
-4.744183946308477839e-02
-7.205224425042007219e-01
-8.707529798109530095e-01
5.565915305030535443e-01
-1.070845619670426768e-01
6.185276634814618202e-01
7.333473431413233268e-01
-1.402158893524700911e-01
-3.017076458359108093e-01
-4.754508296882513085e-01
-1.317729203717160902e-01
9.537009982196392732e-02
-7.149875899655419587e-02
-1.378486562194862486e-01
-4.739517502025784590e-01
-5.081506206693959804e-01
-9.435757939831234120e-01
9.647642050323408380e-01
2.109293357379659895e-01
6.620003465371269991e-02
-3.604904918893463983e-01
6.602649862259789559e-01
-6.981716292504712706e-01
-9.673808319988472793e-01
8.540862385339933471e-01
-7.554885706811156343e-01
1.827043685826653524e-02
6.881941920114106326e-01
-1.220227245805132095e-02
-6.512625611444462503e-01
-8.638330987246441994e-01
9.426751265291378745e-01
-2.029739463860615739e-02
-7.371818834127283893e-01
1.626868292947677153e-01
1.539911129474370033e-01
2.241536414225658580e-01
-1.819212567163620842e-01
-6.912229567656724694e-01
-3.734591459403953095e-01
6.279512115128622618e-01
1.472519365161741867e-01
-5.262843279510607264e-01
9.009569260970975990e-03
-3.048219555646984325e-01
9.546063121313423938e-01
3.952420899954987021e-01
8.189638610500926674e-02
7.077090222674766729e-01
-9.852950724118072490e-01
3.293783483562244263e-01
1.000000000000000000e+00
9.725590139457226391e-01
1.141537323717412879e-02
-5.386056215817183745e-02
2.232380068898712211e-01
1.251853386031672732e-01
2.926848297725481718e-01
-9.988385160837263133e-01
-1.333854889637988428e-01
2.099219787761261724e-01
9.950964901887315861e-02
-5.389079189133245684e-01
-9.215695555569267117e-02
-3.778973443578592106e-01
4.259465533600281240e-01
1.545035191177762390e-01
-4.623072163399085110e-01
