-1.000000000000000000e+00
-2.649738435414340509e-01
1.000000000000000000e+00
6.529379506582562165e-01
1.000000000000000000e+00
7.482916825237286851e-01
-6.871658132799384200e-01
-1.000000000000000000e+00
-1.000000000000000000e+00
-1.000000000000000000e+00
-5.838992677222796246e-01
4.125185873933984726e-01
9.680575532422547314e-02
-9.779008006035285749e-01
-1.000000000000000000e+00
2.704443620643835755e-02
1.000000000000000000e+00
2.756653293863018384e-01
6.329752640568979682e-01
9.115940756224645281e-01
4.823188527260621195e-01
-4.534129598275931650e-01
6.744702375677755768e-01
4.908154543976884776e-01
1.000000000000000000e+00
4.636549271594317956e-01
7.218073993131934873e-01
-1.000000000000000000e+00
1.000000000000000000e+00
8.050069258619596546e-02
-1.182326982350385691e-01
-6.476747743632222942e-01
1.000000000000000000e+00
2.170578397179017127e-01
2.780869341064085565e-01
1.000000000000000000e+00
9.012868937040128259e-01
9.993985319937308542e-01
6.435945261018735097e-01
-4.624807656910980835e-01
-7.031449733797376367e-02
-1.188139337264360051e-03
2.815308090500043825e-01
-3.321295799508208191e-01
-1.000000000000000000e+00
8.337050812885714590e-01
-6.962185639213361310e-02
-7.526227614815468314e-01
-4.653791928419393487e-01
9.209551031992954107e-01
1.000000000000000000e+00
1.000000000000000000e+00
-4.906319538581116468e-03
-3.133806673446914992e-02
1.000000000000000000e+00
-4.770143534843591659e-01
7.119842916204859318e-01
2.207889966045154806e-01
-9.419855364287195165e-01
-5.080385969496041820e-01
8.818038504193737026e-02
5.836231244129768125e-01
-1.000000000000000000e+00
-1.000000000000000000e+00
-2.817126831860333747e-01
2.313627185850990198e-01
-1.092079771110496811e-01
-4.834469895854186516e-01
-7.142773341437589352e-01
-1.000000000000000000e+00
-4.904957207073080139e-01
-1.272069981009216200e-02
9.610732043884848697e-01
4.971530696123076520e-01
-3.407457190316460771e-01
7.079770842428025901e-01
3.111685330341286138e-01
-4.538262184410596367e-01
-4.930766714990909572e-01
-4.974708703460953285e-01
1.000000000000000000e+00
-1.000000000000000000e+00
2.169134550495358527e-01
-4.669713278386278255e-01
-1.000000000000000000e+00
1.000000000000000000e+00
1.000000000000000000e+00
6.972889278401338542e-01
1.000000000000000000e+00
-3.511095764593432644e-01
-9.470591541745040365e-01
-1.000000000000000000e+00
-7.986034006052135092e-01
5.746343468449479630e-01
-8.766999578943184268e-01
-3.401465874406167655e-01
-1.000000000000000000e+00
5.242151980019749136e-01
-1.000000000000000000e+00
-9.886475504539296022e-01
-5.602192232727007948e-01
-1.000000000000000000e+00
-7.969573608614947124e-01
1.018468254739623990e-02
1.000000000000000000e+00
-7.850914240104335251e-01
-1.000000000000000000e+00
-9.646749079313009512e-01
-1.000000000000000000e+00
5.590320619807314095e-01
-9.224462461533525781e-01
-1.000000000000000000e+00
-5.253124900815149267e-01
-8.768816017924968564e-01
-8.650731214574884920e-01
-1.000000000000000000e+00
5.055892767320451231e-01
-5.636455682157279767e-01
-3.609275857968414769e-01
-1.000000000000000000e+00
-1.000000000000000000e+00
-4.136225679302818481e-01
1.000000000000000000e+00
8.930858137886271697e-02
5.632162855235884891e-01
1.000000000000000000e+00
1.914270137892525314e-01
-1.000000000000000000e+00
9.527350771414119235e-01
9.753296264018076478e-01
7.749175647168490277e-01
9.630714698332611956e-01
4.597871962294328152e-01
-2.124304158502908491e-01
1.000000000000000000e+00
-1.000000000000000000e+00
-9.456127240390566069e-01
9.041401994351665472e-01
-1.000000000000000000e+00
9.961683471407050128e-01
-8.210357969571913106e-01
-4.351844283585534212e-01
1.000000000000000000e+00
-9.494351266952776314e-01
-2.121573200096315004e-01
1.000000000000000000e+00
-8.708503508836105134e-01
9.053957405990415985e-01
-8.188220540185519036e-01
-1.116582211612701103e-01
-4.000036242587379220e-01
4.943943092777390858e-01
-6.786698811088536232e-01
9.027032368961165343e-01
-3.766025926707536886e-01
6.363389941697905616e-01
4.573268315227443925e-01
-6.279950768913860060e-01
-1.000000000000000000e+00
2.778079339954745430e-01
9.884104886675205703e-01
1.000000000000000000e+00
-1.000000000000000000e+00
1.000000000000000000e+00
-9.518318076827790852e-01
-9.664871307829792091e-02
1.000000000000000000e+00
-3.325947135131395171e-01
6.888740564539402866e-01
2.172181545969908631e-02
-1.000000000000000000e+00
-1.592474977188264029e-01
1.000000000000000000e+00
2.047215007323199276e-01
-7.283397141848590994e-01
-1.000000000000000000e+00
8.090489957748203675e-02
1.000000000000000000e+00
1.333471178866867390e-01
4.318344233107759278e-01
-1.000000000000000000e+00
-5.013918487712759608e-02
-5.989317644533861396e-01
-1.000000000000000000e+00
8.616796708703591268e-01
7.746631045326586307e-01
-5.473074067199024118e-01
9.411937865105893808e-01
8.700398294785318676e-01
-1.000000000000000000e+00
-1.000000000000000000e+00
7.350460332498531812e-03
7.746778092135069294e-01
-2.424018481531244884e-01
1.000000000000000000e+00
-7.202901497714255807e-01
3.246561861082895017e-01
1.000000000000000000e+00
6.797120578741533414e-02
1.000000000000000000e+00
-1.938819473870790899e-01
6.134210555491320660e-03
1.000000000000000000e+00
-8.954698910905303233e-01
-9.859433225477887142e-03
3.314347660122172745e-01
-1.000000000000000000e+00
1.000000000000000000e+00
-7.412298546754407802e-01
-9.752651747879954591e-01
-6.081381740460336527e-01
-8.225522636502744511e-01
2.939260526569719700e-01
1.000000000000000000e+00
-9.784146296037421475e-01
8.046240963561399617e-01
-3.860054472800731884e-01
-2.059131398316731421e-01
-1.000000000000000000e+00
2.610534839028180176e-01
9.379685930375636360e-01
2.525716761835133939e-01
-5.248820290406034372e-01
-9.341031597147991805e-01
3.222865138418062880e-02
-1.000000000000000000e+00
1.497282474563550458e-01
-4.932317898738772244e-01
5.509245624613188230e-01
8.822143968957901761e-01
2.357928390793795348e-01
-1.000000000000000000e+00
-6.576823687969014509e-01
-1.000000000000000000e+00
-4.024976375574139675e-01
-8.576856560919874362e-01
-1.000000000000000000e+00
-2.661587069101684078e-01
6.523467360858030695e-01
1.865447534316195810e-01
-8.484004049561070238e-01
6.019230680861753502e-01
4.101200400300719084e-01
-9.700299694057608058e-01
2.811484876195494143e-01
7.809576114976285455e-01
1.000000000000000000e+00
1.000000000000000000e+00
-9.030791854565642929e-01
4.451956378439171358e-01
-5.982373924102913909e-01
-7.773297787184696439e-01
7.846151935232041907e-01
-3.203866355488785289e-01
3.393848686101121892e-01
-5.933615587290737015e-01
5.937256718133376854e-01
-1.618763450390675596e-02
-1.000000000000000000e+00
-5.193773353248980484e-01
-1.000000000000000000e+00
1.000000000000000000e+00
8.562694713627800880e-01
9.028675719816351419e-01
-1.000000000000000000e+00
