-1.000000000000000000e+00
-2.633865647753579342e-01
-1.000000000000000000e+00
4.908357825154494591e-01
5.467712611702866266e-01
1.000000000000000000e+00
-7.217718401689754426e-02
3.849630613958752168e-01
-2.078848864657842910e-01
-2.162787024627734755e-01
4.717372507818162752e-02
4.063642383283235793e-01
5.811771217936287925e-01
7.419817674015503073e-01
-1.000000000000000000e+00
-8.652233774118631704e-01
1.958893899492483437e-01
6.903660065986061412e-02
-1.000000000000000000e+00
-3.169560803629867252e-02
-1.000000000000000000e+00
-9.161917197611798569e-01
1.857998571489188067e-01
-2.702459684874906620e-01
-3.760006381331330583e-01
-5.677372968029870126e-01
6.291160817960184115e-01
5.446725597632060545e-01
3.019028196424740074e-01
1.769766735211537045e-01
-1.000000000000000000e+00
2.696979958751182238e-01
1.198290995740626252e-01
-2.267899187746584833e-01
-3.766664976853779656e-01
1.000000000000000000e+00
2.731633645444810909e-01
-3.511437447452394611e-01
2.101180876534880504e-02
5.710994189254183784e-01
-6.983421901175133062e-01
3.907585900453942052e-01
-1.000000000000000000e+00
5.954813333470692083e-01
1.000000000000000000e+00
3.453953029328032942e-01
4.538433762244160063e-01
-8.476138883413975034e-03
-8.094160630508637766e-01
-3.590605711469268546e-01
5.397072229697854606e-01
7.794391402390417056e-01
-5.781578101944327697e-02
7.097873616329948288e-01
-2.961543523320461224e-01
7.147635725956746899e-01
1.000000000000000000e+00
5.057682476300362495e-01
3.848070054638970117e-01
1.000000000000000000e+00
1.000000000000000000e+00
6.033778686767972133e-01
-7.349136962071955992e-02
5.348168837228041150e-01
-1.000000000000000000e+00
2.379175513049779367e-01
5.253890994029909445e-01
-2.924214935644496860e-01
-1.000000000000000000e+00
-6.790916562459214934e-01
-1.081925026040663207e-01
-2.888740069537862332e-01
1.000000000000000000e+00
-5.288807583076540197e-01
4.434263053475477334e-01
4.011522072839510122e-01
1.461480625450816972e-01
-4.880754807917483395e-01
-5.718632735419740820e-01
-6.558036341316979545e-01
7.325210219358111452e-01
-1.160353178209735658e-01
5.509885674451475701e-01
1.000000000000000000e+00
-2.146778889796618905e-01
-8.360046484841658909e-01
-9.133780397777011006e-02
-4.555825692404292249e-01
3.561963590058908613e-01
1.000000000000000000e+00
8.986973097422636947e-01
-9.423353947075183701e-01
-5.825744231215570501e-01
-3.901651131813571594e-01
-1.000000000000000000e+00
-7.177581356642730448e-01
-1.000000000000000000e+00
-1.464979375267219108e-01
-3.408622256176574439e-01
4.584940681868831525e-01
2.293820930082162701e-01
-5.197820438519240582e-01
7.382688045137508759e-01
-8.842324031466232137e-01
3.859384724682959344e-01
-3.014811035783342974e-01
2.097531595058083065e-01
6.008498525597527617e-01
-4.803430386593348089e-01
-6.944635893904052004e-01
3.857520469613767711e-01
-8.927359203564522172e-01
4.386904102025929730e-01
-5.459323085538514420e-01
-9.079099468711542276e-01
7.295368603906327021e-02
2.825582572759611777e-01
-1.594013736747296184e-01
-8.463355308433093693e-01
3.322036230765985643e-01
8.226300408116904439e-02
3.747581702373198320e-01
7.074141809683389681e-01
1.000000000000000000e+00
-4.829884288045305230e-01
-9.409490693409633399e-01
9.883896768271040190e-02
-2.577742298646062413e-01
5.714562202243043121e-01
1.000000000000000000e+00
1.000000000000000000e+00
1.111633783519652141e-01
4.019587819207134372e-01
1.000000000000000000e+00
1.000000000000000000e+00
-4.971981582328413585e-02
-7.991921911426342895e-01
-1.000000000000000000e+00
4.083218503452025194e-01
-5.060018951462506021e-01
-7.051979867312324624e-01
1.659113331677342096e-01
-4.566050401418128568e-01
-8.381725277809304320e-02
5.064322857622785001e-01
-3.942281338139475566e-01
8.425398963658108364e-01
4.938615187551350649e-01
3.017367095374579589e-01
-1.000000000000000000e+00
-7.854168484431129915e-01
5.028570148113467586e-02
-3.714896805175136318e-01
2.780236962005943058e-01
1.407547091465621292e-01
-1.000000000000000000e+00
-4.577209151481820282e-01
-1.000000000000000000e+00
1.000000000000000000e+00
-3.205311385439668648e-01
2.748369853873567359e-01
-2.821631545828162668e-02
1.638801710725834582e-03
4.895383369325490008e-02
2.927024738172702700e-01
-1.000000000000000000e+00
-1.000000000000000000e+00
-6.640366387586267294e-01
-1.907191350285621922e-01
1.000000000000000000e+00
5.035101498690598421e-01
4.822287182833021602e-01
-8.363672799317450890e-02
-1.796343965689705113e-01
-5.462408779355210076e-02
-2.975508013206114022e-01
-6.185072534662393595e-01
2.021344952264928774e-01
1.000000000000000000e+00
2.878575220551609082e-01
-1.000000000000000000e+00
1.479671439987073622e-02
2.617393095050773999e-01
-7.378401298061399993e-01
3.029165809452211700e-01
-5.593800981374642545e-01
-6.107552659406759732e-01
1.000000000000000000e+00
-1.704089392611971565e-01
3.281404945098032044e-01
-5.065014517685750839e-01
-1.000000000000000000e+00
5.050807687412351976e-01
3.177512615872792878e-01
5.382416919178789616e-01
1.000000000000000000e+00
-5.598642312785087061e-01
1.000000000000000000e+00
1.314250735720968732e-01
-3.917628173853173745e-01
-1.000000000000000000e+00
7.797649630588378011e-01
1.000000000000000000e+00
-1.000000000000000000e+00
2.173401720026874040e-02
-1.824293313660780291e-01
5.739748599837158904e-01
1.000000000000000000e+00
-3.204355391040805134e-01
3.197653850313153523e-02
4.354574558295963849e-01
-3.447100035056305245e-02
1.000000000000000000e+00
-7.321003093904021597e-02
6.296764420964735542e-01
9.470327323641101191e-01
-1.000000000000000000e+00
7.394708431960030914e-01
-1.000000000000000000e+00
4.161090032154472762e-02
-1.000000000000000000e+00
-2.680009234164101306e-01
5.613379266883867791e-01
4.182191621574556373e-01
4.889004036998015335e-02
-9.329284356354663466e-01
1.000000000000000000e+00
-2.771196808775375775e-01
5.155035411450136218e-01
1.780852593482131763e-01
3.029393890449825211e-01
-8.870029141041844145e-01
-1.000000000000000000e+00
1.000000000000000000e+00
5.787616244108015895e-01
-6.248126237755020629e-01
-1.000000000000000000e+00
1.760468423788698056e-01
4.259116550938875090e-01
5.651675043359378758e-01
-5.506201072547783903e-01
2.060513486587108867e-01
5.612661513266050672e-01
-2.741440427159621551e-01
-1.066197038321539114e-01
-1.000000000000000000e+00
3.319947549965140410e-01
-1.000000000000000000e+00
-3.053992359532197165e-01
4.056753625357412130e-01
1.951265156811383128e-01
-1.808859510769634804e-01
-3.547133272262614767e-01
4.922222851291299106e-01
-1.181053583742114887e-01
-8.513560091776113392e-01
-1.000000000000000000e+00
-6.124425884387323382e-01
-2.371765903701037459e-01
2.169608413981433670e-01
-1.000000000000000000e+00
1.418810929477528626e-01
1.000000000000000000e+00
4.516664914338934800e-01
1.303260250887927629e-02
