5.862527045855733254e-01
-1.000000000000000000e+00
9.673891422618240143e-02
7.405889585742541081e-01
9.661601030690889491e-01
5.567860960604922305e-01
2.199520077600868040e-01
-8.577095545616788552e-01
-6.641567262688077289e-01
4.717503036427830865e-01
-1.885705381224794530e-01
-8.853764890202034943e-01
-1.336249092985228315e-01
-1.487160558145789180e-01
9.963932528364096708e-01
1.000000000000000000e+00
-1.000000000000000000e+00
-3.602855358398843189e-02
5.256129727747304026e-01
-1.292649351800418955e-01
-6.205829399733788637e-02
-5.726255637027954926e-01
7.157998079833459426e-02
-6.525873581823778968e-01
1.000000000000000000e+00
-7.357419664902525858e-01
2.833311547991474999e-01
2.854361696973176654e-01
-2.750453903276898204e-01
5.888465615260648489e-01
7.109368352680910386e-01
2.013960735241162869e-01
6.393258864488728932e-01
2.916998664741132230e-01
1.929539127878118765e-03
4.997208337099481867e-01
8.081100922399124808e-01
2.696654016702043632e-01
-1.598067146687013329e-01
-3.272395155233825959e-01
5.907449079307874884e-01
1.394517256318804632e-01
-9.013823379258443236e-01
-7.165123350052654549e-01
-5.062240807818966237e-01
1.467913682001426579e-01
-6.691487011986385625e-01
-3.214089737048085316e-01
2.089353195811443076e-01
-3.319477011371600034e-02
-9.007962543008278811e-01
3.781587026577937216e-01
6.178502918254612508e-01
-1.000000000000000000e+00
6.777426617043859070e-01
5.209004504192725760e-01
-8.851738990185489264e-01
-1.892494848521128481e-01
-2.013322801330154066e-01
-9.378491966738724539e-01
-9.069176730852055446e-01
4.886153918447224132e-01
3.551326157080865187e-01
7.979343882869602833e-01
2.126769880562711657e-01
-2.420307455425203258e-01
-9.151054160755571765e-01
3.079726647256346705e-01
1.793792425270291924e-01
3.107778394452537785e-01
2.224403640513703817e-01
-3.390987702739609033e-01
2.874712779557406228e-01
-9.685011351978762839e-01
1.006139289812160720e-01
3.084530127379061515e-01
-4.183023127495792415e-01
-5.026484103950479287e-01
1.305503525841484602e-01
-9.719748572962989552e-01
2.097393904182424107e-01
2.660327725619466288e-01
1.749691851413787830e-02
5.040387412957284541e-01
-6.336043205254962563e-02
-3.754071259956067164e-01
-6.810418012247166919e-01
-2.320607362953908126e-02
-5.780610955081946084e-03
-1.633862754592335653e-01
1.118748918659160929e-01
9.785628643688482065e-01
9.911311786063173868e-01
5.335885601776085840e-01
3.848653779169231015e-01
-8.684882578247300478e-01
-1.865084959585859015e-01
5.001804663597307909e-01
1.535041722469584480e-01
4.368824967268025022e-02
5.716373122267121021e-01
7.008531269705376987e-01
4.839963831625076485e-01
7.389827111615057675e-02
-3.125290437417185263e-01
-1.000000000000000000e+00
-7.702978533396390715e-01
7.528162546619946438e-01
6.985891521420773964e-01
5.084661439967765872e-01
1.172117014411547947e-01
-4.683463701035029958e-01
-2.175108048377567549e-01
-2.271858161917506558e-01
1.000000000000000000e+00
-2.635497616398918552e-01
1.985356402593004277e-01
-1.000000000000000000e+00
3.509533490790751192e-02
1.526444473964612136e-01
-4.109608102076971886e-02
-5.542743984169327953e-02
-1.000000000000000000e+00
-5.086110031886218463e-01
-2.134118408731245364e-01
9.884372075839743532e-01
-7.009260683108782253e-01
4.487749461894065539e-01
-2.081884601058145712e-01
-4.027042598276316387e-01
-5.350093789765162366e-01
-1.540257929543254606e-03
3.478450847420931913e-01
-3.461067623798154136e-01
-6.247316418049962961e-01
5.398318923972853511e-01
-1.771896416265923979e-01
-2.513629580289059029e-01
-6.963046949877902403e-01
-1.000000000000000000e+00
-3.638281033440559087e-01
-1.377953144154619725e-01
-4.535630743949705668e-01
-2.646633440215850896e-02
-2.030690070357070998e-01
-6.719094434595695997e-02
2.385197990903981102e-01
-4.495847281898360248e-01
2.032913136901695617e-01
-9.772011653159545785e-01
-3.808949974684728845e-01
-4.602777491618669781e-01
7.112575810136091414e-01
1.776612675089020987e-01
-1.000000000000000000e+00
-5.968117536114534438e-01
-2.013951422016026505e-01
-6.251300908417039004e-01
5.476469211749702692e-01
4.542259896863650170e-01
1.000000000000000000e+00
3.426308899486981696e-01
9.313430080386450038e-01
3.520815528101414182e-01
2.814172625658765137e-01
3.778234268307106292e-01
-8.269787781373252877e-02
1.563764046149634102e-01
8.158440069280569196e-01
4.801379030948431659e-01
-8.161730053224169890e-02
-4.938366484121972655e-01
9.686284442910538806e-01
1.000000000000000000e+00
2.017659034354750691e-01
-2.123314318857628669e-01
2.187253040326326281e-01
2.823550483491992225e-01
-6.098293968387080710e-02
-3.292096453150826219e-01
-6.749849922054644846e-01
-1.679631536315847606e-01
4.157799137264271971e-01
4.570566485796576789e-02
6.120692717368472202e-01
2.854663473981531308e-01
-9.322058188334970685e-01
5.574606646229866014e-01
-1.418584486185281435e-01
1.000000000000000000e+00
4.313304164252478312e-01
1.418531332655572630e-01
8.118505992547354611e-01
-2.161270440901018677e-02
-5.859914650181258233e-01
7.242000404696744553e-01
-2.426349257383998703e-01
9.659958644701568398e-01
-8.087484684547749936e-01
9.467026551327581974e-01
-1.421964401661166832e-01
8.976227099591692626e-01
-7.500779669429231966e-02
-2.713901353746814848e-01
-1.844406553188152054e-01
1.296966314247949281e-01
1.000000000000000000e+00
6.252904746700160832e-01
8.110922755177767396e-01
-8.533668725915235509e-01
6.941232666563846854e-01
9.829512850921003908e-01
-2.546060564923948166e-01
6.076590135825039596e-01
4.770249090678873594e-01
-3.459049055024304709e-01
1.267599989623154622e-01
5.608953878067929333e-01
5.974647134793001912e-01
3.663918943277076901e-01
-1.100665364400812557e-01
3.792337678226660458e-01
-9.890699293623035349e-01
9.224974396250824604e-01
-1.013312482989415786e-01
-4.244528067924511761e-01
6.743768250500814521e-01
-9.994655755582158851e-02
-9.800074756806115284e-01
3.664045586920754161e-02
8.076303530572253031e-01
5.189547473813126421e-01
-2.629748973763214592e-01
-2.607339176382165724e-01
1.000000000000000000e+00
-5.317374900269852267e-01
6.618799604002599812e-01
-5.978674479882513104e-01
3.731295398206221359e-01
1.000000000000000000e+00
1.566105632175979756e-01
-7.400854908404963517e-01
2.266030147501684189e-01
1.000000000000000000e+00
-5.240589176106350000e-02
7.214122008989124479e-01
4.012098553424927605e-01
1.000000000000000000e+00
9.828159414582490205e-01
8.915957130566454225e-02
-9.846473845908021438e-01
-1.637643984615191339e-01
-5.672388670260082311e-01
1.000000000000000000e+00
-1.243268513168857003e-01
5.994607674895240379e-01
-7.538934162718253784e-01
-2.278490655974619583e-01
5.003883116643573770e-01
9.990081609455362388e-01
3.129756573695754995e-04
-1.093422871131076862e-01
-1.090629702405179757e-01
4.341069581802402544e-01
9.673219494715707967e-01
