8.829432322370771580e-01
-9.401597751125824187e-01
2.977989449180734605e-01
7.995008780931605052e-01
-1.000000000000000000e+00
5.766547319098327407e-01
3.580626546527439502e-01
-1.416782061412055482e-01
4.234305835222547110e-01
-1.000000000000000000e+00
-6.562892934639131814e-01
4.735542219907475925e-01
-3.975665583688897664e-01
4.543508245865049977e-01
1.000000000000000000e+00
1.277803069595933039e-01
-3.735094637980812537e-01
7.995008780931605052e-01
5.008501884145295513e-01
-6.847580201021167268e-01
1.000000000000000000e+00
-7.511513239828225830e-01
2.641938678116369510e-01
-6.958386156896102515e-01
4.646459068779302259e-01
-9.883827034489781616e-01
-2.994806797186416736e-03
1.000000000000000000e+00
9.360067270297944830e-01
8.360745643164277929e-01
-1.000000000000000000e+00
-1.000000000000000000e+00
-9.176445388951917637e-02
7.995008780931605052e-01
6.681186654189016361e-01
-8.019148032617209321e-01
-8.771275576376614813e-01
7.361363247669076015e-01
1.000000000000000000e+00
5.684357247776464783e-01
-5.424419136858777968e-01
-2.358798926592319267e-01
-7.995008780931605052e-01
1.000000000000000000e+00
5.093059558381777263e-01
-2.639596477224410709e-01
-1.000000000000000000e+00
6.067372089587608208e-01
5.810020089897931506e-01
9.628619157257837236e-01
-4.433820687632248347e-01
1.000000000000000000e+00
1.000000000000000000e+00
7.223260961368919986e-02
-6.845572389025927906e-02
-1.000000000000000000e+00
1.000000000000000000e+00
9.639262014149081459e-01
-4.910787698215774433e-01
9.975597343860317379e-01
1.289892075165701701e-01
-4.769614944149204172e-01
7.995008780931605052e-01
1.000000000000000000e+00
7.553243917278955610e-01
-9.691734646499845507e-01
-1.000000000000000000e+00
1.000000000000000000e+00
-9.271647840346751712e-01
3.525024092334548276e-01
1.482296267496666098e-01
4.064415550240839115e-01
5.179607727403819917e-01
1.000000000000000000e+00
-1.000000000000000000e+00
-1.000000000000000000e+00
5.665379688656317914e-01
-8.099374336582128020e-01
5.598322967653865945e-01
6.073555939588343167e-01
1.969781781543827326e-01
-1.000000000000000000e+00
8.088056091891718813e-01
-4.608325085667210330e-01
1.000000000000000000e+00
1.392576968836226614e-01
-8.597072592761576537e-01
7.976593573852375219e-01
-2.321833726557438748e-01
1.000000000000000000e+00
8.727706186209278627e-01
-2.945554159227967705e-01
-7.995008780931605052e-01
-1.000000000000000000e+00
3.389623342283514251e-01
9.524179724515522416e-01
-1.135825614985326026e-01
-5.713165505839147285e-01
7.995008780931605052e-01
-9.165348051245680860e-01
1.000000000000000000e+00
1.000000000000000000e+00
-1.000000000000000000e+00
-7.787940985352932444e-01
-8.719919854600914899e-01
-1.000000000000000000e+00
-9.360270614551325918e-01
-1.000000000000000000e+00
1.000000000000000000e+00
-5.734102622139194416e-01
-1.000000000000000000e+00
7.808667653546188525e-01
-1.000000000000000000e+00
1.000000000000000000e+00
-4.921369698243982516e-02
5.995627675621103547e-01
-1.000000000000000000e+00
2.798546297586993470e-01
-7.815023084079434357e-01
-2.662594633443982062e-02
1.817388848450268157e-01
4.152016937803432173e-01
1.039897177896503266e-01
1.000000000000000000e+00
-4.692283472850549142e-01
-1.000000000000000000e+00
1.000000000000000000e+00
-9.089158946545438100e-01
2.820069619209028544e-01
-2.357611673949956410e-01
-4.935147679020441824e-01
5.039717671088460582e-01
2.983131877090073880e-01
-1.000000000000000000e+00
-1.000000000000000000e+00
4.238226001494234119e-01
-6.611701097808752037e-01
-7.704659193057075139e-01
-3.938002980720439195e-01
-5.970821654328908323e-01
-3.216323321219269338e-02
1.395632867731032012e-01
4.925283330536980309e-01
-1.000000000000000000e+00
-5.181531886950735410e-01
7.980195080591444556e-01
5.963672948684101138e-01
-8.626069265654411344e-01
4.502484799235048074e-01
1.547184022366084322e-01
-2.668625284991104074e-01
-9.679675378014963583e-01
-8.009245563375813615e-02
7.468265501401497586e-01
-8.203578135550564365e-01
1.000000000000000000e+00
-4.154481102700635642e-01
1.000000000000000000e+00
1.000000000000000000e+00
-6.746983877165468879e-01
-1.000000000000000000e+00
-1.845640034473549074e-01
-3.009603619331284730e-01
3.161323115568607789e-01
6.891788411026154026e-01
-9.522934052258305582e-03
-1.000000000000000000e+00
-4.252417765492467749e-01
7.995008780931605052e-01
8.709706222261111019e-01
-7.995008780931605052e-01
-1.000000000000000000e+00
3.162731152033245730e-01
-4.207730780370280144e-01
2.418073973933677345e-01
1.000000000000000000e+00
-1.000000000000000000e+00
6.851758703766197556e-01
-1.428876714186359531e-01
1.689184326567864936e-01
1.000000000000000000e+00
-7.995008780931605052e-01
9.494979648024468588e-01
-2.409282858060840526e-01
7.000607607373359187e-01
1.000000000000000000e+00
-7.995008780931605052e-01
-5.405926870757779001e-01
1.000000000000000000e+00
9.607367359532551498e-01
-7.995008780931605052e-01
1.000000000000000000e+00
1.000000000000000000e+00
1.000000000000000000e+00
8.746657916930465904e-01
1.969185291637763902e-01
-1.000000000000000000e+00
-1.000000000000000000e+00
-6.976103266870923303e-01
2.994226123293270980e-01
-5.996985486781398755e-01
-7.995008780931605052e-01
7.452584044964355448e-01
-2.997912947973783160e-01
-1.000000000000000000e+00
-1.000000000000000000e+00
-1.261143411874544040e-01
9.756343966455809369e-01
1.000000000000000000e+00
-4.971703419280058545e-01
-1.000000000000000000e+00
-1.000000000000000000e+00
1.000000000000000000e+00
-1.658578244235694998e-02
8.363226902901160775e-01
-1.000000000000000000e+00
-1.000000000000000000e+00
-1.000000000000000000e+00
1.000000000000000000e+00
-2.234214944191254271e-01
-2.431963956243342606e-01
-8.033646558279198269e-01
6.699119253179640632e-01
-9.208364376609078084e-02
9.258156198917387725e-01
-1.000000000000000000e+00
-2.355763352313810510e-01
1.000000000000000000e+00
-1.000000000000000000e+00
5.909624184080299880e-01
-1.000000000000000000e+00
-2.601198513771433296e-01
1.000000000000000000e+00
1.000000000000000000e+00
-1.000000000000000000e+00
-1.000000000000000000e+00
1.000000000000000000e+00
4.845322639735133441e-01
1.000000000000000000e+00
1.881583906633117476e-01
2.803301745523213429e-01
-7.363081307645814588e-01
3.348637603949251584e-01
2.865056136114705332e-01
6.564965069526749186e-01
7.825668867377279236e-02
-1.000000000000000000e+00
7.449348020398661729e-01
9.609635281006196905e-01
1.000000000000000000e+00
8.665906296665679687e-01
5.199970442192488607e-01
-3.784028328088341886e-01
1.000000000000000000e+00
-1.647460797801355570e-01
-1.000000000000000000e+00
2.393746671604903009e-01
-2.234507253997831122e-01
1.000000000000000000e+00
3.746857710030950805e-01
-1.000000000000000000e+00
9.165991310815815307e-01
4.847592332678394844e-01
1.000000000000000000e+00
-5.637176748694291417e-01
