

gen best mean std gain diversity
0 -14.233333 -78.944444 21.413895 -14.233333 0.577349
0 9.633333 -46.098667 27.211994 9.633333 0.589612
1 9.633333 -35.252444 27.94422 -26.7 0.583438
2 9.633333 -29.916444 28.854382 -63.8 0.607641
3 9.633333 -30.411778 29.055725 -15.233333 0.561822
4 2.733333 -32.068444 28.403748 2.733333 0.546606
5 2.733333 -36.052 29.80745 -52.766667 0.523119
6 1.433333 -37.653111 29.125367 -54.266667 0.447738
7 -1.6 -40.016222 25.906953 -1.6 0.418121
8 3.5 -41.538667 27.377607 3.5 0.340296
9 3.5 -37.228889 28.773653 -25.033333 0.384564
10 3.5 -37.011333 29.356593 -54.266667 0.393791
11 1.633333 -41.814889 29.187311 -0.033333 0.430593
12 1.633333 -39.742444 24.958501 1.633333 0.415422
13 3.5 -40.243111 27.735525 3.5 0.409364
14 3.5 -40.947333 28.787458 -54.266667 0.412372
15 4.366667 -33.533111 27.444193 -5.866667 0.503783
16 3.5 -37.745778 32.613202 -54.266667 0.488168
17 3.5 -34.401111 30.155088 -54.266667 0.40412
18 3.5 -37.638222 27.472583 -54.266667 0.433629
19 3.5 -35.37 29.307626 -54.266667 0.41062
20 1.633333 -41.402222 30.798808 -5.866667 0.372743
21 -2.566667 -39.888444 27.397196 -54.266667 0.424894
22 -1.366667 -42.225333 25.768889 -1.366667 0.415273
23 1.733333 -47.062889 30.164933 1.733333 0.380758
24 15.466667 -42.184889 27.954856 15.466667 0.310231
25 15.466667 -40.659556 29.022632 -54.266667 0.399523
26 15.466667 -40.394222 31.371692 15.466667 0.402943
27 15.466667 -37.714889 31.307022 -14.233333 0.436684
28 15.466667 -36.420222 29.476433 -34.0 0.414071
29 1.533333 -43.209111 26.87253 -54.266667 0.263326
30 4.366667 -40.473556 25.836892 -54.266667 0.391857
31 6.733333 -46.871556 26.94714 6.733333 0.320745
32 6.733333 -40.934222 28.586394 -54.266667 0.27868
33 6.733333 -41.242889 30.870368 -54.266667 0.286092
34 6.733333 -42.379556 31.08122 -54.266667 0.271703
35 4.266667 -37.053556 28.160765 -25.233333 0.2898
36 1.6 -36.441333 29.297981 -35.666667 0.320529
37 2.433333 -41.081556 28.341594 2.433333 0.292697
38 2.433333 -36.661333 26.695206 -2.566667 0.284533
39 4.966667 -41.221111 32.44736 4.966667 0.270181
40 4.966667 -37.073778 31.697347 -17.566667 0.32873
41 4.966667 -39.148444 32.298406 -54.266667 0.305648
42 7.1 -34.831333 31.966904 7.1 0.317132
43 7.1 -32.672 32.617752 0.8 0.326789
44 7.1 -34.069778 34.017625 -9.766667 0.353424
45 7.1 -27.873778 30.243154 -54.266667 0.489508
46 7.1 -24.369111 30.89834 -54.266667 0.432524
47 7.1 -20.864444 30.604216 -25.033333 0.447727
48 16.0 -22.837778 34.122227 16.0 0.468322
49 16.0 -17.255556 31.066247 -30.566667 0.48507
50 16.0 -14.941778 31.945307 0.8 0.488563
51 16.0 -15.854 29.706223 -14.233333 0.481431
52 16.0 -13.185556 25.412824 2.4 0.533746
53 16.0 -12.991111 27.107977 -25.033333 0.531734
54 14.433333 -12.972444 27.323012 -1.2 0.51255
55 14.433333 -12.005333 28.664373 -1.2 0.506116
56 14.433333 -12.085111 26.323847 -27.133333 0.518468
57 14.433333 -13.011333 27.233805 6.333333 0.525015
58 14.433333 -18.355111 34.131753 2.4 0.538924
59 14.433333 -13.510222 27.904945 -14.233333 0.523947
60 14.433333 -18.443556 30.692868 -15.133333 0.581743
61 14.433333 -18.981556 29.32427 2.3 0.585265
62 14.433333 -15.250444 28.31709 1.566667 0.57458
63 14.433333 -16.561111 29.925608 -3.2 0.589006
64 14.433333 -14.666222 27.043386 -29.266667 0.596913
65 14.433333 -17.358444 29.493112 -54.266667 0.596853
66 14.433333 -16.568667 29.279543 5.066667 0.569976
67 22.4 -16.719556 30.61226 22.4 0.538991
68 22.4 -12.981556 25.005656 2.6 0.587338
69 22.4 -14.407333 29.24222 1.566667 0.568539
70 22.4 -11.909778 27.650886 -39.666667 0.580641
71 22.4 -13.318889 29.351598 1.566667 0.602951
72 22.4 -10.182889 26.14751 2.6 0.550923
73 22.4 -14.168222 32.511374 22.4 0.567504
74 22.4 -10.873556 28.59516 -14.233333 0.552668
75 22.4 -12.117111 25.775993 1.533333 0.595741
76 22.4 -12.326667 26.855036 -14.233333 0.600574
77 22.4 -14.129778 28.610501 -16.833333 0.637863
78 22.4 -11.176444 27.991187 -25.4 0.605696
79 14.433333 -15.372667 30.572428 6.2 0.595163
80 14.433333 -14.032889 29.122082 -14.233333 0.587767
81 8.4 -14.128667 28.636706 8.4 0.611804
82 8.4 -14.888667 26.608659 -14.233333 0.621628
83 8.266667 -15.247111 24.761709 8.266667 0.612282
84 13.966667 -14.763111 24.266726 13.966667 0.604656
85 13.966667 -14.013111 25.816338 -39.666667 0.592036
86 13.966667 -13.691556 26.118033 6.2 0.614772
87 13.966667 -13.154444 27.973092 -33.333333 0.589923
88 13.966667 -17.712 31.460456 1.4 0.62924
89 13.966667 -15.571333 32.281794 -25.4 0.579272
90 10.0 -16.241778 29.953909 -14.233333 0.618505
91 10.0 -20.737556 33.078601 -6.333333 0.628567
92 10.0 -16.320667 27.333346 -14.233333 0.644717
93 10.166667 -19.06 31.379812 10.166667 0.649937
94 10.0 -19.952222 30.022133 6.2 0.626401
95 12.6 -20.197111 33.60613 12.6 0.616472
96 15.333333 -11.746222 23.571952 15.333333 0.648953
97 19.6 -13.741333 27.623963 19.6 0.624559
98 19.6 -12.819111 31.360815 4.1 0.600791
99 19.6 -13.961556 31.402608 3.866667 0.598178
100 19.6 -12.634 32.113719 6.2 0.59956
101 19.6 -12.475556 30.292894 2.033333 0.57596
102 19.6 -12.777556 31.406386 6.166667 0.528578
103 19.6 -17.908222 34.671782 10.133333 0.588303
104 19.6 -8.923111 26.097875 -14.233333 0.577185
105 19.6 -12.682222 30.148304 -10.233333 0.619459
106 19.6 -12.461556 28.462269 7.066667 0.638526
107 19.6 -11.105556 27.780655 -14.233333 0.64146
108 19.6 -13.797778 29.08188 -25.4 0.67989
109 19.6 -12.873333 28.636495 12.266667 0.677878
110 12.266667 -11.912 26.469072 12.266667 0.636395
111 12.266667 -11.836222 25.820396 -54.266667 0.656351
112 12.266667 -14.196222 26.546359 3.066667 0.653275
113 13.466667 -16.416889 29.415667 13.466667 0.636464
114 13.466667 -10.318889 22.414651 -0.333333 0.66273
115 13.466667 -11.526222 25.940852 1.833333 0.636658
116 13.466667 -15.425778 31.893582 -2.2 0.664313
117 13.466667 -11.872444 25.692685 -14.233333 0.620126
118 14.733333 -15.252889 29.42182 14.733333 0.636828
119 14.733333 -13.805111 28.800509 -3.2 0.634745
120 14.733333 -14.184889 30.142692 2.166667 0.66165
121 14.733333 -14.408444 30.375473 -25.666667 0.678518
122 14.733333 -14.028222 27.993273 3.6 0.637642
123 14.733333 -13.363778 28.333171 -16.833333 0.655272
124 14.733333 -12.930889 26.834772 -25.666667 0.667702
125 14.733333 -15.716222 29.701981 6.566667 0.649683
126 14.733333 -16.600889 31.695604 -14.233333 0.654767
127 14.733333 -18.033111 35.04951 -35.866667 0.646748
128 14.733333 -13.669556 31.107065 -1.766667 0.618855
129 14.733333 -10.841556 26.786518 8.466667 0.592673
130 14.733333 -12.617111 31.12074 7.433333 0.620189
131 14.733333 -14.46 32.500314 -35.866667 0.59021
132 14.733333 -17.365556 34.517631 -3.2 0.614024
133 11.4 -14.510444 28.928024 11.4 0.609955
134 11.4 -14.263778 31.051258 8.333333 0.619756
135 11.4 -13.063333 27.66136 9.8 0.659453
136 11.4 -19.048889 33.348295 -25.033333 0.666937
137 9.8 -17.762889 32.569585 -22.633333 0.662619
138 9.8 -17.607778 31.54405 -5.866667 0.630023
139 9.8 -14.933556 28.204909 -0.333333 0.625708
140 9.8 -15.337111 30.868113 7.333333 0.646836
141 9.8 -14.077111 28.910992 -12.5 0.633629
142 10.966667 -14.328444 28.575617 10.966667 0.611844
143 10.966667 -14.764222 31.436287 7.366667 0.623388
144 10.966667 -17.517333 33.356215 -25.033333 0.599741
145 10.966667 -15.369556 32.315829 4.766667 0.590386
146 10.1 -13.142667 27.820024 2.433333 0.627457
147 9.7 -16.676889 32.530501 9.7 0.650827
148 9.7 -15.465556 31.761909 -9.233333 0.654317
149 9.7 -11.660222 26.528279 -10.966667 0.661046
150 9.7 -15.321333 29.688919 -25.033333 0.700863
151 9.7 -17.180889 30.152341 3.3 0.692837
152 9.7 -15.384 28.510147 -10.233333 0.670218
153 9.7 -14.624889 27.499102 1.833333 0.664764
154 10.566667 -18.803333 33.608401 10.566667 0.646489
155 10.566667 -13.889111 29.645104 -25.033333 0.644337
156 10.566667 -12.862667 28.547645 -14.233333 0.670002
157 10.566667 -15.124444 29.966525 7.333333 0.630576
158 10.566667 -12.424667 28.625703 -10.233333 0.634331
159 11.533333 -14.86 30.826088 11.533333 0.678728
160 11.533333 -14.859111 28.576778 3.6 0.653839
161 19.166667 -14.662 31.347719 19.166667 0.670008
162 19.166667 -11.998444 29.352996 1.833333 0.673783
163 19.166667 -11.857333 27.570024 -10.233333 0.65775
164 19.166667 -17.847111 32.51701 -14.233333 0.66543
165 19.166667 -14.347778 26.812755 -25.033333 0.708372
166 19.166667 -12.831111 26.990594 2.333333 0.66884
167 19.166667 -15.888222 31.760659 5.733333 0.676671
168 19.166667 -16.804889 32.477406 -14.233333 0.658391
169 19.166667 -15.824889 29.477722 -54.266667 0.682319
170 19.166667 -19.563778 32.678665 -14.366667 0.671216
171 19.166667 -22.087111 36.724416 7.433333 0.646741
172 19.166667 -16.746889 33.09989 2.3 0.670321
173 19.166667 -15.442889 30.319457 -0.333333 0.674017
174 19.166667 -17.575778 33.242956 13.8 0.65
175 13.8 -12.965556 28.055088 8.466667 0.650695
176 13.8 -14.503556 30.370359 -4.5 0.686702
177 13.8 -15.238 32.928385 -3.2 0.648028
178 13.8 -12.182889 27.3821 -14.233333 0.674484
179 13.8 -8.445778 23.413458 -0.333333 0.645703
180 13.8 -14.124222 29.36714 -0.333333 0.682922
181 13.8 -16.612 33.317524 -14.233333 0.678396
182 13.8 -12.938 28.055835 13.8 0.640838
183 13.8 -12.578222 29.226423 4.366667 0.652813
184 13.8 -12.270889 26.783019 5.7 0.648817
185 13.8 -12.776444 29.511037 5.7 0.666938
186 13.8 -13.114667 27.994566 -14.233333 0.672034
187 13.8 -13.348222 27.416896 4.866667 0.651415
188 20.5 -12.410667 27.645647 20.5 0.632269
189 20.5 -12.706889 29.750257 -10.233333 0.653998
190 20.5 -16.312667 29.606237 4.033333 0.679114
191 20.5 -14.473333 30.886389 -24.366667 0.697114
192 20.5 -14.609333 28.232359 4.033333 0.665889
193 20.5 -15.431556 31.278271 -4.966667 0.6732
194 20.5 -13.734444 28.054629 -13.433333 0.670644
195 20.5 -15.923556 31.714369 4.733333 0.684749
196 20.5 -17.836667 32.613067 20.5 0.683017
197 20.5 -17.348444 30.823665 -11.833333 0.689885
198 20.5 -14.502667 29.737435 4.366667 0.66653
199 20.5 -17.138889 34.444666 6.7 0.648686