

gen best mean std gain diversity
0 -14.233333 -79.196222 21.660718 -14.233333 0.577328
0 4.366667 -48.704222 26.90184 -76.166667 0.615117
1 -1.733333 -43.185556 27.711003 -1.733333 0.616001
2 0.666667 -38.518 27.528515 0.666667 0.589733
3 0.666667 -32.737111 25.279061 -33.166667 0.570121
4 0.666667 -32.402 25.453443 -33.166667 0.566717
5 4.666667 -34.383556 27.887947 4.666667 0.543816
6 4.666667 -30.698444 24.732169 -19.6 0.494719
7 4.666667 -35.770222 29.556869 -33.166667 0.497608
8 2.133333 -31.962 26.70073 2.133333 0.445464
9 2.133333 -34.795333 29.376159 -33.166667 0.425483
10 2.133333 -36.147111 27.658061 -33.166667 0.433655
11 0.166667 -41.993333 27.74189 -33.166667 0.363292
12 0.166667 -39.015778 23.267521 -33.166667 0.323754
13 -1.4 -39.410889 21.276272 -33.166667 0.291436
14 -0.666667 -39.116222 24.514585 -0.666667 0.270532
15 4.366667 -39.825778 24.606673 -33.166667 0.4455
16 1.733333 -38.043556 23.568337 1.733333 0.307361
17 1.966667 -37.630667 22.671555 1.966667 0.280651
18 1.966667 -35.468222 26.539456 1.733333 0.247203
19 1.966667 -29.884 25.333153 -33.166667 0.265448
20 1.733333 -32.927333 24.768597 -19.6 0.270122
21 1.733333 -35.964444 24.597307 -33.166667 0.280689
22 2.666667 -40.457333 25.01617 2.666667 0.261752
23 2.666667 -36.944889 22.871347 -33.166667 0.219148
24 2.666667 -39.648 25.813397 -33.166667 0.208802
25 13.966667 -38.154889 24.36762 13.966667 0.221831
26 13.966667 -39.377111 27.952547 -33.166667 0.252227
27 13.966667 -34.456444 23.616086 -33.166667 0.247879
28 13.966667 -41.265778 25.074288 -33.166667 0.248857
29 13.966667 -39.509111 25.263466 -33.166667 0.208702
30 4.366667 -37.499778 22.986396 -33.166667 0.40765
31 2.7 -41.816889 25.321403 2.7 0.263196
32 2.7 -37.294889 25.107176 -33.166667 0.317813
33 -1.7 -38.881333 23.779399 -1.7 0.260715
34 -1.233333 -40.778667 23.960793 -1.233333 0.281066
35 -1.233333 -38.325556 20.96655 -33.166667 0.266806
36 0.466667 -44.790222 27.791685 0.466667 0.271638
37 0.466667 -37.780889 21.201948 -38.7 0.22718
38 0.466667 -42.419778 24.446039 -33.166667 0.221823
39 -0.866667 -41.61 22.617368 -0.866667 0.23748
40 -0.866667 -40.172 22.349698 -33.166667 0.250153
41 -3.233333 -41.104 22.937605 -3.233333 0.274722
42 2.766667 -38.361556 21.25858 2.766667 0.236325
43 -4.833333 -43.160667 24.810332 -33.166667 0.231718
44 7.4 -38.948667 24.09493 7.4 0.27295
45 7.4 -33.993778 22.675938 -33.166667 0.442624
46 12.7 -33.865333 23.68759 12.7 0.413665
47 13.533333 -35.772889 25.27755 13.533333 0.354767
48 13.533333 -34.482889 27.720033 -33.166667 0.323641
49 13.533333 -33.407556 27.167114 -33.166667 0.336685
50 13.5 -36.932667 28.487673 -33.166667 0.333527
51 0.066667 -40.595333 24.943725 -19.6 0.311695
52 -4.233333 -41.915778 23.006509 -4.233333 0.285464
53 -3.833333 -41.146667 22.090659 -3.833333 0.291928
54 6.866667 -38.074444 22.123161 6.866667 0.294899
55 6.866667 -37.458889 20.6907 -33.166667 0.256232
56 28.133333 -35.653111 23.480034 28.133333 0.309107
57 28.133333 -36.976667 25.737064 -33.166667 0.272119
58 28.133333 -36.483111 30.055338 -33.166667 0.250858
59 28.133333 -32.857333 28.015477 -33.166667 0.250072
60 7.0 -32.066222 30.567122 -33.166667 0.395884
61 6.866667 -32.692667 30.245214 -33.166667 0.369217
62 9.166667 -31.526 28.194907 9.166667 0.346324
63 9.166667 -29.068667 27.729758 -33.166667 0.335712
64 9.166667 -30.104 28.230033 -33.166667 0.317386
65 3.3 -32.159333 27.451798 -33.166667 0.315061
66 5.866667 -36.983778 27.486993 5.866667 0.275277
67 5.866667 -38.525778 27.354122 1.833333 0.250155
68 5.866667 -36.233778 26.135206 -33.166667 0.258536
69 7.1 -33.712667 28.202972 7.1 0.281887
70 7.1 -40.176667 28.425215 -33.166667 0.268276
71 7.1 -39.106667 25.599759 -33.166667 0.256061
72 1.833333 -43.767556 28.550224 1.833333 0.238483
73 1.866667 -40.198889 25.025411 1.866667 0.258072
74 1.866667 -38.551778 24.204203 -33.166667 0.244122
75 4.366667 -36.548667 21.63714 -33.166667 0.373083
76 0.166667 -41.204444 24.513597 0.166667 0.290604
77 2.766667 -38.279556 22.132835 2.766667 0.225411
78 2.766667 -39.526667 24.520624 -33.166667 0.249509
79 2.266667 -40.176222 24.645644 2.266667 0.228853
80 2.266667 -44.262222 25.273983 -33.166667 0.209713
81 1.833333 -43.495556 25.498479 -33.166667 0.219568
82 -3.666667 -41.968444 23.054255 -3.666667 0.223666
83 0.6 -43.353778 23.595845 0.6 0.210413
84 0.666667 -43.575333 24.21241 0.666667 0.220308
85 0.666667 -39.585333 25.197962 -33.166667 0.255685
86 0.666667 -40.042222 25.628701 -33.166667 0.237142
87 -0.033333 -42.040889 26.021603 -33.166667 0.22296
88 -2.566667 -41.215556 22.926732 -33.166667 0.211828
89 -5.9 -43.519556 23.723051 -5.9 0.211856
90 4.366667 -41.176667 25.088286 -33.166667 0.394139
91 3.5 -38.921333 25.931743 -33.166667 0.260285
92 3.5 -39.753556 21.975506 -33.166667 0.228454
93 -3.766667 -40.452 22.899166 -33.166667 0.236044
94 -2.566667 -43.001333 24.526435 -2.566667 0.238061
95 0.066667 -43.838444 24.820039 0.066667 0.223442
96 2.3 -42.098889 22.924438 2.3 0.213176
97 2.3 -38.991333 22.893279 -33.166667 0.21018
98 2.3 -39.549333 23.293535 -33.166667 0.23034
99 2.3 -40.270667 24.428085 -33.166667 0.250606
100 11.466667 -40.278222 24.370345 11.466667 0.250186
101 11.466667 -37.988222 24.737295 -33.166667 0.237501
102 11.466667 -37.852444 23.020359 -33.166667 0.254219
103 4.933333 -43.140667 27.003445 -33.166667 0.24865
104 1.933333 -40.267111 24.642613 -33.166667 0.240616
105 4.366667 -39.209111 22.840249 -33.166667 0.440861
106 0.8 -40.842 24.872308 -33.166667 0.254672
107 0.266667 -40.724 23.236068 -33.166667 0.245801
108 2.466667 -42.427333 25.088832 2.466667 0.24265
109 2.466667 -42.440222 24.651592 -33.166667 0.229164
110 -2.5 -40.527333 22.459371 -2.5 0.227685
111 1.433333 -42.905556 25.5699 1.433333 0.242436
112 1.433333 -42.838444 25.666267 -33.166667 0.242884
113 0.166667 -42.199778 23.324248 0.166667 0.240105
114 0.166667 -37.545333 23.968848 -33.166667 0.248169
115 0.766667 -40.712667 26.814893 0.766667 0.253983
116 2.0 -36.625556 24.329721 2.0 0.248594
117 2.0 -39.260667 27.095035 -33.166667 0.26646
118 2.0 -41.000222 25.095789 -33.166667 0.232318
119 1.0 -42.156889 24.170975 1.0 0.233471
120 4.366667 -40.216889 25.039919 -33.166667 0.391047
121 2.733333 -39.131111 25.19089 -33.166667 0.23421
122 10.4 -43.376 23.533045 10.4 0.214808
123 -4.233333 -40.656 21.709505 -4.233333 0.221222
124 10.4 -37.051778 23.059263 -33.166667 0.242153
125 10.4 -39.38 27.550609 10.4 0.249194
126 10.4 -38.223556 28.257681 -33.166667 0.255546
127 10.4 -37.247111 27.568752 -33.166667 0.25344
128 10.4 -38.409111 26.7403 -33.166667 0.263187
129 10.4 -37.950667 24.574969 10.4 0.248973
130 10.4 -35.257556 25.173384 -33.166667 0.22669
131 10.4 -40.120222 25.515429 -33.166667 0.24615
132 0.733333 -39.204222 23.549511 0.733333 0.236954
133 1.533333 -40.648222 26.937002 1.533333 0.248269
134 1.533333 -36.125778 23.547683 -33.166667 0.257564
135 4.366667 -39.896667 25.073563 -33.166667 0.402122
136 -1.0 -40.803333 22.320481 -1.0 0.226605
137 -4.233333 -41.670889 23.474195 -4.233333 0.247003
138 -4.233333 -40.450444 21.340643 -4.233333 0.234665
139 5.1 -40.789778 21.454276 5.1 0.223035
140 5.1 -44.101333 25.000396 -33.166667 0.23345
141 5.1 -42.553333 23.631227 -33.166667 0.232039
142 8.033333 -43.720444 23.732201 8.033333 0.240821
143 8.033333 -38.705333 25.1949 -33.166667 0.244527
144 8.033333 -40.853556 28.890848 -33.166667 0.261866
145 10.733333 -35.528444 28.930376 10.733333 0.25727
146 10.733333 -35.535778 27.300983 -33.166667 0.281966
147 10.733333 -40.550889 29.02829 -33.166667 0.310384
148 19.733333 -39.057111 26.634303 19.733333 0.26696
149 19.733333 -39.768667 28.378762 -2.066667 0.267541
150 19.733333 -37.277333 28.895656 -33.166667 0.408083
151 19.733333 -37.196667 29.604979 -33.166667 0.318957
152 8.733333 -40.121333 29.137392 -33.166667 0.309963
153 8.733333 -33.518667 26.066156 -33.166667 0.316609
154 8.733333 -35.597556 24.095828 -33.166667 0.291696
155 8.733333 -35.201333 25.108578 -33.166667 0.276644
156 1.733333 -41.131111 25.106689 1.733333 0.260947
157 6.666667 -37.374444 23.786624 6.666667 0.274147
158 6.666667 -38.928667 25.672118 -33.166667 0.275951
159 6.666667 -38.493333 25.88579 -33.166667 0.280833
160 6.666667 -34.550889 27.2815 -0.1 0.295798
161 8.566667 -37.456 28.827699 8.566667 0.306153
162 10.933333 -38.626444 27.266432 10.933333 0.2913
163 10.933333 -37.758 27.081401 -33.166667 0.262336
164 10.933333 -36.938222 27.391035 -33.166667 0.278815
165 6.933333 -36.262222 24.387363 2.2 0.418241
166 4.366667 -39.979333 26.531479 -33.166667 0.317214
167 2.2 -36.836 25.827733 -33.166667 0.27497
168 2.2 -37.372667 22.904876 -33.166667 0.251455
169 -0.133333 -41.09 24.221776 -0.133333 0.247332
170 -0.133333 -42.229333 26.234777 -33.166667 0.250882
171 -0.766667 -40.512 24.790934 -33.166667 0.245275
172 -4.233333 -43.778 25.061667 -33.166667 0.22571
173 -4.233333 -42.955778 24.231529 -4.233333 0.241748
174 -1.5 -45.054 24.971275 -1.5 0.223994
175 0.166667 -43.054444 24.902112 0.166667 0.235707
176 0.166667 -39.193111 23.558589 -33.166667 0.231622
177 15.433333 -37.801333 25.000281 15.433333 0.243608
178 15.433333 -38.607778 24.154004 -33.166667 0.248258
179 15.433333 -38.440444 27.475377 -33.166667 0.245381
180 15.433333 -37.778889 23.803082 -33.166667 0.379639
181 5.033333 -37.768667 23.625085 -33.166667 0.258742
182 1.833333 -39.276444 23.955485 1.833333 0.249595
183 1.833333 -37.777778 22.867858 -33.166667 0.219134
184 3.6 -40.380444 21.624645 3.6 0.224615
185 3.6 -39.232444 25.829948 -33.166667 0.253345
186 5.433333 -36.012444 22.634086 5.433333 0.252631
187 5.433333 -40.416889 25.644855 -33.166667 0.273895
188 0.066667 -37.815333 25.267684 -33.166667 0.278855
189 -0.166667 -39.618667 21.430159 -0.166667 0.240054
190 0.166667 -40.418444 23.84179 0.166667 0.260309
191 5.733333 -39.327778 23.614134 5.733333 0.239633
192 5.733333 -37.641778 26.589702 -33.166667 0.260862
193 5.733333 -38.095333 25.154415 -33.166667 0.251933
194 0.266667 -37.823333 23.990821 -7.666667 0.243608
195 6.833333 -39.437333 26.428707 6.833333 0.394936
196 19.833333 -38.449111 26.056391 19.833333 0.383836
197 19.833333 -35.799778 28.112225 -33.166667 0.397092
198 19.833333 -32.077333 30.856089 -33.166667 0.429155
199 19.833333 -35.911111 28.769479 -33.166667 0.424283