5.142397699326473060e-01
3.259176519203111355e-01
-1.724971589649060277e-02
-1.550874473642858686e-01
-2.180810061656228704e-01
-1.000000000000000000e+00
4.534122247267236561e-01
3.234574690643528538e-01
-2.797465040359018995e-01
-1.000000000000000000e+00
-9.971560361033131592e-01
-1.000000000000000000e+00
-1.000000000000000000e+00
-4.811226369186106799e-01
-7.824066551526456248e-01
7.648172113239511960e-01
1.000000000000000000e+00
2.801715860301839389e-01
3.814629547979070390e-01
-9.047753592062091066e-01
1.000000000000000000e+00
9.074421282346433193e-01
-4.752926093991394763e-01
5.593196992554877456e-02
3.192137654655280432e-02
5.672170096318606136e-01
8.729014942305973745e-01
7.252477666402104006e-01
-1.000000000000000000e+00
2.180810061656228704e-01
5.349580949534459284e-01
-1.431589459390668062e-01
-1.679388483102021157e-01
1.000000000000000000e+00
-1.112263975056299037e-01
6.063721736444951382e-01
4.424343143024922487e-01
-9.152401733639061732e-01
1.000000000000000000e+00
-8.271391912839891614e-01
-7.129751691324914820e-01
-1.313845739478473051e-01
-2.775855926756132797e-01
-8.842939374561624710e-01
1.000000000000000000e+00
4.188536438306161847e-01
7.009660640758842431e-01
-2.543528568254812550e-01
8.698504431593777619e-01
-9.426156195996561182e-01
6.407225750465868064e-01
9.732308785823836628e-01
8.945659358149851137e-01
-6.469313774448142151e-01
-1.000000000000000000e+00
7.972083476502538346e-01
9.729500392416008392e-01
-1.000000000000000000e+00
-2.647986488281708350e-01
-7.627040249577299313e-02
5.309420287319963627e-01
-6.073641102495250799e-01
-1.746373201123518071e-01
8.820828748143423326e-01
8.994662868595193483e-01
1.157645413778420895e-01
-9.700525549235928802e-01
-1.000000000000000000e+00
-8.867919965692689921e-01
-3.311757688100309127e-01
1.000000000000000000e+00
-2.334995832422780415e-01
-6.762556646383921510e-01
-6.885992532764041441e-01
-7.859885576701519661e-02
4.801356915763732580e-02
6.477940878189351048e-01
-6.357447708828829480e-01
-1.000000000000000000e+00
1.000000000000000000e+00
-6.035304141605608574e-01
-9.709212138389532454e-01
-9.746958991258786176e-01
4.319370763188433715e-01
1.479773660576221839e-01
6.486445244100162988e-01
-2.427312387781198899e-01
2.180810061656228704e-01
-2.533415737932000478e-01
3.431590619307629542e-01
7.100551505865818624e-01
3.719904597599191787e-01
-2.481107733654403513e-01
-6.462453833474364195e-01
4.765687940148135571e-01
1.000000000000000000e+00
6.539628232137646435e-01
-5.069640729057663942e-01
-8.438105355685309172e-01
5.113619475364672429e-02
6.606226248564881498e-01
1.000000000000000000e+00
-8.192444808371748821e-02
4.381480107878291674e-01
-6.216401543547305231e-01
-9.708668953421819570e-01
3.669717019536142821e-01
-4.638664709564460642e-02
-7.034211598287272160e-01
8.858003818303653576e-01
6.159681590227727987e-01
1.000000000000000000e+00
-4.097619622181124521e-01
-1.000000000000000000e+00
2.624199449416630969e-02
7.075160904122124172e-01
1.000000000000000000e+00
-3.845493984851102720e-01
4.359312860570078163e-01
-1.621742080086424065e-01
2.349750077302811269e-01
5.952657200694583955e-02
-1.425374594128548944e-01
-3.220100972308818643e-01
-9.951378809910553791e-01
-7.084707312379612265e-01
6.167772826683345366e-01
-2.938294210845893151e-01
-2.977292918172828040e-01
-1.000000000000000000e+00
3.776998880880503284e-01
3.608371512958852279e-01
1.000000000000000000e+00
-7.713811871547021637e-01
-1.000000000000000000e+00
-5.697090907988175967e-01
-6.291898338042940519e-01
-1.145410574134205772e-01
-1.623994029921513871e-01
-2.176570012709202473e-01
1.051448293531410949e-01
1.497125015148181582e-01
3.210939420955192802e-01
2.617792088889220325e-01
9.883144752831806157e-01
4.267003930969711090e-01
-1.000000000000000000e+00
-6.071547037975733030e-02
-1.000000000000000000e+00
4.978007349591664910e-01
1.000000000000000000e+00
-4.932289508118915533e-01
-4.108802051945715794e-01
9.605283648617994885e-01
4.538624047344759216e-01
1.804840119947194177e-01
1.000000000000000000e+00
2.180810061656228704e-01
9.774347213144641833e-01
1.000000000000000000e+00
8.397409212978871329e-01
-7.321736229103321669e-01
1.000000000000000000e+00
-2.124238327185726805e-01
7.565636012503510477e-01
-1.000000000000000000e+00
-4.559156300839294906e-01
-8.420478497904487769e-01
-2.239158257057755064e-01
1.000000000000000000e+00
1.000000000000000000e+00
2.180810061656228704e-01
-5.713459170712664736e-01
-3.305661183961512428e-01
1.000000000000000000e+00
-5.672665486160919368e-01
4.731761870482436572e-01
3.758728447850844256e-01
-8.632326023615132238e-01
-6.183178478439457226e-01
-5.955696908598622219e-01
2.910310134239184054e-01
-2.339179764021082630e-01
8.799199177552323725e-01
-2.767669973147543483e-01
-2.288974948298058698e-02
-4.580412759091926356e-01
-8.678687633260142587e-01
-7.260095835886364313e-01
4.597676734965600032e-01
-5.215725885426569786e-02
-2.748085312136021585e-01
-3.829324915059918455e-01
9.806304989901976077e-01
1.982603667115776236e-01
-5.990443099993840725e-01
-9.715451466144480186e-01
-7.104066216991040683e-01
1.738668375045115955e-02
-6.489785252611151023e-01
-5.244295491160099187e-01
-3.204664833534398571e-01
6.867014642651170231e-02
-2.120978954373242131e-01
1.000000000000000000e+00
-5.141541037545951376e-01
-7.424226875851025476e-02
5.558667492942365174e-01
-9.206143959979369296e-01
-4.493270689816514230e-01
-2.670449553778858620e-02
-1.021830709750750632e-01
-9.621003555461798973e-01
8.411932563047154199e-01
-3.361370635870074008e-01
-7.799210098450386486e-01
-1.000000000000000000e+00
6.332997553336713326e-01
-1.000000000000000000e+00
7.276650544264855469e-01
-7.449035932839032093e-01
-7.879244495424351236e-01
8.476634980146577902e-01
5.658656511083872687e-01
-1.000000000000000000e+00
7.030883228755249736e-02
2.180810061656228704e-01
8.081172868775733376e-01
-9.107652013487034237e-01
-3.766405904897479617e-01
-7.391270975031281054e-01
-6.958298835163952978e-01
-6.995620837901498357e-01
-1.000000000000000000e+00
9.416075512903694378e-01
8.923998856759033371e-01
-9.942347195060163845e-01
9.353119955584724421e-01
1.000000000000000000e+00
8.764787274782062099e-01
1.000000000000000000e+00
-2.180810061656228704e-01
1.793114447368960862e-01
7.377547786002324193e-01
7.705864934417477885e-01
-9.916432198678899468e-01
1.782129067125502175e-01
1.000000000000000000e+00
9.930688687730416797e-01
-1.000000000000000000e+00
-8.118418490539652810e-01
-5.462334125033151411e-01
5.538847891510266797e-01
-8.703306474284686622e-01
-4.840522635491418257e-01
-1.000000000000000000e+00
5.712671061477643253e-01
3.421891697577805758e-01
-5.915065536263184320e-01
4.937124262233572036e-01
1.000000000000000000e+00
9.969036149915877498e-01
9.221134504752027672e-01
-5.766531093559360555e-01
-3.657912598062750820e-01
