-3.579026326088590171e-01
-3.374924084559505211e-01
-4.078900944042423982e-02
1.820930805153114784e-01
-6.677235065565487737e-01
-2.041376675338411051e-01
-4.486539941445155666e-03
-2.063372818199256109e-01
-1.156136376769539842e-01
1.154565760401563002e-01
-7.469859059935920476e-01
6.290850198801504201e-01
-1.000000000000000000e+00
-5.908259952101426737e-01
1.042735040276838721e-01
-5.872763603427679779e-01
-7.147732897269121199e-02
6.893434571865031391e-02
-2.298111207415042267e-01
5.884733311150669444e-01
3.200740780767623583e-01
5.820943446648829678e-01
3.973514768747311021e-01
-3.396877762382181087e-01
1.714893099046422287e-01
4.317663616524037851e-01
-6.009867459907559661e-01
-1.000000000000000000e+00
-2.004530780807652901e-01
1.000000000000000000e+00
-1.278930866481103878e-02
-7.452644231868383873e-01
-2.428924417548197212e-01
-7.725807173546894724e-01
1.000000000000000000e+00
4.417783217004094265e-01
2.599246624336392641e-01
-1.703679356893760266e-01
3.956434503582478834e-01
-1.729048452188419738e-02
-3.522693787266529819e-01
9.530664490672142719e-01
-6.628215922888205380e-01
-4.181058247690543350e-01
5.634616043674578467e-02
4.893041991256599776e-01
-1.749800019174307386e-01
-3.444696200406500708e-01
-1.652897732667703012e-01
3.393485545037941975e-01
-4.578530895788018862e-02
-7.100835831441110191e-01
-4.905032370818179777e-01
6.455187550685344000e-01
-5.787744283051087235e-01
-3.880751036013679878e-01
5.850096508029809517e-01
-7.815480538675687594e-01
6.699151160606453548e-02
-1.000000000000000000e+00
-1.000000000000000000e+00
1.815525789846283433e-01
-3.470663173509019317e-01
-6.699818342453409681e-01
5.345961991372045752e-01
-3.978802795493422972e-01
-2.637582277495385541e-01
-1.215877351400315720e-01
2.326649436030331364e-01
-4.761227634015023913e-01
-2.841815083431893374e-01
1.911790045713114283e-01
-9.343305273600566174e-01
-2.529356720136659575e-01
1.962147517348326042e-01
-6.914898809765113175e-02
-5.980417029994316014e-01
-6.897429190609700722e-01
-5.285762066794247316e-01
-7.545876986172816991e-01
4.154398777122898095e-02
-6.450677702443725625e-01
8.827595575818508733e-01
-3.494926834469883614e-01
2.374929302512781559e-01
-1.000000000000000000e+00
4.452750164458233462e-01
1.088984110689085738e-01
-7.477297763773715911e-02
5.023128455528622638e-01
-2.883672762407220036e-01
-9.024698373395320106e-01
2.391522826718168737e-01
8.857363269373083048e-01
-9.775791498265073987e-02
-6.277969292343794916e-02
-3.137366004859473700e-01
-6.437598647412656749e-01
-4.625642461057084542e-01
-6.641109999173766543e-01
3.507147035041779937e-02
-1.970189955141089522e-01
-5.220088357852483707e-01
-1.797218552245843926e-01
-7.755608418343996613e-01
7.097029041239509839e-01
4.264698220315139565e-01
-5.853090406715131255e-01
-8.573350702209697749e-02
-3.702425979814639168e-01
1.000000000000000000e+00
5.710490877742347982e-01
-5.717528896252244142e-01
-9.393510249932528478e-01
8.232973656944715390e-01
-8.774067289199091180e-01
1.396143839535916586e-01
-7.789773030809754584e-01
2.996815996518243930e-01
4.276779777224179457e-01
-3.481191717490840776e-01
-2.580597980382224321e-01
-2.090416000425520116e-01
-3.470792722465346758e-01
9.236433820030718334e-01
1.040819059516254197e-01
-3.289404073890977998e-02
5.212230347374011696e-01
2.577147270063380180e-01
-4.761918807324891367e-02
-2.070130538469826531e-01
-9.842531298707801746e-01
1.692929331531131121e-01
-1.555797712479065065e-01
-9.537848879524710721e-01
3.899077039260204214e-02
-8.046487555645858158e-01
1.747167783364610982e-01
7.116543689866747791e-01
-2.455676330024808562e-02
3.435913347599992007e-01
-8.984990560861694231e-01
-5.696593620147804016e-01
2.204590520827887090e-03
-2.808781510459731345e-01
2.778187389285258213e-03
-1.790872832501727574e-01
-3.693240706874397761e-01
-9.594561766631249933e-01
1.413119795149132552e-01
1.000000000000000000e+00
-7.589401986144617140e-02
-2.976558840990874422e-01
-3.398553959208198139e-01
7.768321109513419698e-01
1.000000000000000000e+00
-6.779262636879781478e-01
2.020136357443990116e-01
1.830103346968017242e-01
6.791479217135368840e-01
-2.658114215993412355e-01
1.000000000000000000e+00
-7.011301155197314783e-01
-5.494778349472209111e-01
1.000000000000000000e+00
-5.407311611637586335e-01
4.005910890295107385e-01
-1.240186189345781065e-01
-7.282247144318987342e-01
-5.933496841557345247e-01
3.129442641449724505e-01
1.492011907672139426e-01
9.607277013753906525e-01
-1.319256762541178296e-01
-2.857816502721238772e-03
2.301215699118392966e-01
-7.280585064878258850e-01
-8.529054267824844882e-01
3.441922986316081623e-01
4.451834074068313218e-01
-4.928603511755129118e-01
-4.536706532385612056e-01
1.000000000000000000e+00
-2.464376203537819165e-01
1.381216923995590151e-01
-4.125522485101408843e-01
-3.864922080802201121e-01
-6.817197867247475340e-01
2.975735416657623866e-01
8.058082885936695972e-01
5.053428985558162667e-01
4.696000067483045992e-01
1.202940320816618947e-01
-4.703710827645912196e-01
-3.713264614055609147e-01
2.808561666975205595e-01
-3.382502670188899385e-01
9.479752995083159384e-01
-5.631543212307714708e-01
2.937119777100580809e-01
1.000000000000000000e+00
2.231769174045720172e-01
-8.655583625056256780e-01
-1.000000000000000000e+00
-5.749582512267215062e-01
3.660582646096999238e-01
-2.882271357837072889e-01
-1.889794115802627683e-01
2.731930923420572976e-01
-8.487824490921478393e-01
-2.062373761941977413e-01
-4.369638505769873893e-01
5.457154207156723613e-01
1.541302513884449943e-01
6.407315860835354204e-01
-3.967263970051217448e-01
-8.191169611052988575e-01
-1.572811853639731194e-01
-5.970665372372635504e-01
1.626935789233242557e-01
6.011668996222938599e-01
-3.618823225680273259e-01
-3.033452115790173931e-01
2.602694010549017611e-01
4.644538221935660127e-01
1.079505049669537975e-01
1.149800455552176803e-01
1.217345809785495281e-01
1.654559066985831217e-01
-2.390119071616297053e-01
4.796295741487368036e-01
4.183889526894497557e-01
1.000000000000000000e+00
-3.483471914453847296e-01
-1.000000000000000000e+00
-3.295959000829989938e-01
-1.000000000000000000e+00
1.716063639792322904e-02
4.091603092096647853e-01
-7.034506299480587366e-01
8.925135405724512472e-01
4.300061134356665815e-01
-8.344061365590607071e-01
5.250485534672713062e-01
-5.401266671850668555e-02
-4.852572832116835988e-01
-1.938757392937776741e-02
7.774709528621709387e-02
2.792640783021371753e-02
3.617773113195024148e-01
2.530941282396153569e-01
3.030546469929995546e-02
1.340009428938411795e-01
-2.871542207220075804e-01
-6.650091078987966364e-01
-4.206190955689532718e-01
1.000000000000000000e+00
2.690028266945165836e-01
3.593555440891644803e-01
-3.156691491612935718e-01
-2.959436367901488452e-01
1.633464319613592286e-02
3.069192633354482780e-01
-1.000000000000000000e+00
-5.718917435090723478e-01
