-5.586241013519107623e-01
-1.000000000000000000e+00
-7.986006836756098792e-01
-5.978804846157991237e-01
1.000000000000000000e+00
1.000000000000000000e+00
-8.780031044673862750e-01
-3.343661054336529714e-01
1.000000000000000000e+00
6.100093153193888451e-01
-8.964375980250371967e-01
2.929366484946594462e-01
3.762184791277806140e-01
1.000000000000000000e+00
6.823568461160238741e-01
1.000000000000000000e+00
-6.779675748852594941e-01
-1.000000000000000000e+00
-8.595388235428751411e-01
-4.240848182400556998e-02
1.000000000000000000e+00
-8.078268651033468917e-01
3.128363348228919705e-01
1.000000000000000000e+00
6.692766048751230823e-02
-9.821353872193628876e-01
-1.000000000000000000e+00
1.567011246739500319e-01
1.000000000000000000e+00
-6.000233616487196109e-01
-1.000000000000000000e+00
4.440855827940698441e-01
-1.000000000000000000e+00
1.000000000000000000e+00
3.475203020233691431e-01
-1.818399736073682549e-01
-8.438782516282941071e-01
-1.000000000000000000e+00
1.884139462730760606e-01
-3.564620620696701270e-01
-1.000000000000000000e+00
-1.000000000000000000e+00
6.829374298133015220e-01
1.000000000000000000e+00
6.609039570877861536e-01
-9.567483662311129233e-01
2.440077839467502674e-01
6.042541464327797485e-01
1.000000000000000000e+00
-1.000000000000000000e+00
-1.000000000000000000e+00
-7.012354112923210314e-01
1.000000000000000000e+00
-1.000000000000000000e+00
-4.693949532500282240e-01
4.907543147364642477e-01
1.000000000000000000e+00
1.000000000000000000e+00
5.412614300960365554e-01
3.687015312662672017e-01
-1.000000000000000000e+00
1.146819801138925232e-01
1.000000000000000000e+00
1.000000000000000000e+00
7.881273857952093564e-01
9.117703910829657588e-01
-1.000000000000000000e+00
-1.000000000000000000e+00
1.000000000000000000e+00
7.657680678198655055e-01
-1.000000000000000000e+00
-1.000000000000000000e+00
1.000000000000000000e+00
3.604514370802635037e-01
6.345457280720343540e-01
1.000000000000000000e+00
5.912248843989169611e-01
1.000000000000000000e+00
-1.000000000000000000e+00
1.000000000000000000e+00
-1.000000000000000000e+00
1.000000000000000000e+00
1.000000000000000000e+00
-1.000000000000000000e+00
-8.997315708881848950e-01
-1.000000000000000000e+00
-1.000000000000000000e+00
1.000000000000000000e+00
-2.433612901777864601e-01
7.899034847795112224e-01
2.514810260534449671e-01
-2.787660638165578852e-01
-1.000000000000000000e+00
4.683425632240635350e-01
8.191559207222177674e-01
9.463655363818255228e-01
-1.000000000000000000e+00
-7.953871054193477619e-01
1.000000000000000000e+00
3.531818249906906182e-01
-2.994918279905565139e-01
1.000000000000000000e+00
8.224093455421064291e-01
1.000000000000000000e+00
1.000000000000000000e+00
1.000000000000000000e+00
1.897573783762010191e-01
3.470766606492868833e-01
-2.497704200843466893e-01
1.000000000000000000e+00
6.577389150111316862e-01
-2.221497419456716083e-01
1.000000000000000000e+00
1.000000000000000000e+00
-1.000000000000000000e+00
1.000000000000000000e+00
-1.000000000000000000e+00
1.000000000000000000e+00
-1.000000000000000000e+00
-4.328735592225048112e-01
-8.073103667350571833e-01
1.000000000000000000e+00
-6.215542743670524617e-01
7.374890331102353924e-01
-1.000000000000000000e+00
3.573204759975212030e-01
1.000000000000000000e+00
-1.000000000000000000e+00
7.168413199467678076e-01
8.225159962331908270e-01
1.976765834406791766e-01
6.007691709141782521e-02
9.596659406299301587e-01
1.205382325418819928e-01
-1.000000000000000000e+00
1.000000000000000000e+00
-4.185788659369243936e-01
-3.884484791759570399e-01
-1.000000000000000000e+00
-1.000000000000000000e+00
-1.000000000000000000e+00
1.000000000000000000e+00
1.000000000000000000e+00
-1.000000000000000000e+00
5.634851595010558212e-01
2.460851781958421358e-01
1.000000000000000000e+00
-1.000000000000000000e+00
1.000000000000000000e+00
3.092078146749173140e-01
-5.821003475190802412e-01
-4.303072543703070352e-01
8.473660431403629012e-02
1.000000000000000000e+00
1.000000000000000000e+00
1.000000000000000000e+00
-1.000000000000000000e+00
-3.347682734623821932e-02
1.000000000000000000e+00
2.801582688579165592e-01
-1.000000000000000000e+00
4.391613109861668418e-01
-1.000000000000000000e+00
-1.000000000000000000e+00
-2.241976328708317201e-01
-1.000000000000000000e+00
-1.000000000000000000e+00
-1.996640844565922834e-01
1.000000000000000000e+00
-1.761634536597964096e-01
-1.000000000000000000e+00
7.722652979723423350e-01
1.000000000000000000e+00
-5.749096271513181033e-01
2.632930466344481357e-01
1.000000000000000000e+00
-1.000000000000000000e+00
-5.575463280428109014e-01
-4.176956081188554215e-02
-1.000000000000000000e+00
4.183182804610627858e-01
-6.634323212104300538e-01
1.000000000000000000e+00
1.000000000000000000e+00
1.000000000000000000e+00
-1.000000000000000000e+00
-3.475203020233691431e-01
6.146607362515383866e-01
-3.587617665766433817e-01
-1.000000000000000000e+00
7.094990044277348362e-01
8.794151970331984813e-01
4.654194977555861090e-01
-8.787157142728687642e-01
-2.920339011315626898e-01
6.280141486984448518e-01
-1.000000000000000000e+00
1.000000000000000000e+00
1.000000000000000000e+00
1.399003914095373613e-01
-1.000000000000000000e+00
-8.108385737688725281e-02
-6.492726378791799924e-01
-7.697310072109911916e-01
-8.717386269950447852e-01
9.177267136949586179e-01
1.000000000000000000e+00
-1.000000000000000000e+00
-4.928065273342630004e-02
-3.449921310378127881e-01
1.000000000000000000e+00
1.000000000000000000e+00
1.000000000000000000e+00
1.000000000000000000e+00
1.000000000000000000e+00
3.710535379468656858e-01
-8.879821187642453761e-01
-1.000000000000000000e+00
1.000000000000000000e+00
-1.208215777117606360e-01
-5.606455376662028423e-01
1.000000000000000000e+00
-1.864081729628122019e-01
-1.000000000000000000e+00
1.000000000000000000e+00
9.672151055305326928e-01
3.390666539373969890e-01
-4.336413479486689315e-01
8.573426290883747747e-01
1.000000000000000000e+00
-9.385264588323408708e-01
1.000000000000000000e+00
-1.000000000000000000e+00
6.184221486656681366e-01
-1.000000000000000000e+00
-1.000000000000000000e+00
-8.419533774069182241e-01
-3.711422537363175955e-01
1.000000000000000000e+00
1.000000000000000000e+00
-1.000000000000000000e+00
6.810952588278684772e-02
-1.000000000000000000e+00
1.627956030463792447e-01
-1.000000000000000000e+00
3.427739017775837116e-01
-2.341026227617892530e-01
1.000000000000000000e+00
1.000000000000000000e+00
-1.000000000000000000e+00
1.000000000000000000e+00
-1.000000000000000000e+00
2.884647608802810570e-01
-3.823264635815953882e-02
-1.000000000000000000e+00
-1.000000000000000000e+00
-1.000000000000000000e+00
-1.000000000000000000e+00
1.000000000000000000e+00
1.000000000000000000e+00
-9.449336015607748829e-01
-1.192249810106820185e-01
8.307029383534396683e-01
-1.000000000000000000e+00
3.310842558896656129e-01
