-1.523135131196705072e-01
5.547489836695014276e-01
-3.932984755594456372e-01
1.000000000000000000e+00
-1.595218276950192138e-01
6.455872481220121806e-01
-1.655499952944635145e-01
-1.743340988826466986e-01
5.056485948515303530e-01
-1.000000000000000000e+00
-9.120866633836341997e-01
4.612826146723431053e-01
3.249849314327452748e-02
-8.697890021384706571e-01
1.791664154954434873e-01
-2.700723224713313941e-02
8.384153562043353825e-01
2.745428778493419486e-02
1.703261747964829043e-01
-6.411446451131435076e-01
1.000000000000000000e+00
6.193214061777662094e-01
7.580896905145995124e-02
1.000000000000000000e+00
4.946001263994907748e-02
-3.698712679999827113e-02
1.000000000000000000e+00
-1.000000000000000000e+00
-9.990358685603873967e-01
9.113541471459059018e-01
-1.000000000000000000e+00
-1.000000000000000000e+00
-1.919536310035862559e-01
1.203795353975599947e-01
2.043935158226048709e-01
-5.701368181351531561e-01
2.191115046510777320e-01
-1.000000000000000000e+00
-8.972016088472586359e-01
6.505050010061153021e-01
-5.316557515253542143e-02
-6.779926977093826412e-01
-7.405202844550824448e-01
-4.223336312013281080e-01
7.850466128990860604e-01
5.799116270041699828e-01
-4.244316669119160834e-03
1.744531719377283019e-01
3.265167055722674183e-01
1.224052760156282144e-01
7.516404695018021886e-01
-1.000000000000000000e+00
3.597824696925238652e-01
-7.026781437310696266e-01
-3.292338051844806990e-01
4.615225224753549682e-03
-1.000000000000000000e+00
1.000000000000000000e+00
-4.005131060743056803e-01
-1.000000000000000000e+00
-1.000000000000000000e+00
-6.201900312426322781e-01
8.309101420606290755e-01
-1.000000000000000000e+00
-1.000000000000000000e+00
-3.435189599290091600e-01
-4.162962702353482647e-01
8.028245628746835116e-01
-1.000000000000000000e+00
8.243380659878660754e-01
7.586176317268794600e-01
-4.781361842574641807e-01
-1.000000000000000000e+00
1.350811815798974580e-02
-2.269756710769081920e-01
-8.671519085087413536e-01
-6.347155414969849474e-01
-4.570164293896901153e-01
-1.000000000000000000e+00
1.000000000000000000e+00
8.277801133956938506e-02
1.000000000000000000e+00
2.233995834921175816e-01
-1.000000000000000000e+00
2.180340076308931452e-02
4.371640351611801312e-01
-5.920801417552736812e-01
-1.000000000000000000e+00
1.268428811547664958e-01
-3.037391820141903676e-01
1.000000000000000000e+00
-1.000000000000000000e+00
1.000000000000000000e+00
-9.999192777420279343e-02
-7.206817239770276773e-01
9.033034587849739783e-01
1.000000000000000000e+00
1.000000000000000000e+00
-1.000000000000000000e+00
-4.947093158242423794e-01
1.000000000000000000e+00
-4.798493333887895451e-01
7.360863393637853136e-01
-8.390506549509746392e-01
6.681410220574279801e-01
-6.281319368499616029e-01
-1.000000000000000000e+00
-1.000000000000000000e+00
-8.466427610023732342e-01
-1.000000000000000000e+00
1.000000000000000000e+00
-1.000000000000000000e+00
-8.374409009576571083e-01
1.000000000000000000e+00
1.000000000000000000e+00
7.760933415675396185e-01
-7.845481117982033847e-02
1.824949930703879675e-01
7.145018851357674006e-01
-4.231937648532425045e-01
-1.000000000000000000e+00
-4.517089501836450971e-01
-3.691144646830576970e-02
-1.000000000000000000e+00
7.116690258125002444e-01
-9.927076559293037672e-01
-7.557096875395503677e-01
9.939014721701221466e-01
-8.287642535244864606e-01
-6.275457946029255885e-01
1.804569786572561840e-01
-9.837482527172620728e-01
-1.000000000000000000e+00
-8.566632598143477662e-01
-8.492238358458196190e-01
4.416714755133874792e-01
-4.860931289206426587e-01
-9.267565009499725281e-01
-1.000000000000000000e+00
4.711430403879073303e-01
-4.269333402770961183e-01
-1.000000000000000000e+00
-1.000000000000000000e+00
5.292165032163617111e-01
-8.595267367402836811e-01
-1.000000000000000000e+00
1.000000000000000000e+00
1.051199086423765805e-01
4.111042805266388322e-01
1.000000000000000000e+00
-3.938589080045780122e-01
-1.000000000000000000e+00
3.098121768044758140e-01
-1.000000000000000000e+00
-4.183920596133343106e-01
-1.000000000000000000e+00
-5.347431248941157955e-01
-1.487107319740464673e-01
9.436691366128162617e-01
-1.000000000000000000e+00
-7.651521348440182280e-01
7.895233192139160527e-01
-1.539286875646166119e-01
7.706771091371457105e-01
5.003012218102080855e-01
-1.000000000000000000e+00
6.010871069748188189e-01
-6.288548523266798140e-01
1.000000000000000000e+00
4.537408223162716081e-01
1.657604179124973487e-01
-6.547851329915619356e-01
1.000000000000000000e+00
1.000000000000000000e+00
1.824952910214507340e-01
1.000000000000000000e+00
1.000000000000000000e+00
-1.000000000000000000e+00
-1.000000000000000000e+00
3.353589477964374344e-01
-1.878149145587093560e-01
-1.000000000000000000e+00
-1.615196414894030374e-01
6.864634056972237497e-01
-1.000000000000000000e+00
1.156626681461506712e-01
-5.491355280206744460e-01
3.272583200973115392e-01
8.213315756124883737e-02
-9.897647052369386023e-01
3.086652489950030276e-01
1.000000000000000000e+00
7.938258507344460035e-01
-1.000000000000000000e+00
1.643668971724271399e-01
-8.006058784719706500e-02
-7.233301932348497054e-01
4.138283555024075411e-01
-4.234315798963035893e-01
1.000000000000000000e+00
-6.854888076833842714e-02
-1.000000000000000000e+00
-6.687308167647045831e-01
-8.522019347205075368e-01
-3.876378903163141820e-01
8.221803954026619676e-01
1.288498564194824614e-02
-3.802934611133503284e-01
-5.326501803215646369e-01
-1.048447778574120304e-01
9.554220949764652415e-02
-1.246976322780977559e-01
8.234389515324371800e-01
4.825333645887427969e-01
-1.000000000000000000e+00
-1.000000000000000000e+00
6.297497183870065518e-01
1.000000000000000000e+00
8.967635461084703108e-01
1.000000000000000000e+00
1.000000000000000000e+00
1.761273624871557697e-01
1.000000000000000000e+00
-2.925222793002761890e-01
1.000000000000000000e+00
-4.771513804366609435e-01
7.233427663273723773e-01
6.505050010061153021e-01
7.988994070901791478e-01
-1.000000000000000000e+00
-1.000000000000000000e+00
9.051916213719320981e-01
-1.314226934649220802e-02
1.000000000000000000e+00
3.124375827577592357e-01
3.960464937517410577e-01
-1.901543533110204853e-01
-3.781384697514111881e-01
3.729588106718253471e-01
9.387344188730644134e-01
1.000000000000000000e+00
-8.010938026571624571e-01
3.609970065160381103e-03
-9.838569915748625050e-01
6.102130865400975379e-01
7.539888854435836119e-02
4.018076531894236858e-01
4.650515701934893054e-01
1.000000000000000000e+00
-6.505050010061153021e-01
-1.000000000000000000e+00
6.482490518243031463e-01
5.325619722532534128e-01
-5.772098825180533854e-01
6.533165432994738619e-01
8.989029979956870697e-01
4.426353175086661929e-01
1.000000000000000000e+00
1.000000000000000000e+00
-1.000000000000000000e+00
8.815888001158711518e-01
5.499306385083622128e-01
-4.105914431204885084e-02
9.583385172758354109e-01
5.951529800078615429e-01
