3.353132583656437404e-02
-7.258059884544326712e-01
-1.000000000000000000e+00
1.000000000000000000e+00
1.000000000000000000e+00
-1.000000000000000000e+00
-6.749817774693640526e-01
9.128656841632574181e-01
9.334938211466391467e-01
-1.000000000000000000e+00
1.000000000000000000e+00
-1.000000000000000000e+00
-4.753283695929939601e-01
-1.000000000000000000e+00
2.244821636398031117e-01
4.035471629815639560e-01
-6.764876495733610495e-01
7.773765701217340007e-01
-2.889745027413623824e-01
-3.126248544083222169e-01
-1.371642464973152897e-01
2.471556581038898970e-01
1.000000000000000000e+00
1.000000000000000000e+00
1.446135429775461945e-01
1.000000000000000000e+00
-1.000000000000000000e+00
7.943809157796242193e-01
-9.082747574737448648e-01
6.777719205675661884e-01
-2.092815126084366650e-01
2.199875966210629308e-01
2.372608628200256753e-02
-1.682248158686104889e-01
-9.021270174251670992e-01
-1.000000000000000000e+00
-1.000000000000000000e+00
1.000000000000000000e+00
-6.110296733348233866e-01
1.000000000000000000e+00
8.772760266509971316e-01
-8.149337743533552336e-01
-1.000000000000000000e+00
5.104695464341990618e-01
1.000000000000000000e+00
-7.570179792701916544e-01
5.168136227393420601e-01
1.000000000000000000e+00
1.000000000000000000e+00
1.000000000000000000e+00
-1.000000000000000000e+00
5.942504315656739200e-01
1.000000000000000000e+00
-1.000000000000000000e+00
1.238770785898334892e-01
1.000000000000000000e+00
1.000000000000000000e+00
-1.000000000000000000e+00
-3.802463093970648300e-01
-1.000000000000000000e+00
1.258459369621534041e-01
-1.000000000000000000e+00
3.130954857027513638e-01
3.122747786832617001e-01
-1.000000000000000000e+00
1.000000000000000000e+00
-1.000000000000000000e+00
2.794803644578097712e-01
1.000000000000000000e+00
-2.954605080035874742e-01
-7.455363981120121109e-01
-1.000000000000000000e+00
1.000000000000000000e+00
1.000000000000000000e+00
-3.564828442081584559e-01
1.278035837210970138e-01
-7.608904175702898565e-01
1.000000000000000000e+00
1.000000000000000000e+00
-1.000000000000000000e+00
-1.502823266010687719e-01
9.044239830888758380e-01
8.187637957598736804e-02
-8.932902625441067057e-01
2.916643429706261559e-01
2.967982510345629210e-02
2.617815672309491970e-01
-7.647683937771994067e-01
-1.000000000000000000e+00
-4.765859244290316932e-01
-1.000000000000000000e+00
-1.135742742886235446e-01
-9.020606565661596354e-01
4.478117892620275819e-01
-3.497976345335032100e-01
-1.000000000000000000e+00
1.000000000000000000e+00
-1.000000000000000000e+00
9.035189040130553462e-01
-6.863028758590725698e-01
4.296802092188925504e-01
1.000000000000000000e+00
-1.246723564249208605e-01
-2.624669085306124972e-01
2.648488217335367434e-01
-1.000000000000000000e+00
-9.767319435293158048e-01
-7.236007959989965155e-02
-6.892327494472511029e-01
6.304856128978473251e-01
8.134623923430722714e-01
-1.000000000000000000e+00
-1.000000000000000000e+00
-1.000000000000000000e+00
-9.370186771139576987e-01
-8.785950672119674509e-01
5.929510682135011868e-01
-2.031699955182239004e-01
5.086446290972784778e-01
-7.879881348620230153e-01
1.000000000000000000e+00
-6.681772135408341473e-01
5.239503050628147029e-01
-9.632370413461662784e-01
2.712452140177172843e-01
1.000000000000000000e+00
-4.299787081195542982e-01
-3.425068127625768843e-01
-4.371942366191762797e-01
-2.210323682522322697e-01
-1.000000000000000000e+00
-5.647508734906292460e-01
-1.000000000000000000e+00
3.613831457592212582e-01
1.000000000000000000e+00
7.520252089212394742e-01
1.000000000000000000e+00
1.000000000000000000e+00
1.000000000000000000e+00
2.083801715052466808e-01
1.000000000000000000e+00
5.340289357799942183e-01
-1.000000000000000000e+00
5.467172969906245461e-01
-4.902765593154709833e-01
-5.480744190112262215e-01
-5.498509904814115057e-01
-1.000000000000000000e+00
1.000000000000000000e+00
9.247566858555430480e-01
1.000000000000000000e+00
2.223395537378733411e-01
1.133182102945793357e-01
-5.117018891692087790e-01
-1.000000000000000000e+00
-1.000000000000000000e+00
8.748278136780041070e-01
6.758231834033339158e-01
1.157586838650188910e-02
1.000000000000000000e+00
5.662732645589518832e-01
1.000000000000000000e+00
-9.187383673832572040e-02
1.483900187964614648e-01
-6.340477206960587475e-01
-8.285954874067045228e-01
1.000000000000000000e+00
-1.000000000000000000e+00
1.000000000000000000e+00
9.590268671723300997e-01
-1.000000000000000000e+00
-8.326204916712010018e-01
-7.869106009268269641e-01
-1.000000000000000000e+00
-2.195769067620772785e-01
-1.000000000000000000e+00
1.000000000000000000e+00
-1.000000000000000000e+00
-1.000000000000000000e+00
-1.000000000000000000e+00
-8.687461031433650893e-01
-1.000000000000000000e+00
-6.525568001822255049e-01
-7.608715841853268547e-01
-7.701123568525899410e-01
1.000000000000000000e+00
-5.951769660061484446e-01
4.182941835455693258e-02
5.995882124067788421e-01
-4.296360579617627962e-01
-1.000000000000000000e+00
4.539534004004982526e-01
-1.000000000000000000e+00
-1.000000000000000000e+00
-5.271465873439582506e-01
9.070036727612305061e-01
8.717893145266693011e-01
1.000000000000000000e+00
-9.668314065033856153e-01
-1.000000000000000000e+00
-2.335393769677477360e-01
-1.000000000000000000e+00
-9.562915712964176196e-01
4.357699805258948844e-01
1.000000000000000000e+00
1.000000000000000000e+00
1.000000000000000000e+00
4.348514800690593263e-01
9.560801717283073931e-01
-1.000000000000000000e+00
3.535767084449465414e-01
-7.032761756561998201e-01
-1.000000000000000000e+00
1.000000000000000000e+00
-7.698158859389568898e-01
-1.000000000000000000e+00
-1.000000000000000000e+00
1.000000000000000000e+00
-1.000000000000000000e+00
1.000000000000000000e+00
7.262185433671969337e-01
-1.000000000000000000e+00
1.000000000000000000e+00
-6.817179604411258698e-01
-1.000000000000000000e+00
-1.000000000000000000e+00
6.362973786012708910e-01
-5.332481319531294783e-01
8.371473522898311703e-01
-4.269504511717049366e-01
-1.000000000000000000e+00
6.574417365968158178e-01
-6.222145258745208629e-01
-5.958833741993374566e-02
-1.000000000000000000e+00
8.054036095068628498e-01
1.468415599763051027e-02
5.254030157971659731e-01
-1.427583365656137637e-01
9.729514222556597813e-01
-1.000000000000000000e+00
-5.351870851523015116e-01
6.990458527305803971e-01
-3.536905281469222007e-01
-1.000000000000000000e+00
-1.000000000000000000e+00
-1.000000000000000000e+00
-9.802135526098657570e-01
1.000000000000000000e+00
-1.401793567474275415e-01
5.822015452179869488e-01
-2.379714770601843443e-01
-1.000000000000000000e+00
-7.532749386574379979e-01
-6.265588571430834586e-01
-1.000000000000000000e+00
-3.029332023661186479e-01
-1.000000000000000000e+00
-5.192460032283802152e-01
-1.000000000000000000e+00
-1.000000000000000000e+00
1.000000000000000000e+00
-8.779397561465140942e-02
9.588494812553530755e-01
-1.987008907030166638e-01
