8.846898063847876692e-01
9.123993775728862499e-01
1.000000000000000000e+00
1.000000000000000000e+00
1.000000000000000000e+00
-1.000000000000000000e+00
-6.141136569256355759e-01
1.000000000000000000e+00
9.906429348723019279e-01
-1.000000000000000000e+00
-6.266182047437109937e-01
-1.000000000000000000e+00
-5.786096617936298259e-01
6.736917184032560346e-01
-1.366240782729103431e-01
-8.111440538808035727e-01
-4.499866352787195156e-01
7.915152393835096500e-01
-2.321801551881595704e-01
-4.195877519621948881e-02
5.703847781392246130e-01
6.383002914443746123e-01
-6.100775296256449876e-01
1.000000000000000000e+00
6.943549071909603521e-03
5.474989495464334111e-01
-1.000000000000000000e+00
7.775037084470601267e-02
5.042216805869298435e-02
3.487848002050503160e-01
-1.000000000000000000e+00
-2.314875617113104980e-02
1.000000000000000000e+00
4.097147969691186109e-01
-2.190799103970747508e-02
1.000000000000000000e+00
-1.028309921950781858e-01
-9.909299367774415668e-02
-4.478163000600643429e-02
-6.016093386772173313e-01
-1.000000000000000000e+00
1.514597967111253052e-02
8.511781108178904098e-01
-1.000000000000000000e+00
-8.660169930281619299e-01
1.000000000000000000e+00
6.679284132556086995e-01
6.672153856274419537e-02
-2.361397486694657433e-01
6.714775717895260509e-01
3.402978667447925654e-01
-1.000000000000000000e+00
1.000000000000000000e+00
1.000000000000000000e+00
-8.366255711550318885e-02
-1.770823239892027057e-01
-6.585543062816527904e-01
-4.832341095568432054e-01
-1.175470255573585199e-02
1.000000000000000000e+00
1.654771653970793788e-01
-4.328973357290941126e-01
6.917837288540988894e-01
-3.654209460550408850e-01
5.025653393753363174e-01
4.130433180306252172e-01
-1.000000000000000000e+00
-5.712564778666351373e-01
-3.451122532183103497e-01
7.413307983047263683e-01
1.000000000000000000e+00
-7.148069485186450134e-01
-3.399757855223896064e-01
4.195877519621948881e-02
-9.646044730221413621e-01
8.608811941003929880e-01
6.094812994359033453e-01
1.489657291472661071e-01
8.175664370370649969e-03
-9.876348356555914032e-02
1.000000000000000000e+00
-8.678227270993500442e-01
4.195877519621948881e-02
3.835923375794247914e-02
9.617627521822857961e-01
-1.000000000000000000e+00
-1.000000000000000000e+00
-3.327084677345993891e-01
-4.356074420933844227e-01
7.862386107206065233e-02
3.533289687351300334e-01
-1.954899083733011023e-01
5.164199543459591091e-02
3.277716558643284928e-01
-5.741230321306928230e-02
-4.195877519621948881e-02
-1.000000000000000000e+00
5.773615890982342069e-02
7.400446197711076923e-01
-4.662152574065656641e-01
1.000000000000000000e+00
7.240909624243802023e-02
1.000000000000000000e+00
1.000000000000000000e+00
7.731219538914585465e-01
5.220473286305554739e-01
1.000000000000000000e+00
-5.579496190310218040e-01
6.953228087048728412e-01
-6.363200044067471861e-01
-5.071530072066496864e-01
9.931434020350135006e-01
3.950083894398022100e-01
3.596586826237296863e-01
9.894680255301177008e-01
-8.026502898143966780e-01
-6.132051228198095449e-01
1.000000000000000000e+00
9.468745115142922497e-01
1.840454101106164114e-02
-1.390573202243582385e-01
-5.911807835045821413e-01
-6.256450555733095165e-03
-3.050720701585307726e-01
1.000000000000000000e+00
3.601866517213025976e-01
2.928521435822354912e-01
4.524042789643156204e-01
1.000000000000000000e+00
-1.000000000000000000e+00
-2.275300997775352441e-01
1.000000000000000000e+00
4.195877519621948881e-02
-1.319748566809451629e-01
-8.882193953706576384e-01
1.895838830102692663e-01
-1.159172306468465585e-01
4.195877519621948881e-02
4.453878792143906029e-01
5.228061706094764283e-01
6.820504124428642401e-01
-1.539833602995088757e-02
-1.297521622239199979e-01
1.000000000000000000e+00
6.745535708809413666e-01
-4.472330535684095887e-01
-5.677797741146553001e-01
-5.881456372832769564e-01
3.656787929253569880e-01
-3.921958990154272851e-02
1.000000000000000000e+00
9.302010475978994553e-02
-4.195877519621948881e-02
-9.387877991757180851e-01
-7.755534165598341190e-01
7.733383053284211828e-01
1.000000000000000000e+00
4.163721807705272338e-01
-1.000000000000000000e+00
8.276795348026774191e-01
1.578144133736685550e-01
-1.000000000000000000e+00
1.000000000000000000e+00
-1.768181301647812065e-01
3.410489162107345207e-01
1.817318453336855544e-01
1.041144426734852413e-01
-1.000000000000000000e+00
-6.252367301184165171e-01
1.285598060942991228e-02
-1.000000000000000000e+00
-5.220356279178055559e-01
-4.357451993157959724e-01
-1.398328060690336994e-01
-5.810491912881945442e-01
-2.964624826870907448e-01
-3.114683690441280572e-02
1.000000000000000000e+00
-6.953500427726277966e-02
-2.282394810872291346e-01
-1.000000000000000000e+00
-7.322876725802049958e-01
-1.390428462270718590e-01
-1.700096053188316914e-01
-6.830577961138413479e-02
-3.428517644476763993e-02
1.000000000000000000e+00
-4.195877519621948881e-02
7.229629437169915462e-01
-3.177762559026087175e-01
-2.497787113464278730e-01
5.553119274430996510e-01
-2.680258838206324157e-01
1.000000000000000000e+00
-1.000000000000000000e+00
3.888832040084951869e-01
-7.821736019177580879e-01
7.938077659349181969e-01
-1.000000000000000000e+00
2.775129243099717646e-01
3.444120896967965972e-01
1.000000000000000000e+00
4.195877519621948881e-02
7.098655851554174223e-01
-1.996691739731054627e-02
-1.000000000000000000e+00
-4.135547702591069186e-01
9.326958178465951654e-01
4.109383125643141788e-01
-2.568971905165525760e-01
-4.028465328736822171e-01
1.000000000000000000e+00
9.915675625806829041e-01
-7.691698069297543405e-01
-7.745155552885434336e-01
5.303799477280144448e-01
-6.090399368751535647e-01
-1.000000000000000000e+00
3.861159896837430550e-01
1.000000000000000000e+00
-1.610817537930862575e-01
4.615737410589531575e-01
8.495220613343685834e-01
1.000000000000000000e+00
4.673552700813822236e-01
2.022307462302915526e-01
1.000000000000000000e+00
6.769678882139051890e-02
-7.780748491469601652e-03
-4.195877519621948881e-02
-9.165144218181615621e-01
-8.578634414950425668e-01
1.000000000000000000e+00
8.609359841274242253e-01
-6.092137267161776837e-01
9.459312546412523837e-03
-4.357413105198704173e-02
-3.472182050296879208e-01
3.438443174316261342e-01
-9.764095656729850914e-01
7.314292369121495607e-01
-7.043992826433063126e-01
8.845145720713732951e-01
1.000000000000000000e+00
1.000000000000000000e+00
-1.967148812494443899e-01
-2.616273173761863302e-01
2.656602500840105074e-01
1.416414419696904181e-01
8.735049375125409910e-01
7.664126023653562436e-01
-9.707468232603946312e-01
2.590932129496836267e-01
6.296353249996706758e-01
1.785318055726710096e-01
-1.000000000000000000e+00
-8.778622380254461621e-01
-2.529288498486331194e-01
8.084822341950710367e-01
-7.959694663103328294e-02
1.560647827943228150e-01
-6.011972505170350978e-01
1.000000000000000000e+00
-1.000000000000000000e+00
5.284445938446724611e-01
