-9.464766736280965098e-01
-3.604048282671687420e-01
-6.459363604304559914e-01
6.549015158615004717e-01
-1.000000000000000000e+00
-4.983501418312178410e-01
-4.678855411476459114e-01
-1.000000000000000000e+00
7.683235258626283093e-01
-2.509368232855974101e-01
3.306325093174727336e-01
-1.000000000000000000e+00
3.825474022638284399e-01
1.000000000000000000e+00
-4.267103734423767225e-01
8.738783165075794113e-01
-8.860091934605114350e-01
-8.675655381150263468e-01
1.000000000000000000e+00
1.000000000000000000e+00
-1.000000000000000000e+00
-1.000000000000000000e+00
4.951937184088798238e-01
-1.000000000000000000e+00
-3.029378473262245297e-01
9.721803067232991369e-01
-1.000000000000000000e+00
9.720811725383764479e-01
2.769763036375578746e-01
1.424184813706913522e-02
3.825474022638284399e-01
7.564112162319669430e-01
-2.964933728243350219e-01
-1.000000000000000000e+00
3.825474022638284399e-01
1.000000000000000000e+00
9.540927162493975100e-01
-6.764415541948201049e-01
8.843607305481860914e-01
-4.505743882487279750e-01
-7.542993110129652123e-01
5.758567010327336755e-01
-5.696856313172538044e-02
-1.000000000000000000e+00
1.000000000000000000e+00
6.947127382369633342e-01
1.000000000000000000e+00
-4.040302434683031019e-02
-1.000000000000000000e+00
-8.996414589638132009e-01
-1.043611771087875062e-01
-1.000000000000000000e+00
-1.000000000000000000e+00
1.000000000000000000e+00
2.888644095257806299e-01
-1.000000000000000000e+00
2.450213470595368204e-01
-5.493819642430108896e-01
1.000000000000000000e+00
6.242856620509664722e-01
1.000000000000000000e+00
1.845484343218669054e-01
7.245649588800813223e-01
-7.887772526079026569e-01
8.846239223741717561e-01
-1.127679147615472943e-01
-1.000000000000000000e+00
-1.000000000000000000e+00
1.000000000000000000e+00
1.000000000000000000e+00
1.468644916189949245e-01
-8.972672420458796538e-02
-1.000000000000000000e+00
-1.000000000000000000e+00
1.000000000000000000e+00
8.403661977947518569e-01
-8.139709549233651309e-01
-1.000000000000000000e+00
-4.815895451853710041e-01
-8.688332281483786002e-01
-1.000000000000000000e+00
8.255602168034141819e-01
-3.252712707125904323e-01
-8.197765002590815531e-01
-1.000000000000000000e+00
6.686810159156270084e-01
1.000000000000000000e+00
-1.610726664251166396e-01
-1.000000000000000000e+00
7.139764060045714622e-01
-1.000000000000000000e+00
8.546670733475130177e-01
6.397116891154537299e-01
8.412250763511917029e-01
-8.078852310863933184e-01
1.000000000000000000e+00
-2.039916651596018204e-01
9.352609854186636484e-01
1.000000000000000000e+00
1.909575014458218117e-02
1.000000000000000000e+00
2.885646247309231471e-01
-1.000000000000000000e+00
8.430117554817705416e-01
2.381526546758170604e-01
4.083922528206872515e-01
1.000000000000000000e+00
-2.336286582216691166e-01
-1.000000000000000000e+00
-5.547444324903594293e-02
1.000000000000000000e+00
1.355832876246088059e-02
-3.324995357786343919e-01
1.000000000000000000e+00
-1.000000000000000000e+00
-8.304655584094490228e-01
-4.400510622458042587e-02
-1.000000000000000000e+00
-1.000000000000000000e+00
-9.682379881965227919e-02
1.000000000000000000e+00
-1.000000000000000000e+00
-1.000000000000000000e+00
-7.294490173932959287e-01
-8.883098224921588404e-01
-1.000000000000000000e+00
2.022207245267385600e-01
1.000000000000000000e+00
-8.974153704702465539e-01
1.000000000000000000e+00
1.067958546488434468e-02
-3.422125281027696975e-01
-9.431769238960561186e-01
-3.106313569163633437e-01
1.000000000000000000e+00
-3.909763204283527305e-01
4.063189274856375821e-01
1.000000000000000000e+00
1.889755064151752428e-01
5.331184353171243284e-01
-1.000000000000000000e+00
1.000000000000000000e+00
-3.862281878657731204e-01
-1.000000000000000000e+00
6.421956153460099959e-01
-9.763337442484378847e-01
-3.604114027463013459e-01
-1.163458712841050069e-01
9.205894205778053507e-01
1.000000000000000000e+00
1.000000000000000000e+00
-4.011758180947927466e-01
-1.854156887647872010e-01
-8.523777444595417307e-01
-1.000000000000000000e+00
-1.000000000000000000e+00
8.927540875024086997e-01
-1.000000000000000000e+00
-4.316637931906198711e-01
-5.100351877442750315e-01
-9.737018858528473375e-01
-6.233808463919010556e-01
1.000000000000000000e+00
1.000000000000000000e+00
-1.000000000000000000e+00
1.000000000000000000e+00
8.513952197897547425e-01
-1.000000000000000000e+00
1.000000000000000000e+00
-6.589979268358470144e-02
1.000000000000000000e+00
-1.000000000000000000e+00
-9.786983811100817832e-01
6.841471871920101755e-01
1.000000000000000000e+00
8.291097288844845314e-02
5.734148947376833672e-01
-5.635997499427457536e-01
-4.563369714813177991e-01
7.495186256893227039e-01
-2.021404637595357323e-01
-9.389126388014652491e-01
-7.544206703831322081e-01
-1.000000000000000000e+00
9.864541420374557390e-01
1.000000000000000000e+00
3.744791144152448403e-01
-1.000000000000000000e+00
4.382152047316616450e-01
-9.125501715317039242e-01
-1.000000000000000000e+00
-1.139465747517996036e-02
1.000000000000000000e+00
5.141295030354513518e-01
1.000000000000000000e+00
3.580221063786203639e-01
-4.405296862542433800e-01
-1.000000000000000000e+00
-1.000000000000000000e+00
-1.000000000000000000e+00
9.075599904317003253e-01
1.443814587677171579e-01
1.000000000000000000e+00
-3.716151252696716090e-01
8.570820456648767793e-01
-1.000000000000000000e+00
-4.661221679771108128e-01
2.122925865375102916e-01
5.138647559024840383e-01
-1.000000000000000000e+00
-1.000000000000000000e+00
-1.000000000000000000e+00
-1.000000000000000000e+00
2.057782714184491768e-01
-1.000000000000000000e+00
-1.000000000000000000e+00
-9.207478564082960393e-02
4.852173814823326214e-01
9.367551408457839290e-01
7.386129890919248542e-01
-1.000000000000000000e+00
1.000000000000000000e+00
1.000000000000000000e+00
1.000000000000000000e+00
4.202255857518366611e-01
-1.349246739118256100e-01
-1.000000000000000000e+00
9.459777691126965982e-01
9.540835457983548595e-01
1.000000000000000000e+00
5.669110181692004202e-01
-5.633551789892793371e-01
6.336542823891204712e-01
7.182986275552231126e-01
-6.559242935843443423e-01
9.182048207687787400e-01
1.610228196778525911e-01
-1.531045105403724405e-01
-1.034387947935165170e-01
2.661542818071378491e-01
-4.205232787887286383e-01
7.537315463736680154e-01
-5.121885943320472756e-02
1.701456944571666519e-01
-2.373174898497654173e-01
-2.599955861158035342e-01
8.710560177474165888e-01
-1.692885347319175171e-01
-1.000000000000000000e+00
1.000000000000000000e+00
-1.000000000000000000e+00
-8.275755976133376546e-01
6.589416076018210777e-01
7.597019839587304535e-01
2.183902260245244586e-01
1.000000000000000000e+00
-3.462039004060450953e-01
-1.000000000000000000e+00
5.588999257025535350e-01
3.672040663861286802e-01
4.389870242427567071e-01
-1.981158489351090846e-01
1.000000000000000000e+00
4.902637229063361857e-01
6.094153090708341880e-01
