-7.964968868402055868e-02
-8.114062671057507004e-01
1.000000000000000000e+00
-1.000000000000000000e+00
-1.000000000000000000e+00
-8.516867321084774511e-01
5.213701588747698956e-02
1.000000000000000000e+00
7.988104942588110102e-01
-1.000000000000000000e+00
8.732252877994146623e-01
-1.000000000000000000e+00
7.335444703839459901e-01
-6.968883989368479526e-01
-1.000000000000000000e+00
-1.829298565201038507e-01
-1.000000000000000000e+00
-1.000000000000000000e+00
-6.272682575367980462e-01
-1.000000000000000000e+00
3.837312556855030365e-01
-3.116928537540994970e-01
1.000000000000000000e+00
-1.000000000000000000e+00
6.753658847645216401e-01
1.000000000000000000e+00
-6.265991503345673674e-01
-9.606279475550605351e-01
-1.000000000000000000e+00
-8.055214930006959761e-01
1.000000000000000000e+00
-1.000000000000000000e+00
-1.000000000000000000e+00
1.000000000000000000e+00
1.000000000000000000e+00
-1.000000000000000000e+00
1.000000000000000000e+00
1.000000000000000000e+00
1.000000000000000000e+00
-1.658323579691384220e-01
-1.000000000000000000e+00
1.000000000000000000e+00
-1.000000000000000000e+00
-9.573707008517512440e-01
-1.000000000000000000e+00
4.723863321761645473e-01
5.513006824745373402e-01
-1.000000000000000000e+00
-9.782682105448901044e-01
1.000000000000000000e+00
1.000000000000000000e+00
-6.742855742473146119e-01
-1.000000000000000000e+00
-8.800851568654306512e-01
-1.000000000000000000e+00
-1.000000000000000000e+00
-6.293729234092508840e-01
1.000000000000000000e+00
-1.000000000000000000e+00
-1.000000000000000000e+00
-1.700181802866963521e-01
-8.682623247161236346e-01
2.268188210953436812e-01
2.226905520438430819e-01
-1.000000000000000000e+00
6.383207153923580179e-01
1.000000000000000000e+00
1.000000000000000000e+00
-1.000000000000000000e+00
1.000000000000000000e+00
4.427554704964368204e-01
-1.000000000000000000e+00
1.000000000000000000e+00
-1.000000000000000000e+00
1.000000000000000000e+00
1.000000000000000000e+00
-7.264086796792494916e-01
1.000000000000000000e+00
-1.000000000000000000e+00
1.000000000000000000e+00
-1.000000000000000000e+00
1.000000000000000000e+00
9.990386796835328820e-01
-8.516148087659782817e-01
-1.000000000000000000e+00
1.000000000000000000e+00
-7.542946304860652651e-01
-5.086330405949088806e-01
-4.536471123922327098e-01
-5.384094682070359461e-01
-7.370368638527537986e-01
4.273310038504640751e-02
5.138236185592931493e-01
1.000000000000000000e+00
1.000000000000000000e+00
1.000000000000000000e+00
1.000000000000000000e+00
1.000000000000000000e+00
6.162275229395470788e-01
1.000000000000000000e+00
-5.732085136465565611e-01
-6.754614736912534223e-01
-7.648295782468667037e-01
1.000000000000000000e+00
7.237139167781939664e-01
1.000000000000000000e+00
-1.000000000000000000e+00
1.000000000000000000e+00
-4.186449655855853935e-01
2.724514469027186081e-01
1.000000000000000000e+00
1.000000000000000000e+00
2.534431799262396590e-01
1.000000000000000000e+00
-1.000000000000000000e+00
-1.370742891422894183e-01
-4.531944620322027606e-01
-1.000000000000000000e+00
1.000000000000000000e+00
-4.095576087909194030e-01
6.946560245381163679e-01
-1.000000000000000000e+00
1.000000000000000000e+00
1.000000000000000000e+00
-5.849269833398866858e-01
1.000000000000000000e+00
-1.000000000000000000e+00
2.834745676399930137e-01
-8.702219317918185038e-01
3.526781540402613158e-01
-7.012907530963420344e-01
-1.000000000000000000e+00
-6.139138502441862100e-01
-1.000000000000000000e+00
1.000000000000000000e+00
-1.517554073456111041e-01
1.000000000000000000e+00
1.000000000000000000e+00
-1.000000000000000000e+00
-1.000000000000000000e+00
-5.571589743696387931e-01
-1.000000000000000000e+00
-1.000000000000000000e+00
2.514752915495322982e-01
3.641150121048915000e-01
-1.000000000000000000e+00
5.493553513030724478e-01
-1.000000000000000000e+00
1.000000000000000000e+00
1.000000000000000000e+00
-1.000000000000000000e+00
1.000000000000000000e+00
5.863499843398660705e-01
-1.000000000000000000e+00
1.000000000000000000e+00
-6.044369464018697347e-01
-1.000000000000000000e+00
1.000000000000000000e+00
-1.000000000000000000e+00
5.279511010799498028e-01
1.000000000000000000e+00
8.787491120952759527e-01
-1.000000000000000000e+00
-1.789660789887155268e-01
8.933027266721427218e-01
-1.000000000000000000e+00
-1.131446463313695583e-01
-1.996948425116467085e-01
-6.622906774994418155e-01
-1.000000000000000000e+00
1.000000000000000000e+00
-1.000000000000000000e+00
1.000000000000000000e+00
9.715600327567158745e-01
4.285301276837543138e-01
-1.000000000000000000e+00
1.000000000000000000e+00
-1.000000000000000000e+00
-1.000000000000000000e+00
-1.000000000000000000e+00
1.000000000000000000e+00
3.783013801222259165e-01
-1.000000000000000000e+00
1.000000000000000000e+00
1.000000000000000000e+00
8.117396911327962039e-02
1.000000000000000000e+00
1.000000000000000000e+00
-1.000000000000000000e+00
1.000000000000000000e+00
1.000000000000000000e+00
-9.386463403801088567e-01
-1.000000000000000000e+00
-4.449797053871221708e-01
3.922024203518094110e-01
-8.043335978358776561e-01
1.435334349782948493e-01
1.824896748952040682e-01
-1.000000000000000000e+00
1.000000000000000000e+00
-1.000000000000000000e+00
-5.919669653970607293e-01
1.000000000000000000e+00
-1.513956990658722468e-01
3.003182555939625242e-01
4.836254783503698418e-01
1.000000000000000000e+00
8.054257155217331432e-01
1.000000000000000000e+00
8.883677928152681202e-01
-1.000000000000000000e+00
4.816066187911348662e-01
-1.000000000000000000e+00
-1.000000000000000000e+00
-1.000000000000000000e+00
-1.000000000000000000e+00
-6.008938967631560768e-02
-1.000000000000000000e+00
-3.702314019815268753e-01
-4.673118586282576925e-01
1.000000000000000000e+00
5.922609851475083564e-01
1.000000000000000000e+00
9.412830934884378609e-01
1.000000000000000000e+00
-1.000000000000000000e+00
1.000000000000000000e+00
7.159559046191393827e-01
6.140248872629782140e-01
-8.870416330831970564e-02
1.000000000000000000e+00
9.064801253680156989e-01
-1.000000000000000000e+00
7.016928419806029993e-01
-7.377763533224590553e-02
-1.000000000000000000e+00
7.683343464989269567e-01
1.000000000000000000e+00
4.020251900287726832e-01
9.471458143938635832e-01
1.000000000000000000e+00
2.387907765702996510e-01
-1.000000000000000000e+00
1.000000000000000000e+00
3.184045924823375451e-02
-1.000000000000000000e+00
1.000000000000000000e+00
-1.000000000000000000e+00
1.000000000000000000e+00
-7.349296346330963514e-01
-1.000000000000000000e+00
-7.975367817949106097e-01
-1.006739563612938926e-01
1.811771862284341506e-01
-1.000000000000000000e+00
-1.000000000000000000e+00
9.734283199949109733e-01
1.000000000000000000e+00
-9.105765858554426551e-01
-7.192124741178105296e-01
-4.233625226636722472e-01
-1.000000000000000000e+00
1.000000000000000000e+00
-3.410543590269576875e-01
-2.638752745782690923e-01
