-1.000000000000000000e+00
-1.000000000000000000e+00
2.203682906991379920e-01
5.890373963811494917e-01
2.240834627161484294e-01
-9.771896723634747595e-01
5.945862804069219631e-01
1.000000000000000000e+00
8.898844161429575461e-01
-1.000000000000000000e+00
1.000000000000000000e+00
4.561886111908515784e-01
-4.171941336371653986e-01
6.456156849928824659e-01
1.000000000000000000e+00
6.212971061945902207e-01
-1.000000000000000000e+00
-3.374203190010413578e-01
1.000000000000000000e+00
-1.238999549528401745e-01
1.000000000000000000e+00
1.000000000000000000e+00
-5.772121607493105877e-01
-1.000000000000000000e+00
7.174760088573596262e-01
2.369690464502203220e-01
1.000000000000000000e+00
-9.002459744383987106e-01
-9.375930158622679533e-01
-3.350102575403915983e-01
1.000000000000000000e+00
-1.000000000000000000e+00
-4.386293554337910017e-01
-9.027160335627728571e-01
-9.003075479378011003e-01
4.430904308602221509e-01
-1.000000000000000000e+00
3.370409138318736231e-01
1.000000000000000000e+00
1.000000000000000000e+00
-1.000000000000000000e+00
1.000000000000000000e+00
-9.045265060696169312e-01
3.303902289544580761e-01
9.915113152720982370e-01
3.702376064899217667e-01
9.319644299344831406e-02
-9.003317270494386182e-02
-8.290494340433153253e-01
1.000000000000000000e+00
-1.000000000000000000e+00
9.565640939457593639e-01
-3.240495732712985744e-01
5.059378284748230481e-01
-8.162894884978667553e-01
1.000000000000000000e+00
1.000000000000000000e+00
-3.466621149621032516e-02
-1.010135029749281710e-01
-1.669893893715211908e-01
-2.714559377646708072e-02
8.551334413599376294e-01
5.790570046533199955e-01
6.547775065673105965e-01
-9.277600686205826896e-01
5.053660123862403070e-02
-6.071016315693460452e-01
-4.151774319864735552e-01
1.000000000000000000e+00
1.000000000000000000e+00
-1.000000000000000000e+00
-9.291406568053233173e-01
1.000000000000000000e+00
2.890024768776517927e-01
-1.000000000000000000e+00
-1.254242001076096846e-01
-7.089902828650629374e-03
1.000000000000000000e+00
-6.112542883640974534e-01
-9.146874983979855767e-01
-2.863024989163909240e-03
-1.000000000000000000e+00
1.000000000000000000e+00
-3.063047757766792500e-01
-1.000000000000000000e+00
1.000000000000000000e+00
-2.229069258554172706e-01
1.000000000000000000e+00
8.928028492166355523e-01
1.000000000000000000e+00
1.000000000000000000e+00
1.000000000000000000e+00
9.767653825071885842e-01
-5.457834323044649660e-02
-7.242984058552824900e-01
-4.202428084759681770e-01
-1.000000000000000000e+00
-2.469326775548469632e-01
-1.000000000000000000e+00
-8.355234936774188492e-01
-1.000000000000000000e+00
-5.869672953775368907e-01
-3.227091814361869315e-01
4.725291913180376668e-01
1.000000000000000000e+00
1.000000000000000000e+00
6.402904558757438469e-01
4.183155172476221706e-01
8.074577610609807721e-01
5.510948141888157847e-01
-3.396473400763015960e-01
2.611769010750082387e-01
-1.000000000000000000e+00
1.557902063542500048e-01
8.166285094035581338e-01
4.243888361177173829e-01
-1.000000000000000000e+00
-8.741553767880795300e-01
-5.210101841751826335e-01
-1.884367433499282152e-01
3.115541966124055206e-01
4.379905888206374609e-01
-7.474885367254001656e-01
-7.789148773537715731e-03
1.000000000000000000e+00
-1.909341895741477613e-01
-6.770955530535208156e-02
7.993988109688395793e-01
-1.000000000000000000e+00
1.018987226237411114e-01
1.000000000000000000e+00
-1.000000000000000000e+00
5.204692342123748983e-01
4.836413583747731226e-01
-2.726991306189159303e-01
2.917997477857345867e-01
1.000000000000000000e+00
1.000000000000000000e+00
-8.243545383537422833e-01
1.000000000000000000e+00
6.371801622242629914e-01
-1.714446793667070423e-01
6.552627457818623047e-02
-5.079206716919366649e-01
-2.999913277136589951e-01
9.526951818341334866e-01
-1.009556681073600082e-01
6.079929965236717804e-01
-1.000000000000000000e+00
4.315957584684745330e-01
-9.189402532381537592e-01
-1.000000000000000000e+00
-3.350380831409730531e-01
4.149934876059715450e-01
1.000000000000000000e+00
-1.000000000000000000e+00
-1.000000000000000000e+00
9.046796657337645708e-01
2.033687731190186865e-01
-1.000000000000000000e+00
7.670439197954317390e-01
-1.183018807298676922e-01
2.394434723358069006e-01
1.000000000000000000e+00
1.000000000000000000e+00
5.322000010846770213e-01
6.386832574278281660e-01
8.119826877738616222e-01
1.000000000000000000e+00
-2.943878612801172912e-01
-1.000000000000000000e+00
7.748274631050128258e-02
-1.000000000000000000e+00
5.607202273462749131e-01
7.486359112032306418e-02
1.996578783909225274e-02
1.000000000000000000e+00
9.981384560398830486e-01
-8.335309030657134244e-01
-3.914213256805949004e-01
4.712634035693513135e-01
-1.925611027011496779e-01
-1.000000000000000000e+00
-8.998989540851037860e-01
-7.633706860086081347e-02
6.750391824372039551e-01
-3.348764693405284487e-01
-1.000000000000000000e+00
1.000000000000000000e+00
-2.069588254864238586e-01
-1.000000000000000000e+00
-1.000000000000000000e+00
1.000000000000000000e+00
5.148097739523882499e-02
-7.188244509547114802e-02
7.594915811447358056e-01
1.000000000000000000e+00
2.861388127007897242e-01
-1.000000000000000000e+00
1.000000000000000000e+00
-1.000000000000000000e+00
-2.927148080856829537e-01
1.000000000000000000e+00
-1.243317238478743175e-01
-1.000000000000000000e+00
-1.000000000000000000e+00
-1.000000000000000000e+00
-2.649328763575236056e-01
1.000000000000000000e+00
-6.862078509413429561e-01
-1.000000000000000000e+00
-1.826586900473474440e-02
4.159112932622976988e-02
-4.490617395886326024e-02
1.000000000000000000e+00
1.000000000000000000e+00
9.126814549494617346e-01
6.836041022897638708e-01
6.823136059167155265e-01
6.910990101653411433e-01
-5.037131087072898028e-01
-1.000000000000000000e+00
1.000000000000000000e+00
-8.056124936679406878e-02
-1.000000000000000000e+00
-1.000000000000000000e+00
-1.000000000000000000e+00
1.000000000000000000e+00
1.609248859067625437e-01
9.391886877454198590e-01
-1.000000000000000000e+00
-9.978855133378164988e-01
5.620565026644641637e-01
1.000000000000000000e+00
-2.114103631087729251e-01
5.126022078116213576e-01
9.298775978821278709e-01
1.000000000000000000e+00
-4.407270400091052309e-01
5.924250757354173613e-01
-1.000000000000000000e+00
4.571342682602245189e-01
1.000000000000000000e+00
7.181747677723054890e-01
8.761830782260253692e-01
-9.635502125619737068e-01
9.191111623912692208e-01
-9.151930475766842932e-01
-1.000000000000000000e+00
8.159694347841189854e-01
-2.586420338059816082e-01
-9.982031136157940576e-01
1.000000000000000000e+00
1.000000000000000000e+00
1.000000000000000000e+00
-1.000000000000000000e+00
2.682237275879341687e-01
-1.000000000000000000e+00
-1.762911526543190499e-01
1.000000000000000000e+00
-5.313254453971358870e-01
-3.430133354953301961e-02
-4.561414179666650748e-01
1.000000000000000000e+00
1.478351348302405777e-01
