2.639850436371031783e-01
-8.262896258419506479e-01
-7.684910123569671514e-02
-8.108464061944720136e-02
1.000000000000000000e+00
3.644207727666424201e-01
5.013760271813616498e-01
-3.011013329848702957e-01
1.765185206961142617e-01
-3.595054393168034546e-01
3.332998638238208189e-01
-1.981827300583079154e-01
6.626189076006494538e-01
-6.201734534021003942e-01
-5.021202720389124075e-01
4.904277035262113449e-01
7.243050477558468092e-01
-5.515268549725793612e-01
5.622765890622780649e-01
7.050062396743241866e-01
8.613169167875837084e-01
7.805331169052770468e-01
-6.408788659391198017e-01
-6.416426225448589316e-01
-7.860221397314106628e-01
-6.786172385835165244e-01
-9.771648958609053803e-01
8.806370884979906888e-02
2.982296124052483677e-01
-8.584670677113626081e-01
-5.599271015214413172e-01
-7.082030479279030066e-01
-4.434863239945364688e-01
3.692909663585680624e-01
7.569383085308658554e-01
2.946341334519860800e-01
9.217757017194359026e-01
1.000000000000000000e+00
4.635705712157599523e-01
1.986675017775560992e-01
-8.228848708773194298e-01
-1.000000000000000000e+00
2.716527203203976115e-01
-5.317612892626263355e-01
6.073517753806765285e-01
-8.699870114631742535e-01
8.021545053616518928e-01
-4.492450414955166393e-01
-4.450994170496734292e-01
1.180841235248759891e-01
1.786520212812681141e-01
4.116646268007835285e-01
4.716270549105767151e-01
-5.744724166696846268e-01
-4.306342138774988393e-01
2.045239017585253616e-01
2.074218801754187935e-02
6.520580011976635504e-01
-7.114890175386454629e-01
-1.000000000000000000e+00
-5.016251579955557371e-01
-1.000000000000000000e+00
-5.544313944812735429e-01
-2.740871092619147076e-01
-1.052922292540294374e-01
8.860199673234129270e-01
-6.121346198563846208e-01
3.028545389909580998e-01
-8.192013190003826217e-01
2.841702459737313058e-01
6.422538687882500819e-01
6.649357602433982883e-01
-5.092989343494591647e-01
-1.000000000000000000e+00
-2.407770058039416794e-01
2.296146618001524975e-01
-3.264313727537160315e-01
1.797026673053646328e-01
9.517113935575532979e-02
3.039336337255474363e-01
-5.006914884360222917e-01
-1.045353212374983687e-01
-1.000000000000000000e+00
-3.702907085770547335e-02
2.618374909083526214e-01
-7.548102280576349798e-01
-1.293290408955063975e-01
-9.785128041769813878e-02
-8.045212666784885558e-01
-7.125846363073964351e-01
2.006723005600772325e-01
1.712987408785382748e-01
5.208111938325599155e-01
1.000000000000000000e+00
3.053115754309964069e-01
-5.863958967773179598e-01
2.802627363395401305e-01
1.967638831192927706e-01
9.657799626131029491e-01
-1.000000000000000000e+00
4.168642984499885684e-01
-2.249228663586395061e-01
4.784329790273822436e-01
7.262629718982250848e-01
6.955183335244061738e-01
-2.477436176182911121e-01
1.494902838229570374e-01
-4.159786715617396213e-01
-5.548315471421446654e-01
-8.589291763063533480e-01
9.564980394701301236e-01
-1.490051342552277391e-01
4.704907016377493090e-01
-7.157955868453334813e-02
8.084708321639946793e-03
-8.464393797785295381e-02
3.289953705943553519e-01
-4.706039038171754285e-01
3.364191839395364592e-01
7.677754495169056281e-02
8.548295618227288450e-01
9.496298483750174046e-01
4.971792146640752197e-01
6.799683704312918797e-01
9.056068733651156943e-01
7.050629361624713987e-01
-3.487434763101621149e-01
7.449515650593696581e-01
-7.228590322721446804e-03
6.837339771710719549e-02
7.816279022054523073e-01
8.765093574138057564e-01
8.198056411972416413e-01
-4.523016682826535018e-01
-1.122717705980719738e-01
3.017312692484810932e-01
5.568464844134028979e-01
4.767742707670454827e-01
3.717896149460118149e-01
7.967722285962282325e-02
-4.482883529230273778e-01
-1.032316910933757104e-01
6.089973821617418182e-01
1.000000000000000000e+00
-9.845555598944388809e-01
4.091188403058971801e-01
8.691520996169976865e-02
7.614447684290881480e-01
-7.576496275642994327e-01
-4.956617640703125938e-01
8.332446455545721165e-01
1.549859894344811084e-01
-3.999004385583977972e-01
1.729236070225017574e-01
-8.969521132135734875e-01
6.252207064343692222e-01
1.634160760839363513e-02
-5.607198501781243127e-01
-9.236356342567533240e-01
-3.549120509668116097e-01
3.237323173065879134e-01
9.154087493300051559e-01
-7.531529224253916688e-01
5.607999449838598771e-01
-9.905335567446449385e-01
2.395193631241652743e-01
-7.471450487126842788e-01
3.307676029965030406e-01
-2.809594926294206041e-01
2.590557232364416596e-01
6.351314389294309137e-01
-4.387337875943849164e-01
2.493489215678045268e-01
1.581067383081600219e-01
-5.654788808638598896e-01
-9.774704304286764289e-01
-9.058353576125907081e-01
-2.239863035697048366e-01
-5.374648274275662940e-01
-4.379781761673876006e-01
-5.672019695959694685e-01
-8.328850480650384913e-02
3.921062476174929645e-01
-4.352635044945026843e-01
4.825999313536402102e-01
-6.032896964712205490e-01
8.851898608355471820e-01
3.181768805676860046e-01
8.096125629237277410e-02
3.960073909901685729e-01
5.724826670864258116e-01
-2.388430661201335625e-01
2.987797667855380812e-01
-1.000000000000000000e+00
-3.399977566175134691e-01
-6.605548877172251476e-01
4.850360219028805320e-01
4.058743351320967530e-02
6.534957992793331005e-01
9.236771957075229356e-01
7.217707439561442673e-01
6.400764045607104658e-01
2.349122760367625684e-01
-7.279966416047805033e-01
-3.917712254585231646e-01
-4.424235563084114031e-01
-5.451580451325634957e-01
3.747544948633508288e-01
-6.737923536844301342e-01
-1.000000000000000000e+00
-3.469360036047941520e-01
-3.890925287065135629e-01
8.656346065620752483e-01
-6.276496781866572339e-02
2.780451527189097827e-01
-3.270584427589897092e-01
4.470645426312520043e-01
8.251656430915457752e-02
4.478925296357739727e-01
-4.327977835101110560e-01
-1.014434193133489925e-01
5.244013888741394513e-01
8.414369757426438667e-01
8.520936504738695350e-01
3.694473153755973849e-01
-9.496455542407823414e-01
7.160532046151157903e-01
-3.672950976163910086e-01
-2.545285178673656890e-01
-8.578524729398594173e-02
4.019408941827028459e-01
1.000000000000000000e+00
2.458848271764496329e-01
-2.487150575564829325e-01
5.381440822652894251e-01
-7.263871441871569967e-01
5.959608163506247003e-01
-7.881916889170830220e-01
-9.841005651636235418e-01
-1.000000000000000000e+00
1.000000000000000000e+00
7.305701978182264078e-01
-6.853451558725673909e-01
-6.766668521775958123e-01
8.690216113884057236e-01
-7.388947355753812118e-01
-7.565682653596094154e-01
-6.395800981264703200e-01
-1.965561623597297525e-01
1.532827476455680960e-03
-5.226911176197582831e-01
8.442090839842302241e-01
7.081968245902987569e-01
6.454271132397203514e-01
9.765379779182117304e-01
-1.697075365144631864e-01
-3.558333432533999363e-01
-6.650750485740926088e-01
1.957351519336426593e-01
1.857450935233778688e-01
-7.651926933941469722e-01
-4.235059656581416920e-01
-6.409923406885983388e-01
1.864385888267480751e-01
-8.767262534209975255e-01
