

gen best mean std gain diversity
0 -4.4 -80.128667 22.25532 -4.4 0.577321
0 5.366667 -43.420889 27.858229 5.366667 0.620264
1 5.433333 -31.231111 28.568219 5.433333 0.606408
2 15.166667 -28.277556 29.65412 15.166667 0.608986
3 15.166667 -25.201111 33.312914 6.033333 0.6209
4 15.166667 -23.776667 32.609201 -69.933333 0.61026
5 15.166667 -22.741111 33.943562 5.433333 0.608079
6 15.166667 -16.756 29.90071 -73.566667 0.635141
7 27.2 -17.564222 32.759617 27.2 0.630744
8 27.2 -9.100444 27.183276 15.166667 0.619599
9 27.2 -11.073333 31.059391 -14.233333 0.62667
10 27.2 -12.128 28.724757 13.266667 0.62491
11 27.2 -10.078 26.646639 -84.933333 0.606799
12 27.2 -9.978444 28.418146 3.766667 0.62566
13 24.9 -9.492444 27.805955 -14.233333 0.613049
14 24.9 -9.923778 28.888952 -4.566667 0.594409
15 24.9 -6.681778 22.568233 11.2 0.570607
16 24.9 -8.158222 23.145467 13.266667 0.596785
17 24.9 -5.405111 20.341822 6.066667 0.58855
18 24.9 -6.654222 22.054031 -4.566667 0.635146
19 24.9 -7.249778 23.068249 2.766667 0.589263
20 24.9 -7.954667 25.760615 12.966667 0.624581
21 24.9 -7.072222 23.715565 24.9 0.586468
22 24.9 -6.159556 25.936149 -47.766667 0.578716
23 24.9 -4.39 23.047967 11.2 0.540779
24 26.166667 -5.144444 23.16674 26.166667 0.585343
25 26.166667 -4.230222 24.697853 3.766667 0.601125
26 26.166667 -3.720667 24.969158 -12.266667 0.597455
27 26.166667 -1.081556 21.918964 2.833333 0.564461
28 26.166667 -1.094 23.447428 2.566667 0.576087
29 26.166667 -2.619333 26.9496 2.833333 0.576729
30 27.433333 -3.970667 25.610441 27.433333 0.617485
31 27.433333 -8.359111 31.312601 24.9 0.660655
32 27.433333 -6.753778 30.465226 7.5 0.662195
33 27.433333 -6.703333 32.233164 5.266667 0.633205
34 27.433333 -3.867333 27.490978 -14.233333 0.598695
35 27.433333 -4.219778 26.219277 24.9 0.61771
36 24.9 -5.550222 25.02812 2.833333 0.657709
37 24.9 -6.018889 28.242211 -14.233333 0.666543
38 24.9 -4.171333 26.779898 19.766667 0.658163
39 24.9 -3.203778 28.349744 6.266667 0.660126
40 24.9 -1.630667 23.008882 19.766667 0.654616
41 24.9 -3.242667 26.345472 5.266667 0.662873
42 37.2 -1.807556 23.157838 37.2 0.653539
43 37.2 -3.468444 26.685328 3.333333 0.611938
44 37.2 0.162889 27.39134 37.2 0.604943
45 37.2 -4.167556 29.317455 19.766667 0.664419
46 37.2 -4.604444 30.14136 -26.366667 0.671821
47 37.2 -6.429556 30.290465 17.366667 0.669156
48 37.2 -2.164222 28.425817 4.766667 0.660747
49 37.2 -6.094 34.495913 15.333333 0.641956
50 37.2 -1.572667 26.889603 4.9 0.653115
51 37.2 -3.356 30.58396 10.266667 0.649565
52 37.2 -3.884444 28.383043 -10.233333 0.650504
53 37.2 -3.129333 26.302605 37.2 0.654607
54 37.2 -1.713333 24.452094 19.566667 0.596111
55 37.2 -0.617556 26.213942 5.1 0.594818
56 37.2 -3.590889 28.485402 -5.866667 0.648622
57 37.2 -2.302222 26.048724 2.433333 0.614614
58 37.2 0.288444 23.537377 4.066667 0.604879
59 37.2 0.691111 22.33994 -2.233333 0.555231
60 39.7 -5.000667 31.47207 39.7 0.608166
61 39.7 -6.340222 37.031035 4.9 0.642509
62 39.7 -6.935556 35.466045 -4.8 0.660374
63 39.7 -2.179333 29.344427 16.6 0.613127
64 37.2 -6.146667 32.283965 32.033333 0.630727
65 37.2 -2.171778 29.545322 -52.666667 0.614096
66 37.2 -4.411333 29.949046 -25.4 0.642151
67 37.2 -6.906889 32.425558 12.466667 0.637657
68 37.2 0.352444 27.912281 12.466667 0.598527
69 37.2 -1.876889 31.43298 27.9 0.593901
70 37.2 -5.512 32.284713 20.933333 0.622558
71 37.2 -5.910889 33.025128 24.566667 0.622824
72 44.966667 -4.370444 30.570713 44.966667 0.615152
73 44.966667 -1.856 31.760342 44.966667 0.617724
74 44.966667 -0.959111 26.33677 16.133333 0.601171
75 44.966667 -4.446889 32.931601 -14.233333 0.631378
76 44.966667 -5.448667 29.815524 -5.866667 0.640111
77 44.966667 -4.931778 32.390358 -7.9 0.644395
78 37.2 -6.045111 30.211945 37.2 0.615988
79 37.2 0.898667 25.665706 13.133333 0.59804
80 37.2 -5.081111 30.019284 8.366667 0.644966
81 37.2 -8.024 32.900227 -5.866667 0.653006
82 37.2 -8.445333 32.507235 8.366667 0.643858
83 37.2 -5.998889 30.647477 -8.0 0.653078
84 37.2 -4.808444 27.377185 -17.566667 0.619054
85 37.2 -5.449333 30.521198 13.666667 0.600516
86 37.2 -1.512889 27.843526 19.2 0.596769
87 37.2 -4.938667 32.609667 15.133333 0.607919
88 37.2 -1.518 29.190642 11.766667 0.611562
89 37.2 -6.910444 35.329487 27.7 0.588949
90 37.2 -6.872444 34.590803 16.133333 0.628702
91 37.2 -6.908 32.151879 7.1 0.650674
92 37.2 -3.608222 30.894488 -7.9 0.614055
93 37.2 -7.805556 32.949934 13.033333 0.648967
94 37.2 -8.041333 33.060406 14.233333 0.626151
95 30.866667 -11.294 33.763777 12.933333 0.634811
96 30.866667 -11.579111 31.069074 27.7 0.647092
97 30.866667 -8.629333 31.760702 -29.266667 0.638892
98 27.7 -14.766889 30.033846 -15.9 0.638784
99 27.7 -10.499111 29.629266 14.333333 0.609814
100 29.166667 -9.162667 30.781438 29.166667 0.596679
101 29.166667 -9.428222 29.913935 10.6 0.616125
102 27.7 -10.111111 27.243803 -39.666667 0.582047
103 27.7 -7.941333 28.537443 -29.266667 0.605275
104 37.766667 -6.790889 28.113334 37.766667 0.56279
105 37.766667 -9.162444 31.560009 -7.9 0.605806
106 37.766667 -9.005333 31.162224 22.0 0.61575
107 37.766667 -10.808222 34.094539 -24.366667 0.618634
108 37.766667 -6.356667 31.152377 22.0 0.609983
109 25.1 -9.923778 30.594446 7.433333 0.664204
110 22.0 -12.487778 32.264094 18.7 0.64252
111 22.0 -9.089111 25.747147 -15.9 0.620342
112 22.0 -9.460667 28.409779 10.6 0.615193
113 22.0 -7.911778 30.842841 10.6 0.593664
114 27.233333 -7.890889 30.240188 27.233333 0.613005
115 27.233333 -5.310667 28.289172 -19.833333 0.588539
116 27.233333 -8.647333 29.591373 14.133333 0.605176
117 27.233333 -6.539333 29.047979 11.466667 0.602051
118 23.766667 -4.986889 27.888145 12.933333 0.607468
119 33.033333 -4.985111 29.169421 33.033333 0.572149
120 33.033333 -5.142 27.361307 -7.566667 0.649438
121 33.033333 -7.963778 31.390914 7.0 0.632333
122 33.033333 -10.299111 31.368105 -15.9 0.645029
123 24.433333 -9.657778 30.903412 -58.4 0.6668
124 24.433333 -10.697556 30.442705 -7.9 0.643439
125 24.433333 -8.692889 32.138821 5.933333 0.6659
126 24.433333 -7.194444 27.016231 -7.9 0.647405
127 22.0 -7.846667 28.840949 15.7 0.639147
128 22.0 -8.019333 28.159894 7.333333 0.656425
129 22.0 -11.33 32.253748 15.7 0.634116
130 22.0 -10.623556 32.567053 -14.233333 0.658006
131 24.8 -8.364 29.26148 24.8 0.628381
132 24.8 -11.801556 35.286891 -19.833333 0.663376
133 24.8 -8.216667 31.724674 14.066667 0.645573
134 22.533333 -8.300667 26.819858 -34.666667 0.635058
135 28.533333 -7.720222 28.873698 28.533333 0.638942
136 28.533333 -12.377333 28.633225 -16.833333 0.636824
137 28.533333 -10.460889 29.057064 4.366667 0.626329
138 28.533333 -4.772667 26.825419 -20.433333 0.598653
139 28.533333 -8.002 31.037018 8.733333 0.579678
140 28.533333 -8.772 31.826405 -19.833333 0.608557
141 28.533333 -4.734 27.281478 12.9 0.583028
142 28.533333 -4.175111 29.319479 28.533333 0.579938
143 28.533333 -4.839111 29.009183 2.766667 0.592882
144 28.533333 -4.214222 25.740657 -39.666667 0.573631
145 28.533333 -2.554222 23.738912 2.766667 0.539983
146 28.533333 -3.854222 25.79293 9.533333 0.565714
147 28.533333 -4.195333 28.354456 -47.766667 0.551648
148 28.533333 -3.535778 25.927765 19.233333 0.576179
149 28.533333 -3.674667 27.444592 -10.233333 0.572564
150 28.533333 -7.105111 29.761616 -7.9 0.612956
151 28.533333 -9.028 30.499118 12.533333 0.645216
152 22.0 -6.990444 27.191153 15.133333 0.596984
153 22.0 -9.519333 29.601381 -5.866667 0.653041
154 22.0 -7.714889 26.782156 12.8 0.610633
155 22.0 -6.499556 27.869003 -15.9 0.614711
156 22.0 -7.904444 26.543025 -29.266667 0.631919
157 22.0 -8.671556 28.465341 16.266667 0.601838
158 22.0 -8.103556 29.534438 -7.9 0.608168
159 22.0 -3.641111 24.551578 -19.833333 0.568605
160 22.0 -5.833111 28.667415 16.266667 0.580875
161 46.866667 -5.383333 28.383001 46.866667 0.575244
162 46.866667 -3.839556 28.598178 8.6 0.524546
163 54.966667 -0.494 26.657544 54.966667 0.535168
164 54.966667 -2.438444 29.226619 54.966667 0.56733
165 54.966667 0.310889 29.620907 16.533333 0.575767
166 54.966667 -5.893556 27.523292 -14.233333 0.587314
167 54.966667 -7.472 30.113807 19.9 0.620476
168 54.966667 -3.779778 31.341616 19.333333 0.588723
169 54.966667 -2.458444 30.955247 19.9 0.580128
170 54.966667 -4.758667 28.243391 -14.933333 0.614887
171 54.966667 -3.797333 21.567162 -14.933333 0.575496
172 27.833333 -5.625556 28.695131 27.833333 0.582976
173 27.833333 -7.065778 28.619204 16.533333 0.610256
174 27.833333 -6.671111 30.704678 -3.233333 0.581282
175 39.0 -4.46 31.007583 39.0 0.583968
176 39.0 -4.698889 32.525771 11.266667 0.550754
177 39.0 -1.086889 27.160277 0.733333 0.562194
178 39.0 -4.780444 31.419379 35.033333 0.577858
179 35.033333 -6.463111 30.922896 10.2 0.594472
180 35.033333 -9.221111 33.541974 17.633333 0.598469
181 35.033333 -6.781333 30.812495 14.566667 0.61789
182 35.033333 -5.911111 32.648535 35.033333 0.63617
183 35.033333 -5.557556 29.415791 -37.033333 0.629485
184 35.033333 -6.294667 30.215668 -4.033333 0.646471
185 35.033333 -4.837778 27.658835 -7.9 0.630948
186 35.033333 -5.672444 34.544404 18.766667 0.621947
187 35.033333 -5.928889 31.511229 21.366667 0.667929
188 35.033333 -6.848667 33.804176 2.233333 0.644805
189 35.033333 -5.877556 35.143827 -5.566667 0.629576
190 35.033333 -3.321333 32.43906 6.433333 0.621963
191 35.033333 -2.838444 32.019533 11.266667 0.610374
192 35.033333 -1.299556 31.564491 22.0 0.629921
193 35.033333 -3.795778 34.645413 22.0 0.630238
194 28.966667 -0.872889 28.157875 6.433333 0.626264
195 28.966667 -9.496889 35.623174 11.733333 0.67773
196 28.966667 -11.284667 34.830395 -19.833333 0.665231
197 28.966667 -10.920444 33.745685 14.566667 0.673564
198 28.966667 -6.818444 32.238861 22.0 0.65319
199 28.966667 -12.325333 33.871818 -25.366667 0.693418