-5.645173468656978777e-01
2.015980104486048974e-01
1.740519586927408713e-01
1.219032953919380491e+00
-2.486724349927563082e+00
1.001615226664732461e+00
-9.043141295111826183e-01
-1.036007862310015515e+00
-8.669158833875167947e-01
-6.933385027487798391e-01
3.096416530690901947e-01
2.539127885246752481e-01
1.341460395833303787e-01
9.855221935510504183e-01
6.439744251171264366e-01
5.621484198337753924e-01
1.440570262471294605e+00
7.638225808179921472e-02
-8.916258737926732181e-01
2.991418798248406397e-01
-1.000000000000000000e+00
-5.857800800401414820e-01
-1.146005783124011135e-01
-8.810810146879844984e-01
2.062965936217899254e-01
-6.006436146956501965e-01
5.995729172168192678e-01
-1.192067860223031128e-01
1.000000000000000000e+00
4.694040080540862192e-03
2.443464433510326161e-01
-4.106045657061448972e-01
6.414978581735397700e-01
2.811250827235648453e-01
7.013335631115723556e-01
-1.833004107280664652e-01
-9.299283140844137874e-01
-2.124748101765582931e+00
-1.350446420074162268e-01
9.607987131841255746e-01
1.302141444441677898e-01
8.008312932217842572e-02
-9.965214592448217168e-01
1.016064301498027955e+00
-9.217431866999143963e-01
1.813313649864348731e-01
-5.793405409634040382e-01
3.942421078954450042e-01
7.268031425612685448e-01
-2.134855336731747710e-01
8.270716596920424379e-01
-5.315624381169890000e-01
-1.000000000000000000e+00
-5.197744068307026399e-01
-3.753891746921347305e-01
9.954906796681167735e-01
-1.575106155359172089e+00
7.733466029504145745e-01
1.772293569071479391e+00
-9.667544594324399831e-01
1.000000000000000000e+00
5.433386958133076261e-01
5.436447270224675776e-01
1.142127718345234966e-01
4.441526120726271287e-01
7.324701128934616445e-01
2.149101277422024392e+00
-6.148031141684686673e-01
1.500652874504012413e+00
2.497799431410299142e-01
-8.021711828962529989e-02
-2.223427301522200028e-01
-6.610981183625144197e-01
-8.460850675036505342e-01
-5.223633927461031057e-01
2.750016088921463653e-01
9.901536190086838163e-01
9.033142076222170358e-01
-1.048594482435818570e-01
1.131106640993766899e+00
1.137402192859647165e+00
7.991540921089606009e-01
-1.774344812530006976e+00
1.211430552276226980e+00
3.696905223739049839e-01
5.538328576520210600e-01
-6.622733082037411956e-01
-2.119887000853137859e-01
1.842369633895395153e-01
-8.977979729481759819e-01
1.309012465779056944e-01
-2.004649509598990798e-02
8.899718894152043314e-01
-7.535936898650960059e-01
9.571443042582873373e-01
3.753756420421144879e-02
9.746905344116475467e-01
8.753260949184021866e-01
-7.356918174602571359e-01
-8.218849345890918423e-01
-2.254174120481590993e-01
-5.789693154935293684e-01
-1.908353299413596549e-01
8.619143590657472043e-01
-4.268130031494801191e-01
8.680486029066523113e-01
4.725168794386067628e-01
-6.863165235765690264e-01
8.129100701881649682e-01
4.157098074443790203e-01
-2.038394045144458211e-01
-3.022270316813939761e-01
-8.859458136300830677e-01
-8.260280251923152184e-01
3.304784488681100640e-02
8.185441252720384586e-01
-1.000000000000000000e+00
-6.843285905108098532e-01
-1.613359181567332601e-01
-3.556127938704897185e-01
-5.270675226096371846e-01
-4.521651769775567598e-01
-7.751337882973851068e-01
2.110208790686580738e-01
8.045680993173648377e-01
-1.231297147200477893e+00
5.658178134705260653e-02
9.352248035766500545e-01
2.620169495474117261e-01
6.482937867401280529e-01
9.671694727489650312e-01
8.317792745004601862e-01
1.370968382906720406e-01
6.045475154266138906e-02
2.419569456665532359e-01
9.364994711954139905e-01
1.516963652101090132e-01
-1.734702557548733481e-01
-1.000000000000000000e+00
-6.455123914040190591e-01
-7.716826001084355902e-01
2.179725816488829043e-02
-2.245476506838890440e-01
1.000000000000000000e+00
-9.289752890649107808e-01
5.820842734461030288e-01
5.930173547109710563e-01
-7.324688730940951409e-01
3.603353656859087928e-01
9.472484064237312040e-01
-1.245983077377041059e+00
7.741602287976392383e-01
3.816748318988544830e-01
5.004551621957953333e-01
-8.483887491550421434e-01
1.926780059649734478e-01
9.918564967960741274e-01
1.000000000000000000e+00
-4.557055682696708465e-01
-2.949140142058719327e-01
3.404311708712038254e+00
-1.192488299465440438e+00
-7.900519503040601688e-01
1.803186988945211233e+00
1.234373163478340141e+00
9.758528733605961181e-01
-8.561388958116402659e-01
-3.301515383594734176e-01
1.289573536603484116e-01
6.764680421633624263e-01
-1.008915511252049535e-02
-1.000000000000000000e+00
1.296628218134536770e+00
1.202558563922393464e-01
6.492415797006595435e-01
-1.436499026448043281e+00
-2.502257000188200742e+00
1.618520647779427613e+00
5.374277415078271281e-01
-1.457108497513817991e+00
-9.869050996760155847e-01
2.022074673881838258e+00
4.877093652050570882e-01
-9.615594882298789114e-01
9.161505096962752059e-02
-2.224598905413346817e+00
-7.792291144334073660e-02
4.194094898522562342e-01
-3.659667938920218022e-01
-2.740806703025755464e-01
2.108942746056811923e-01
-5.323773073100787068e-01
1.930013574836400014e-01
-5.883622653947111480e-01
4.836495926157993175e-01
-7.179380499157840267e-01
-2.084786403953844403e+00
5.484602144254129286e-01
-5.160451676748005756e-01
1.245177966433669736e+00
-1.150943655360348039e+00
-1.618088869619001446e+00
-1.000000000000000000e+00
9.386738191904759887e-01
3.240104922007103205e-02
-1.095350018987714336e+00
2.006875710391078815e+00
-1.099616765976303701e-01
1.001742590582430426e+00
1.243159942661154149e+00
-6.536860510896558285e-01
4.577661519916427224e-01
-1.080854083192503756e+00
7.939472152985773690e-01
6.475677177966320253e-01
6.131999868084323513e-01
4.577776501633665784e-01
7.287334273936056928e-01
1.228987466954265667e-01
4.214415947228191683e-01
-1.000000000000000000e+00
-8.858925747068040479e-01
-5.995125401774571428e-01
-1.048141971484083612e+00
4.770963797605453083e-01
-1.213608411955062749e-01
-7.023478030688812268e-01
-1.236143187963569812e-01
6.746507475041708668e-01
-9.801057645494237747e-01
5.838957559718350732e-01
5.156360289962698129e-01
-1.341618872729922529e+00
5.035815107814873848e-01
-5.882004858448718343e-01
1.265257952097472050e+00
-7.354957194198580295e-02
-1.221377045393549743e+00
8.958531657874714282e-01
1.383678681417272127e+00
-5.946451044248800555e-01
-8.937500209055928568e-01
3.536992994726608774e-01
3.865963486365560087e-01
7.350593990662016575e-01
-1.089827433402423829e-01
-8.351732567497038850e-01
6.958985900210833409e-01
7.688135725940021814e-01
3.873764679666894528e-01
-9.409522220893521416e-01
4.740659343967215111e-01
-9.479719148812147944e-01
-8.493784315369394822e-01
2.253588653363512773e+00
-1.232269135839563212e-01
1.052600147802726926e+00
-4.200721876420767109e-01
-4.457325045783269712e-02
1.368849597679256513e+00
-3.529146151301691958e-01
9.195962944090581015e-01
-9.916685769744972845e-01
9.744298009228518076e-01
4.723118590936509209e-02
