1.000000000000000000e+00
-5.441501774298095340e-01
-8.320282265155799772e-02
4.372152701602461944e-01
-3.794438947685260799e-01
-5.087011856616807659e-01
-5.853653987366921330e-01
-8.466091229764496351e-01
7.119799726684684638e-01
-1.000000000000000000e+00
2.967641497532136907e-01
7.305844990281493700e-01
8.306066300034894434e-01
-4.888051805509785463e-02
5.713259096246534607e-01
-2.962185523980479518e-01
8.799602158781627548e-01
5.176252582876393893e-01
6.799300223172578539e-01
3.014425445153973704e-01
7.901379103375003599e-01
8.612310367915467779e-01
-7.913913991071087617e-01
-1.000000000000000000e+00
3.215584299610153574e-01
-2.878783095959576155e-01
-7.220372485380591732e-01
6.335577336632265411e-01
2.570118234553896430e-01
-5.446010548437796306e-01
-3.089339975595690180e-01
4.778275157335402645e-01
-3.854528765856590766e-01
-3.394301811775344291e-01
9.803717843005925747e-01
-5.917446700850000907e-01
4.633287852110419269e-01
1.884834187310455711e-01
-4.938072636800936444e-01
-1.463582776716377265e-01
7.255276926281197802e-01
-7.320158684017125106e-02
7.281923972862498484e-01
-5.103870692058313230e-01
7.697950637808422814e-01
-2.092835352957995165e-01
-9.136740570433976583e-01
-8.448671819234342406e-01
9.111652738765261272e-01
-3.513069435131852686e-02
6.916220742367528151e-01
-3.580128708421862482e-01
-3.767875202034702831e-01
-4.170788716703999754e-01
-7.261893009304801194e-02
1.412990403042654330e-01
5.400354970728755699e-01
9.928409680471913523e-01
-8.671950095765437183e-01
4.873846833478450158e-01
2.372281210405579321e-01
8.082781815676730597e-01
5.739456172141790269e-01
-9.052517703093369492e-03
-3.600141345844539154e-01
-8.627171758092969656e-01
6.586542665003353170e-01
3.234020094513700982e-01
-1.069360447958878080e-02
-6.173303812320385386e-01
9.483062131901660585e-01
-9.981531790859557995e-01
-6.712403762891562264e-01
3.890298306135948625e-01
7.670707838578316728e-01
4.282321658402383768e-01
-6.976939759572368116e-01
-6.156584070493497096e-01
-8.155290861422260784e-01
-1.437615698402425757e-01
-8.679879989970341603e-01
8.273148030159152011e-01
2.333921485400060336e-01
-1.000000000000000000e+00
-1.873464974072474032e-01
-9.742679756539782687e-01
6.995561414746845341e-02
9.668611507474338396e-01
6.848347179330520340e-02
6.305104344326736276e-01
-8.375715743203852037e-01
-3.311678331242228213e-01
3.499929969790944173e-01
6.890866768848799562e-02
1.521857319628873439e-01
9.731035352120694926e-01
-4.949379930915602521e-02
1.000000000000000000e+00
-7.040061623462892104e-01
-1.000000000000000000e+00
-5.712623875189657419e-01
4.191664061446359613e-01
-8.486230513494563699e-01
-9.348432549279883652e-02
-1.985635319760810091e-01
-4.572671915645963314e-01
8.972649536999239839e-01
-3.111179108878123767e-01
9.313539686441509868e-01
-1.225404916934835775e-01
2.776897321478039027e-02
2.070858179758200412e-01
-3.172307892446235567e-01
4.294233688462845144e-01
8.435097241621900555e-01
2.422216536986256386e-01
6.469364338802165992e-01
4.786182246668261864e-01
-8.389342074967919283e-01
-4.427144896434320742e-02
-3.679885941865009835e-01
-6.990835191912416757e-01
-1.527894355000455340e-01
3.964335808854422272e-01
-7.041164885099943788e-03
-2.426659334070764840e-01
9.150197605313568072e-01
-6.370554546518557570e-01
1.754429184624775595e-01
-8.373797430511914497e-01
-7.167342305417371273e-01
3.996304434709405107e-01
-1.848701969132401368e-01
-7.268534552049477071e-01
-5.907688597683957710e-02
1.072851909400200920e-01
2.620003432593288051e-01
-2.752381141669205666e-01
5.614224337661856412e-02
8.298103963383804960e-01
-3.976503077910913397e-01
4.351960365222481975e-01
-2.766802241272335594e-02
-6.801523960899537036e-01
6.702313847637286770e-01
-3.893777197069169804e-01
1.000000000000000000e+00
-2.219131275075849619e-01
-3.512179232975343179e-02
2.438556528517953348e-01
6.695705288253550602e-01
-1.574227032688980121e-01
1.000000000000000000e+00
-2.587601868902733582e-01
-5.572231602974496711e-01
6.152444103729833719e-03
6.232847826992290452e-01
8.229671968151551775e-01
-7.728004999622944959e-01
8.432490237323029270e-01
6.471579866935585068e-01
-7.375739390794471273e-01
3.417915064208545406e-01
8.557680760751837923e-01
-8.590492087632682905e-01
5.402885762952103210e-01
3.289067760622333969e-01
9.701462147829482963e-02
8.841130499019816957e-01
-7.838856405116929604e-01
-1.000000000000000000e+00
-8.102659646048652187e-01
-3.666896093177060556e-02
-9.000334707723980365e-01
7.973848647685646274e-01
1.229172450457472754e-01
-4.887088336341003370e-01
-7.255814723370171970e-01
-7.094485859553190110e-01
-3.488990657894640024e-01
-4.797347101521972079e-01
-4.069812175240642427e-01
-8.790314094402615908e-01
2.476300113367299049e-01
-4.681817430503441568e-01
-1.745834754182899740e-02
2.020155367149687464e-01
6.456327325568816944e-01
8.594025657688688646e-01
-5.246216892743145177e-01
3.890653081183083062e-01
4.414432061246959527e-01
-5.624118109406230914e-01
1.000000000000000000e+00
8.636459797949740391e-01
-7.537179543138422533e-02
1.000000000000000000e+00
-4.125933846805078797e-01
-1.000000000000000000e+00
5.970299688944193939e-01
2.003366390777633066e-01
5.785207447754726617e-01
-3.139540707290676691e-01
1.242059063006891173e-01
-7.171217872301594021e-02
7.829909246157881197e-01
4.978490740017462723e-01
5.289949476428195130e-01
6.561072266009469744e-02
1.129111835284117710e-01
-8.322016932353062391e-01
-7.321025849129482177e-01
3.648345729165582974e-01
-5.362524924046913055e-01
-1.748420244169056614e-01
-9.354287734090206419e-01
-8.493373842695407516e-01
-1.658958833873876992e-01
9.456231098763826504e-01
1.000000000000000000e+00
-8.746324470405292262e-01
9.798445458001688868e-01
5.938072197786937734e-01
-4.707394625952533440e-01
2.551083928055507544e-01
-3.296953485951749085e-01
-1.404477168533358744e-01
7.959496986340957037e-01
-1.241862431383277260e-01
-1.000000000000000000e+00
1.243308835815378349e-01
2.486991124614383597e-02
3.306604608886687391e-02
-6.108875304485246183e-01
-7.482027532537417758e-02
-2.994034700566673979e-01
2.566140373229177651e-01
7.742408783697464214e-01
2.568236111662162147e-01
-6.471779960553117883e-01
-1.000000000000000000e+00
-2.356528853660096734e-01
1.713251241332033048e-01
1.675509590221616052e-01
4.649889236130309023e-01
6.414361400978094707e-01
-1.091940422947452194e-01
-4.731318363153211998e-02
5.531665190227544882e-01
-8.870986738865860310e-02
-1.902619422577502828e-01
-2.006719075101873195e-02
3.741490897501599799e-01
2.464376207030725130e-01
-5.833327240102403888e-01
-1.521609876000318100e-02
8.637610560611324040e-01
1.000000000000000000e+00
7.925201492970962436e-03
3.755642325436848727e-01
6.845593050495287768e-01
-9.685836333091407679e-01
-5.861599620031994196e-01
-1.449583248804543478e-01
1.000000000000000000e+00
