-6.298023992085632905e-01
-1.714359820288091293e-02
-8.019379811907462186e-01
1.000000000000000000e+00
5.493151505548319324e-01
7.442651462983282951e-01
-9.689686846842094914e-01
1.070779959555684668e-01
-9.119087088897256388e-01
-2.043625073539003800e-01
4.841629186212118019e-02
1.000000000000000000e+00
-7.746612437213917790e-01
-3.318586664453131996e-01
2.946871425869493355e-01
6.124897904776137603e-01
7.289585769205241261e-01
1.729193352622711288e-01
-1.886335329676569195e-01
-1.888077991674504685e-01
-9.810655912611669915e-01
-5.114570318875404364e-01
-1.056318893301304712e-01
2.801858124098742797e-01
-1.298900158063415189e-01
-1.089056757891088550e-01
-1.327242525361429504e-01
-5.173911812387507192e-01
-6.197258733621691107e-01
4.513290149296644849e-01
9.362483720330737336e-02
-3.354816757090376966e-01
-1.530924688661521871e-01
4.159878598338918043e-01
-6.281199756541046009e-01
6.663179323670432863e-01
-3.658455651330526082e-01
-2.403264598377141126e-01
1.483689846253175015e-02
-3.422049098913512721e-01
5.917027977020487828e-02
-1.357559287423013294e-01
-2.535771214522189454e-01
-3.911612678577361946e-01
-2.099386507303181715e-01
5.405637888038353767e-01
-1.000000000000000000e+00
1.546830286869581017e-01
8.393831178641258939e-02
6.104555254982287904e-01
2.097137871345328697e-01
4.219310170172915209e-01
9.804822101975910753e-01
6.264796240509593050e-02
-6.440963231423854074e-01
-4.425461410902085113e-01
-7.282927874077015085e-02
2.346676707617371266e-02
5.318031365045933212e-01
-8.185578782802020725e-02
-1.797429609993790589e-01
-3.518817742546237470e-01
7.906786906455923192e-02
-5.416535489263810677e-01
3.776905219241780132e-01
-8.931526767677112622e-01
-1.000000000000000000e+00
-1.136945426559612254e-01
2.008399971380072507e-02
-6.133276708248865949e-01
-1.991901015085779658e-01
-4.686333058736683599e-01
-6.421222650850455516e-02
-4.244677378044006688e-01
-4.271916890146848500e-01
2.949195105723282362e-01
7.647492327054100647e-01
7.365658464882829382e-01
-8.195385872087493917e-01
-3.452196600168524476e-01
-8.671625845891315354e-01
7.515603076932341198e-01
3.717665568703643064e-01
-4.008731213015861994e-02
-3.183972153325684840e-01
-6.351401722915998027e-01
2.101258095100376755e-01
2.648230842676231878e-01
-8.635412718699119194e-01
-4.011829989513188699e-01
-3.894833135746032515e-01
2.428616914647468428e-01
3.083692635492675249e-01
2.941651906629717539e-01
-6.923345448756671461e-01
5.858678754101723785e-01
3.149108321085576367e-01
-4.437147980486425558e-01
-4.312158250708420515e-01
-1.124224163069261068e-01
4.217392430464591557e-01
-7.048231675627494308e-01
2.310327248371776276e-01
1.784953193116938230e-01
9.006650705199542584e-01
1.008283707165447303e-02
9.061494599211126211e-01
1.488346323858589226e-01
2.674190421069014278e-01
3.526235534926100978e-01
3.020419478363118859e-01
4.260643799809555321e-01
-3.256373720985500930e-01
-6.183074965903366804e-01
9.976175330658849649e-01
4.263087909073427773e-02
8.898833948106955882e-02
-4.707765429815720382e-03
-1.000000000000000000e+00
-7.988769477437189792e-01
7.070303755274918167e-01
-5.463556298750853468e-01
4.661773245712536387e-03
-6.375059003250852507e-01
1.546243268385110170e-01
-2.945425646546107057e-02
7.771346406284977970e-01
6.897016304517707974e-01
2.823363574349869176e-01
-8.174879017240994916e-02
6.852205776683568672e-01
6.947172771784368983e-01
8.285728738761236611e-01
-2.279049225443298687e-01
-3.560756299887640197e-01
1.290753743667734377e-01
-9.718358375730670184e-01
-3.312335265186054367e-01
-7.539651838105818071e-02
1.316739337969645984e-01
-1.000000000000000000e+00
4.940514830698513604e-01
6.340781823736796330e-01
-2.913122324182648021e-02
1.000000000000000000e+00
5.099404517793802716e-02
3.374842116339878406e-01
-6.495806135194768238e-01
-8.263135092063652598e-01
-4.077621599894269422e-01
-1.266982211831418348e-01
-4.654220332949055572e-01
-9.943438340579913159e-01
-7.775330820017712918e-01
6.213722636182412717e-01
-7.257846261482910899e-01
-5.152625455762387813e-02
1.040055532618306827e-01
3.008172434166581644e-01
1.621036283695823921e-01
6.310887022255825540e-01
-4.793059545184166215e-01
-6.961190742503667872e-01
8.535391826088113698e-02
-3.391835258098938599e-01
-7.283473911652449395e-01
-5.048523546828148634e-01
2.537065496416291976e-01
5.266093214039214709e-01
1.000000000000000000e+00
-7.142390171217506412e-01
9.856928808943228593e-02
-4.999610899417158277e-02
-3.529730026876080062e-01
8.320569713931078581e-01
2.480690294161815856e-01
7.516085199743464118e-01
-5.644413980320807100e-01
-3.694366595484381288e-01
8.564639603211144925e-01
5.078499245056834477e-01
-4.330573740721449516e-01
5.950689135349770398e-01
6.621498922906486895e-01
-5.353700250644373160e-01
6.460375256653377862e-01
5.983642495422619723e-01
2.078962441244086579e-02
-7.672886371069800315e-01
-6.305913982834678855e-01
4.305528896099093394e-01
-1.000000000000000000e+00
-3.471044247200253396e-01
-5.608582226054047437e-01
-4.071724542131984204e-01
9.670869178216999762e-01
1.863280367899816659e-01
-4.046132968552927922e-01
-1.000000000000000000e+00
4.911457073399640993e-01
6.546518217617317559e-01
6.248277593034041733e-01
5.528076134571844324e-01
7.388256574437886970e-01
-2.320220593223253081e-01
4.906464403456087253e-01
5.496847944279341647e-01
2.716566185590755245e-01
8.301979955519224463e-02
-5.015779062516495523e-01
-4.212063280928015074e-01
9.861119638600115977e-02
2.931950709379056996e-01
-4.270956288674664925e-01
-3.729737706801344865e-01
-5.730616269435158117e-01
-2.165585860093740544e-01
-1.000000000000000000e+00
6.715754651592067415e-01
-5.817917437813154014e-02
-2.273649511622460040e-01
-8.801647018289030511e-01
-2.105904994563922161e-01
6.160964954483532097e-01
-4.375758201090876875e-01
6.020893334976466782e-02
-3.067987856459293838e-01
-8.385970848713268921e-01
4.306409181870045622e-01
3.812798006277546281e-01
-7.880406025445965135e-01
-5.412027218106977289e-01
3.118853584580126848e-01
-3.110404906443599016e-01
-3.443841623711099142e-01
9.013872017293089733e-01
-1.647178484052236047e-01
7.360857903738918795e-01
-5.881230633129537200e-01
5.620554593896031070e-01
-6.599746682421954169e-01
-1.424997832700423961e-01
3.737903909804507485e-01
6.181817407238648920e-01
-2.331673388989519147e-01
-1.841719173899959427e-01
-9.524951757596107349e-01
-6.432207589432382966e-02
-1.000000000000000000e+00
4.634606914269732147e-01
1.074534980155699843e-01
-5.838324805635730641e-01
9.364584724055559084e-01
7.771479564780676697e-01
1.850346465381621508e-01
9.948713700422248674e-02
-2.126209800792049076e-01
2.704901408383217909e-01
-3.190982060126696385e-01
-3.472302089824015336e-01
-6.527360597066876879e-01
-2.173243955316869480e-01
2.992370003251705879e-01
3.946540165840771719e-01
-1.824013348374491361e-01
