3.384837444477445945e-01
6.990100780307511030e-01
-3.977216748240396949e-01
4.734787536391867890e-01
2.660423135008126438e-01
-1.460570868781428666e-01
7.708870205838607159e-01
-3.649361081867308343e-01
-1.000000000000000000e+00
-3.843022866955195793e-01
3.260176262195139951e-02
-1.090425741032396631e-02
-4.982390479731709787e-01
-9.440517573180681188e-01
-8.050830752519522182e-01
-6.144815394841949274e-01
-3.201619018304323050e-01
5.415756696055856745e-01
-7.280015402760302567e-01
5.158151952318759115e-01
6.162118717205162799e-01
-1.646885420370033382e-01
-2.596619202540491611e-01
-2.484243472912411044e-01
-6.086025534103969292e-01
-1.067971097030810529e-01
-3.331780646089010922e-01
3.095430620019239965e-01
-2.514202017330393057e-01
-5.464314160814408572e-01
-3.197188903769182522e-01
-1.800968937935583103e-01
1.000000000000000000e+00
-7.198984266877065386e-01
-1.000000000000000000e+00
2.760872915333705269e-01
3.975172513450959122e-01
-1.073360761544904785e-01
-5.474180598070546022e-01
-9.880249338438515938e-01
6.547525876906568065e-01
-8.822546461130643669e-01
-9.482213761091412563e-01
1.953854418168677609e-01
6.739816004144799644e-01
-1.165023542350320240e-01
1.815267589405205051e-01
-2.040803403745925504e-01
5.130041775072780030e-01
-5.928013364293267529e-01
-6.670997906256128651e-01
-5.834445108142272129e-01
8.218751522463541015e-01
8.545075321540203106e-01
1.857494882550045912e-01
-1.264545571138610824e-01
-5.671349775579204167e-02
-5.792894048389263251e-01
-6.268828521958495770e-02
1.789891291457955114e-01
8.407668857795611572e-01
-2.864060296957962604e-01
1.693576899057891993e-01
-8.454261487955366805e-01
9.562907762677138601e-01
3.640192120890013983e-01
-3.362455086637704538e-01
6.353251006050489869e-01
4.962604009028662722e-01
-5.620126266164355844e-01
-1.217857670599171993e-02
-7.725904015082413201e-01
7.292600503068857876e-01
-2.741636748408916580e-01
2.752154429471084796e-01
9.076024078787430227e-01
4.698069267487028911e-02
3.945581834922510800e-01
-6.101372568645211381e-01
5.740910404034460512e-02
3.292541613996768923e-02
-9.042139371821142912e-01
6.661640496657890431e-02
2.899170750013226883e-01
-2.183233445670497708e-01
2.804261365591040334e-01
-7.672360300627852903e-01
2.521827565766295715e-02
1.000000000000000000e+00
-9.459528505997379932e-01
-1.797376564109227082e-01
1.000000000000000000e+00
-6.371625243832144958e-02
6.468406852471819679e-02
-4.269452110906244990e-01
-4.880717557368279835e-01
5.908894076493583780e-01
-5.991420309413673095e-01
6.943643395902273641e-01
6.827537128108701614e-01
-1.000000000000000000e+00
-1.356360640322361033e-01
3.311257850428122596e-01
-4.728456244725189883e-01
-5.582076410229716013e-01
-1.000000000000000000e+00
-1.603299121433758578e-01
9.293438556796598804e-02
-5.570675031745332406e-01
4.024543148098091438e-01
2.724065827887540703e-01
-3.837272284370084607e-01
6.169285474506914779e-01
9.175172205998306518e-01
-3.416347410002555374e-01
9.297227439230110191e-02
6.155585423717652160e-01
4.503700707794554559e-01
2.525916410459599915e-01
4.518845367955396375e-01
9.842527043396799569e-02
5.515168693021226254e-01
-2.784217823515234280e-01
-2.518128058011706027e-01
2.029020594942707589e-01
2.642006784278563836e-02
8.832125871564899811e-03
4.544873931555600821e-01
5.370616699940159444e-01
2.694531912475067736e-01
8.842888248825547803e-01
3.206169031605529129e-01
5.102945253423232241e-01
2.152972659955199042e-02
1.000000000000000000e+00
-7.532177953548024885e-01
5.467732921008378044e-01
-8.221142344168583804e-01
-2.407504386854189549e-01
-7.416766404581579541e-01
-5.000526057483638542e-01
-1.000000000000000000e+00
-6.310729872772731230e-01
-7.056118456571393027e-01
1.424987287079512721e-01
4.484609250576396811e-01
-8.594633608972769290e-01
-7.076905908623989938e-02
-4.331864448611104645e-01
8.199819045122824779e-01
6.948869704795690438e-03
4.974411437099520716e-01
-1.000000000000000000e+00
3.898675928442502103e-01
-7.668591481601296778e-01
6.712870984998872137e-01
9.727306048432629026e-01
8.502981437694371314e-01
6.750207685420007708e-01
-1.169344341765293227e-01
-7.769038412747368838e-01
6.393974989666566522e-01
-1.432843181475770278e-01
5.861059967835449136e-01
-2.097751570097234897e-01
7.274045261708579346e-01
3.979106099785316708e-01
3.952043317157538094e-01
9.676929718479816422e-01
-6.339626309291519490e-01
9.078410691891427575e-01
-8.463993191812070327e-01
1.566676311710590852e-03
-3.143094593109021506e-01
-7.870741283752400452e-01
4.956286629147467759e-01
-9.200608348676220238e-01
-1.158813932539753955e-01
-7.392190130374696189e-01
1.000000000000000000e+00
9.734828195714786969e-02
5.118608929248769090e-02
-4.453513538934076310e-01
1.199236098815078394e-01
1.686729188483658826e-01
-1.658141189558464956e-01
5.679305229912801067e-01
-1.000000000000000000e+00
-9.147225788489034004e-01
-6.605548605114984761e-01
1.000000000000000000e+00
-5.709838628888053158e-01
-4.492557134834379573e-01
2.623291460242366258e-01
-1.250966148497268948e-01
4.892392676179170286e-01
-9.745823861101721164e-01
4.213120191456938279e-01
7.721203380399210836e-01
-6.206314925871047050e-01
-1.000000000000000000e+00
4.139900630793680314e-01
-2.635329512440829358e-01
-5.131448806683531760e-01
-5.004514375601497589e-01
-1.566342671941806375e-01
-1.948913231445893041e-02
1.420207909937096780e-01
-5.175845096815185897e-01
-3.782595061117562385e-01
-8.819619723795431021e-01
-6.763911740898587155e-01
5.844202317140990699e-01
6.065886811574122683e-01
4.314939874417746957e-01
-5.889832882342888043e-01
7.728052181888381833e-01
5.661284106571895514e-01
9.369611603176515313e-01
5.750614692574929077e-01
4.238917399480679471e-02
1.221695456814317349e-02
6.267899366499524172e-01
7.120176308159210654e-01
9.524305581090298789e-01
5.590565911252317610e-01
-1.000000000000000000e+00
4.715301921210325875e-01
1.509134182367088961e-03
8.758724665682735555e-01
4.499808211613573472e-01
-6.256196570518904876e-01
1.280010106598772346e-01
-1.000000000000000000e+00
-2.156151751470474220e-01
-3.970858963550555898e-01
-8.946536640207896074e-01
2.512170889376021954e-01
8.038535146570902068e-01
8.906092970135345288e-01
1.000000000000000000e+00
4.576103935564012071e-01
-6.118509702928670579e-01
-3.864615494459811562e-01
-3.276438672168087152e-01
5.766313372375170276e-01
-3.161324462680007441e-01
-6.997943010607936554e-01
-1.337134204342522448e-01
7.717073944501907645e-01
-6.710440096455253522e-01
6.993841334973303070e-01
2.760211654093491784e-01
9.512959808641927584e-01
-1.000000000000000000e+00
-4.815813286676210447e-01
-4.139872578957656257e-01
-1.972292130639167196e-01
-5.320517827240984765e-01
2.697091867389243003e-01
-1.811623586394797147e-01
6.704149494474490045e-02
2.073674315197211182e-01
-1.156233007837412230e-01
5.262583122576477423e-01
