-5.846405930492438729e-01
-1.000000000000000000e+00
-9.318075982534094193e-01
7.938464433844875101e-01
-1.000000000000000000e+00
1.000000000000000000e+00
-4.715588065482645419e-02
8.260174237690731669e-02
3.379413788149757680e-01
1.000000000000000000e+00
2.012823194941066873e-01
3.089922866090848430e-01
-4.741657921027437883e-01
8.307262953592284838e-01
-6.146886713197210472e-01
-5.824625776101370889e-01
-8.698735327909902226e-01
6.491093706626620552e-01
5.464509822827772201e-01
-1.970212481356371503e-01
1.000000000000000000e+00
-6.767276927377086082e-01
7.884853788906582839e-01
1.000000000000000000e+00
1.000000000000000000e+00
7.215104010501505183e-01
7.481084303857102880e-01
7.676356778036754758e-01
6.543341630328516345e-01
5.387662714693075561e-01
8.737919039507645591e-01
1.000000000000000000e+00
-8.658424145956437057e-01
-7.918952364389484355e-01
-6.662422771352403128e-01
-9.033340558141282894e-01
3.316010065374161986e-01
6.553565820784389429e-01
1.000000000000000000e+00
-3.453697387185546974e-01
-7.427127566530705716e-01
8.729713708219772883e-01
1.000000000000000000e+00
-6.428933259066866857e-01
-1.000000000000000000e+00
-3.999217900763665234e-01
-1.946491728995529691e-01
8.915119051776388970e-01
-2.728736629087133991e-01
4.241105029607028509e-02
1.442653974757893143e-01
6.985855027303226050e-01
-4.524650786693058535e-01
-9.155239974223667865e-01
-5.247652092282932834e-01
3.960696864605696144e-01
-7.312035929085555219e-01
-6.437298175116521470e-01
1.368631453979984869e-02
-1.000000000000000000e+00
-1.000000000000000000e+00
-4.356662255208635370e-01
9.583113566731962796e-02
1.000000000000000000e+00
6.983612666825789184e-01
7.013405244500267033e-01
-1.000000000000000000e+00
-1.000000000000000000e+00
-5.646863370194583620e-01
-6.437298175116521470e-01
5.058973042780581242e-01
4.276416555973263645e-01
-2.768240184155876804e-01
-6.782015290740015523e-01
4.059836900886424349e-01
-1.225821976764568388e-01
8.998292821163176303e-01
-8.608550630654525637e-01
-4.010855918876052861e-01
-8.595425092211340656e-01
4.752092416157778221e-01
-7.632905547011961112e-01
-7.695699230539253533e-01
-7.654237855585634964e-01
4.277303448591188717e-01
-7.544951680509467407e-01
-9.036664160503415921e-01
-5.373816709092535948e-01
-2.757964798358529812e-01
1.000000000000000000e+00
-1.000000000000000000e+00
-8.862624908500413845e-01
-1.000000000000000000e+00
5.064769604742408449e-01
9.073184478956380916e-01
6.234508056085790173e-01
1.324584278660665415e-01
-8.245573723268476707e-01
-2.797780792435750064e-01
1.000000000000000000e+00
6.439185686220447735e-01
-7.167241567136093394e-01
-6.468418501540857957e-01
2.025868818964984275e-01
9.481762168895221388e-01
7.329394611740591703e-01
-7.402180675952514388e-01
-2.917775576757592471e-01
-3.182608155883474010e-01
6.149152955718791835e-01
7.990167150802116591e-01
7.377124726082395778e-01
-5.586353738977780647e-01
-9.769129187832451544e-01
-6.570784572345199637e-01
6.437298175116521470e-01
6.437298175116521470e-01
-6.437298175116521470e-01
3.624092587332927717e-01
-8.577302313249550725e-01
4.896005227601496479e-02
1.000000000000000000e+00
6.369982757394601069e-01
-6.506832808919160716e-01
-6.611752421022255577e-01
-2.493768169218461284e-01
-1.166397116297776815e-01
6.437298175116521470e-01
4.676857370118764345e-02
-2.526916066773984282e-01
7.209173506982513580e-01
3.035627058454103411e-01
7.919517681693160061e-01
1.253459732183141162e-01
-2.819205320524853509e-02
-6.529631110637248437e-01
5.805348733991710919e-01
6.276054314769530240e-01
-1.000000000000000000e+00
-9.669329207828430972e-01
-1.000000000000000000e+00
-7.089581197392574863e-01
-5.589712207829757862e-01
6.437298175116521470e-01
-6.360812969260125627e-01
3.753559494048024359e-01
-2.248518548550173524e-01
6.130499568686111900e-01
5.680982850695623920e-01
9.043162694645237032e-01
-8.139757875504920470e-01
5.844026649239268956e-01
-7.042925122505501179e-01
-5.813618390716766005e-01
-5.419563217334372185e-01
8.184520197855055246e-01
6.773941140716290832e-01
8.269564506504525347e-01
-6.521952530115600055e-01
-1.000000000000000000e+00
5.397805931022150450e-01
-6.725077536153396540e-01
5.356256260132683522e-01
-1.000000000000000000e+00
-7.578664728448184507e-01
1.000000000000000000e+00
7.090279501120619887e-01
9.056979132006710564e-01
-1.000000000000000000e+00
6.871853762505080176e-01
-9.321798555071261205e-01
-6.437298175116521470e-01
7.215883233135551578e-01
-8.193860952528126962e-01
8.281126035455452783e-01
-7.539609431100391390e-01
7.133658937580152903e-01
6.437298175116521470e-01
-7.019118370382335659e-01
2.705028276971382928e-02
7.150450497680995721e-01
4.182154865652356612e-01
4.891898459641075281e-02
4.811871812013396310e-01
8.130529687673457850e-01
6.348668578673669627e-01
-8.521840711074956110e-01
-7.201771461270924934e-01
-9.081962082531004343e-01
3.317546629143686143e-02
-7.811181130973360309e-01
1.173318827937156472e-01
-6.678129244973327605e-01
-6.088532555473923358e-01
1.204519764934263160e-01
-5.190577869601362693e-01
-1.000000000000000000e+00
-6.437298175116521470e-01
-1.539626218061351803e-01
1.000000000000000000e+00
4.963300685535270151e-01
5.535656730163929229e-03
4.131626229602768374e-01
5.247652092282932834e-01
4.368206582402756055e-02
-6.687051925422237142e-01
3.522759763856269100e-01
6.963707913920745840e-01
-2.954165767297611267e-01
-6.931498802442803697e-01
-6.148934283344318352e-01
9.397984098209201109e-01
9.350263506930089896e-01
1.000000000000000000e+00
8.408802076627414079e-02
-7.488943568995436451e-01
-9.912561733273148601e-01
6.366491787676555880e-01
-7.855995141560545569e-03
-3.000247113388792020e-01
-9.430968581433135656e-01
-6.979560137778730855e-01
2.769493377841918957e-01
1.000000000000000000e+00
-1.000000000000000000e+00
9.076254367166844972e-01
-8.571267010039818057e-01
-1.000000000000000000e+00
2.152011753449012410e-02
-8.669759694265039007e-02
-5.247816619713245867e-01
-5.919060344011743968e-01
4.651228199269625829e-01
-7.156018311057323888e-01
-1.000000000000000000e+00
-7.801488728011927165e-01
-1.000000000000000000e+00
-9.975810178486972379e-01
1.000000000000000000e+00
1.557438108059372439e-02
-4.561841026090207030e-01
-8.853722791545592941e-01
-1.794743820216715413e-01
2.596637354924220542e-01
5.914489215714902048e-01
-5.924049191507967382e-01
6.971664298829133299e-01
-4.072966928503627404e-01
-2.435829675531304694e-01
-1.000000000000000000e+00
-4.411053725032068051e-01
6.076486405790395562e-01
7.811066001659260349e-01
-8.225926056458794378e-01
5.287640822934640550e-01
-1.000000000000000000e+00
-1.000000000000000000e+00
4.923280944883374755e-01
-3.803604002522298355e-01
-6.437298175116521470e-01
1.325599048188937923e-01
-9.775476930505132278e-02
-4.375753202755522930e-01
9.301650026585843722e-01
6.361556056823689520e-01
