-2.094008795804052636e-01
4.044229844930451456e-01
-4.287284517580844945e-01
3.428605742033866699e-01
-1.055477717836939000e-01
-6.722879531635104211e-01
-3.783700587783134783e-01
8.331556520831889801e-01
-5.640278375444899295e-01
5.744082631347782186e-01
-4.252356319922812045e-02
6.603749005484065293e-01
1.000000000000000000e+00
8.512514369396666503e-01
9.474496313469188413e-02
9.832001986312605135e-01
-6.783970278738545023e-02
1.000000000000000000e+00
-2.864789186039307656e-01
-1.000000000000000000e+00
-3.791084766060832112e-01
1.770561236235441149e-01
7.910170758940977820e-02
-1.813267627921845149e-01
2.021963568606562345e-01
-7.266874081772227711e-01
-9.148857351027133156e-01
1.639824387609636336e-01
1.000000000000000000e+00
9.782274896114870333e-02
-2.629516142913043142e-01
-6.739858618651026756e-01
2.428167504638090168e-01
4.947786459736787101e-01
-3.625847800615318861e-01
3.425848764722401740e-01
-5.765961158795129826e-02
-2.613098868763995275e-02
-5.801660651828134396e-01
-1.718776637606943825e-01
-2.324762383432565638e-01
-7.532763727102094187e-01
-7.838258119058032491e-01
-8.837677213525771958e-01
5.954375168213226210e-01
-4.425638242467902495e-01
1.000000000000000000e+00
3.342976868418057190e-01
4.012575068032006032e-01
-1.733022890361104462e-01
1.000000000000000000e+00
3.856533423023009166e-01
-6.369779556841057566e-01
5.846731117707384406e-01
1.000000000000000000e+00
3.745468690487513963e-01
-1.807698927953496626e-01
5.106317807258085040e-01
-7.961561208428149516e-01
-1.779386540627538871e-01
8.201930785524347289e-01
-1.683779099605660079e-01
-8.984644362407064877e-01
-1.000000000000000000e+00
3.992034895355320301e-02
4.095828304348819171e-01
-9.144981907694214041e-01
6.271660634815774404e-01
-7.182015331900115651e-02
4.001989542357949903e-01
-2.399301597185725388e-02
-2.667371637445902777e-01
4.375413524725919601e-01
8.882799039607264246e-01
6.917667311871291691e-01
8.430847881174162728e-01
5.941270883637267408e-02
5.383406102925617498e-01
8.827832844727482309e-01
-1.229418975090952604e-01
-2.158409797712067535e-01
-2.551792845980632718e-01
1.799229896802287398e-01
4.394125077834509785e-01
2.519902638358620939e-01
-4.061462355320534234e-01
-1.511086878918063148e-01
1.312197949347445602e-01
-4.044202291370263547e-02
-1.106107527300306259e-01
-6.284902541792729558e-01
6.332570501231478133e-01
6.908722030480176635e-01
-7.697563650672833990e-01
-2.652430650714580063e-01
-7.387048490822945013e-01
-4.913899217877090719e-01
4.208857022207013188e-01
2.631251567121002388e-01
4.432872413540446255e-01
-5.237028447208195159e-01
-3.160712471912147103e-01
-9.146270255536192995e-02
4.873026960920048278e-01
-1.705724757147490944e-01
-9.800312646900921631e-01
-2.589534250640045387e-01
8.788697588283045370e-02
-1.191053054503931480e-01
-3.264720579523379129e-01
-4.385159909578865700e-01
1.437740396053300840e-01
-1.678227101333433779e-01
-1.793120738267868775e-01
-2.997080275833174379e-01
-1.960032799471378429e-01
-4.316058061371539911e-01
-6.349836815546289204e-02
-1.454727243755009614e-01
3.290520651764921034e-01
-8.673554056194605621e-01
-4.989372915410744680e-01
1.000000000000000000e+00
-4.894560819024072473e-01
5.803450730279120506e-01
-9.329508689564397494e-02
-1.000000000000000000e+00
4.148051764982856882e-01
6.757401751582138294e-01
-1.995813693558963209e-01
-5.962833803431658586e-01
4.580585549391959499e-01
-9.410506477738339592e-01
1.827331668795253161e-01
-4.199034976228360749e-02
-5.247813565304570993e-03
-8.311945393055157894e-01
-2.246416493206054854e-01
-7.220348014998829722e-01
4.474905699484185151e-01
4.656085181355994473e-01
5.561844896104550795e-01
-2.119820688904312522e-01
5.197551727230478313e-01
8.757813302310885062e-02
4.150549048223965976e-01
-2.562974581582583844e-01
1.051303432953728800e-01
9.668516806630387261e-01
-6.626301458445897907e-01
1.000000000000000000e+00
4.982827860651984908e-01
-6.869646150161537457e-02
-1.000000000000000000e+00
-8.405169952055280280e-01
-7.885454295055721596e-01
-1.000000000000000000e+00
6.563572664141821278e-01
3.648404378294389794e-01
6.801080674354536004e-01
4.589986078670883485e-01
-1.417105313332053806e-01
-1.907780124491622042e-01
-4.465187463598293549e-01
-2.729762216129066887e-01
4.384650149562110411e-01
2.699742546832646362e-01
7.500627586124153368e-02
-6.020535875897583544e-01
7.461902579579077210e-01
9.727018743838750092e-02
1.769128998267104347e-01
1.037532887789309466e-01
2.190841021002015720e-01
-8.814240396782286879e-01
-1.739603684499959613e-01
8.620480304030170293e-01
-4.020435347255371106e-01
5.123877633305540247e-02
-9.855078857688889249e-01
8.935596297564407653e-01
-1.445653448801997865e-01
-2.055142261793302949e-01
9.938536400162814033e-01
-1.656300092919527900e-01
3.816540555474270957e-01
-1.000000000000000000e+00
3.744142489626902659e-01
-2.882646051616802318e-01
-2.098118042450851650e-01
6.172645939602441900e-02
-8.797983061899328217e-02
-1.000000000000000000e+00
-8.739331209081868668e-02
-1.000000000000000000e+00
-1.000000000000000000e+00
6.027294130509611714e-01
-9.653395703134673433e-02
4.022847657552984790e-01
9.564622914926557140e-02
8.025134942936607008e-03
-1.969903601851153985e-01
7.791653080008043020e-01
-7.907796564986979693e-01
-2.607970975642847078e-01
6.350210756541533330e-01
-3.147834121172220501e-01
-4.415384278231528348e-01
-1.000000000000000000e+00
6.420808301685700936e-01
-1.000000000000000000e+00
-5.413921586620048382e-02
-1.000000000000000000e+00
5.698319934685687205e-01
6.617798122791135329e-02
-8.472673315621956913e-01
-1.348339639090156972e-01
-2.138721700634932388e-02
9.464400396406003058e-01
-4.888253976671797507e-01
-3.020261496410713842e-01
-9.161182069960687180e-01
9.246127818364231477e-01
1.968293867157233645e-02
9.752306204557932290e-01
4.802229382644971900e-01
5.792969410165483835e-01
5.719719173353433606e-01
6.998362198460908457e-02
-9.438508002497603133e-02
1.250829904027974393e-01
-4.026941102884376567e-01
1.000000000000000000e+00
5.865149884571074779e-01
8.573957529335474170e-01
-6.151787631106521159e-01
-9.407395617416997036e-01
7.029750096237281642e-01
-3.982745099720985116e-01
6.224093840144209189e-01
-1.488560088376162938e-01
1.138623714987817004e-01
2.321392419552957553e-01
-9.448693492682409545e-01
9.590187185533940450e-01
-3.695175148499755258e-01
1.443185252773683813e-01
3.873325626582302394e-01
1.000000000000000000e+00
-5.587105568325345661e-01
-2.524976056287481230e-01
-8.617938786584947719e-01
-1.694604182970280148e-01
-1.000000000000000000e+00
-8.041647301133157955e-01
5.023967855915703051e-01
5.527120840111046096e-01
4.138115402305979629e-01
1.178730586537416192e-01
-6.375272972320186748e-02
-5.023611852945921719e-01
-4.836096005727599234e-01
-2.019884793872021578e-01
3.199979083058744345e-01
-4.038134790086135295e-01
