-1.457963826933653673e-01
-1.328778598261385335e-01
2.053065808623203425e-01
5.322226774428084894e-01
-5.173501066006009896e-01
-5.068344915467037914e-03
2.602368960074898929e-01
3.897871696634762628e-01
1.000000000000000000e+00
-5.979870440230863338e-01
5.683529282019557094e-01
1.973893320276545182e-01
6.776488091374972544e-01
8.306919467026201431e-01
-2.645657834247400197e-01
8.694293604430238798e-01
-5.950723620471568553e-01
9.855626892684821172e-01
-4.343310458782528860e-01
-9.232087486657469810e-01
-5.391502065949969058e-01
-7.132862232033307937e-01
8.667496102335463526e-01
7.394452279645236104e-01
7.632825263211493461e-01
-7.126527024251783082e-01
9.242142218622442229e-01
1.000000000000000000e+00
1.000000000000000000e+00
-6.292782416965583270e-01
-1.096437660806136583e-01
-1.233129315577233820e-01
1.000000000000000000e+00
6.597281712499780681e-02
4.357022518285594281e-01
-3.944498864658311232e-01
7.071160543327539294e-01
6.430564492308723512e-01
6.521935517091306256e-01
-1.000000000000000000e+00
-5.304332738492889554e-01
6.292956182703672852e-01
-9.606537181725434138e-01
-5.521530724643189947e-01
-3.536013195473932669e-01
6.818776903846277548e-01
-4.965930160256543102e-01
1.192164017513739349e-01
8.638090101077353644e-01
-3.874756068694341637e-01
-9.777751493150351747e-01
9.698360200364193329e-01
-1.428624713315836958e-01
7.891073245975450678e-01
-6.235007427073335773e-02
4.314752148314433544e-01
6.464773992041161765e-01
6.827501604471575281e-01
-2.216591449842837402e-01
5.055848548536576725e-01
-4.762284040918541850e-01
-5.614600499271815703e-02
-1.747801208725253685e-01
-1.546752975153586895e-01
1.426187655994808345e-01
-8.149843195377521887e-01
-8.178124152918828660e-01
-6.008065200020331620e-01
3.705293096435446909e-01
2.164607052986255997e-01
-9.535896511502921502e-01
-2.925724816608964440e-01
7.851321152759498379e-01
-1.000000000000000000e+00
-1.828461858078600510e-01
-1.000000000000000000e+00
-7.447114246719455100e-02
7.992934350543687838e-01
-4.684796375051886175e-01
7.583914993038687324e-01
4.636267050083977548e-01
6.277748135076568481e-01
1.148092792931222905e-01
-9.624746961004241319e-01
1.000000000000000000e+00
-4.723326896736868008e-01
1.000000000000000000e+00
5.752162447248221344e-01
5.182505616873320786e-01
-7.849100596072562386e-01
6.041449308400570484e-02
3.984913977358078840e-01
1.000000000000000000e+00
4.838367395666196558e-01
4.193072560826032191e-01
-7.198990122618054155e-01
-3.532973242544406034e-01
3.397208096385915255e-01
-1.000000000000000000e+00
6.867113424472259808e-02
-9.289751232444289908e-01
4.808745923449782023e-01
9.601500654956751646e-01
1.000000000000000000e+00
1.978562789209569600e-02
6.572824580705194375e-01
6.068764154490955409e-01
9.126449465682440199e-01
2.088263718763614385e-01
2.900324525976514245e-01
-4.518128929067293242e-01
7.236828882775845351e-01
4.094751975840371649e-02
-9.325702329255178835e-01
7.522319805033950146e-01
1.558625957400185946e-01
4.373426630838639362e-01
4.936881738867735514e-01
-3.358431358866674765e-01
3.773875622428173315e-01
2.632731021772993785e-01
-9.270243522817026571e-01
-5.576689906684120235e-01
-4.614031899790668190e-01
-9.369870686845038765e-01
8.590235679430300308e-01
7.532599651878801872e-01
4.186437219989374015e-01
9.953760630598988968e-01
-3.956010268661588336e-01
1.510438398257858417e-01
9.012714474546199561e-01
-6.853406618672752693e-01
6.163699161220494993e-01
4.201679274594745106e-01
5.834651569117141889e-01
-8.273769423739107953e-01
-9.724058221632184695e-01
5.841337439146123689e-01
8.165427595151386608e-01
3.524524497847116855e-01
-5.081786168189968977e-01
-1.581443113856696170e-01
2.973075091215477972e-01
-9.192266826057804430e-02
-1.000000000000000000e+00
-8.510787117509083233e-01
-7.135028473931694926e-01
9.203735503523253758e-01
1.366796916173695087e-01
3.549685833693880799e-01
1.000000000000000000e+00
-8.098502474050452982e-01
1.754552285099835185e-01
1.570385443036490525e-01
-9.193899292073115515e-01
4.252662270648949194e-01
-5.251660306662021133e-02
-1.467597879567983377e-01
8.329437746308872015e-01
1.000000000000000000e+00
9.603252429995234873e-01
-3.197671077486182734e-01
6.892053695469246843e-01
3.627931748001311796e-02
-1.825637568123913423e-01
-7.685749877124065099e-01
3.580606366844314437e-01
7.323719201806428991e-01
-8.299025602670946355e-01
-9.179368340777751545e-01
-5.143878629143936454e-01
1.000000000000000000e+00
6.304363846820355555e-01
9.221416076439443721e-01
-5.315471310071683275e-01
1.000000000000000000e+00
-4.149689478136092680e-01
-2.802707820871972455e-01
8.368520068845908266e-01
8.922458215532413917e-01
8.772243266346997359e-01
-5.701913553618209729e-01
-7.372267976506842180e-01
-1.721240006348895291e-01
3.158787689470284876e-01
-1.850125483353922684e-01
1.819883464901339565e-02
9.704363745629591698e-01
1.000000000000000000e+00
-9.891607609661692280e-01
1.009993841801914982e-01
-3.910991764699538464e-01
-1.000000000000000000e+00
2.493412015016196470e-01
6.749754196060162581e-01
6.976337570861472770e-01
7.207104728411146688e-01
4.331708410665979780e-01
-8.584283196593445187e-02
5.082270539870537007e-02
-7.499518635727253635e-01
-2.441129639442379817e-01
-2.095671465443909032e-01
8.934513528850682729e-01
-2.444554233842304303e-01
4.377099740793204408e-01
6.541684271896111014e-01
-2.727652447743508235e-01
7.229210266937711182e-01
8.146285004005895392e-01
-9.397850874386143305e-01
1.000000000000000000e+00
1.000000000000000000e+00
-8.651470277496198236e-01
6.050171007374303134e-01
-1.000000000000000000e+00
-3.235107392664369197e-01
-8.250743621723580778e-01
5.929844789776033132e-01
-9.352327380950041791e-01
2.987610132890838877e-02
-7.767067773330090796e-01
1.334302863573619824e-01
3.765597587795788126e-01
-5.860833800287517104e-01
-1.956143161964197241e-01
-4.599401190657260718e-01
2.698210895473418525e-02
-2.506622264779855280e-01
2.165928358016267485e-01
-1.350160809720091226e-01
-5.791915555465303456e-01
1.094508777590124105e-01
-7.939093909832276585e-01
-5.960803545194806041e-01
-1.000000000000000000e+00
1.000000000000000000e+00
2.574970645609055975e-01
7.458410066590159815e-01
1.773452316839918552e-02
4.726524089024020103e-01
-3.420605706666023371e-01
5.528213582823124916e-01
-1.939741400406411187e-01
-8.806040221437051452e-01
1.000000000000000000e+00
7.422309727169169591e-01
-1.000000000000000000e+00
-1.365713364635979810e-01
7.547389860365891767e-01
8.153408002968531854e-01
-8.129016331572730403e-01
1.000000000000000000e+00
1.930080071553930132e-02
-1.758424750502737277e-01
5.753845347266062227e-02
9.768821687850590685e-01
7.374817371500272944e-01
1.701564381836340178e-01
5.934289127343166381e-01
4.378647420105244992e-01
2.087188659990479866e-01
-8.042295590152608309e-01
7.088503385408315705e-01
