1.000000000000000000e+00
7.201584066602323420e-01
4.230337075444928763e-01
6.245521405587450836e-02
-8.124244035955413556e-01
4.535546950352525863e-01
-1.383140480218956192e-01
6.766046319902129236e-01
-5.268622998232653787e-01
-1.000000000000000000e+00
-9.052939926134955240e-01
5.332456170900712333e-01
6.157276679135000874e-01
-7.562595760685469903e-01
5.287722088590378622e-01
9.216360925256960046e-01
3.011536628649763014e-01
-4.756439687469534716e-01
-7.890667440330697557e-01
1.000000000000000000e+00
-8.757755095885509933e-01
2.522013868158319919e-02
9.598012774418445137e-01
6.741543848541345918e-01
7.554493483993360847e-01
-6.236968360967061198e-01
1.599241004957292489e-01
4.659971543240314373e-01
4.567116171162307614e-01
-1.000000000000000000e+00
-7.896213138242285101e-01
-5.313038286484268458e-01
-5.742275309072406575e-01
4.612132631860904608e-01
1.554938526806960708e-01
7.393112426958542427e-01
4.806623505549295072e-01
-2.844845647981754100e-01
-7.306900851540387709e-01
2.964844886115365896e-01
5.659320840359201021e-01
-1.962061622789516013e-01
-1.732947105113432501e-02
-8.753362395200128265e-01
4.456511211063863831e-01
-2.212046863564556265e-01
-2.477108540369149514e-02
6.288517196677362309e-01
5.453616937188109359e-01
1.349891382000161233e-01
-4.731385037638678459e-01
6.781028592133070410e-01
4.422171118137127599e-01
-4.569407530887259483e-01
-9.358187155900217213e-01
7.420167672703663619e-01
-9.410161257330005302e-01
9.432918061284909506e-01
-7.333875626148660398e-01
-3.454921702776057035e-01
1.575156333860327218e-01
-1.000000000000000000e+00
3.480622351517089763e-01
-3.806811534532620472e-02
2.925088835666099785e-01
-9.265047551653937674e-01
-4.608892261599387141e-01
-8.153663970911476655e-01
6.524720304377576996e-01
5.148682633307481993e-01
-4.382547595423388342e-01
-1.617855989332861455e-01
-3.256739086324882404e-01
-1.047922608437284464e-01
1.282297801452719488e-01
-5.730033764004374142e-01
7.461640008317247386e-01
7.401533681778434959e-01
-3.384708319866699400e-01
-9.874379628613776383e-01
-8.789891302791629224e-01
-8.222878541446362322e-01
-3.079547088775378416e-01
4.279417921038561889e-01
-6.946920072255391432e-02
-6.417941312126069775e-01
-9.229530220015892406e-01
-1.754805625511116629e-01
3.274663627056505488e-01
5.838473150238103759e-01
-7.097204303030958394e-01
-5.461544613119573288e-01
6.240234110599054418e-01
6.306104724046042165e-01
-8.126385166540788241e-01
3.183420262178793814e-01
-1.525890377429216516e-01
4.785836070170415013e-01
8.337125565068141952e-01
-5.584396216245706146e-01
-7.604773260195863971e-01
-8.639572661615153581e-01
2.839679375028887343e-01
1.420445948084687604e-01
-1.856619977104623231e-01
9.047842609042587858e-01
-1.000000000000000000e+00
3.499406307419614115e-01
9.037659268858311279e-01
1.065463107555967848e-01
9.868523837333973425e-01
-5.524865970281961358e-01
-8.905204812208937781e-01
-1.000000000000000000e+00
-1.791898505107660522e-01
2.731265667347979043e-01
6.545784793688728120e-01
-5.620486478225152904e-01
6.738642535790467791e-01
5.468599679608909803e-01
9.574021020764382772e-01
-4.048359899431495657e-01
9.444398240601904471e-01
-8.099785297269779250e-02
7.829653781737813123e-01
-2.562429936203109437e-01
-1.552025693760036296e-01
-8.797577958788195263e-01
1.000000000000000000e+00
1.956905349548782036e-01
6.959674851436559173e-01
-3.874793935616801521e-01
-9.357971122391292029e-01
-7.514771857866212601e-01
-8.342957706769400517e-01
6.792258041534993129e-01
-8.384402682239875393e-01
5.151407541108841970e-02
-9.139733873681721299e-01
7.450648420333918498e-01
1.494607637766859620e-01
2.148883691487200598e-01
-6.387945324572129602e-01
-8.112385346472732461e-01
8.098370290992422671e-01
-4.105866572436957518e-01
5.434434301281582114e-02
-5.532038416254998481e-01
-5.424736158675906861e-01
-7.231368728443124949e-01
7.180273048701749650e-01
-8.096480369942365973e-01
3.564051654223157617e-01
7.188340040309415535e-02
8.701969696672160470e-01
2.023808280012598382e-01
7.547036195607977893e-01
5.521707488517202389e-01
-1.446252597616218827e-01
9.113989915636551142e-01
1.000000000000000000e+00
2.845663644351665855e-01
-9.271084999107206404e-01
-8.277079930675632635e-01
7.585292529292017583e-02
-3.566281312880020260e-01
8.414651065165349442e-01
6.680152013933207122e-01
-7.992869674438640715e-02
6.533333950134860846e-01
-8.504913721039968344e-01
4.087893696539923738e-01
-1.000000000000000000e+00
6.100869389383216657e-01
3.825620607383549698e-01
1.617923017976790612e-01
2.831831546877662253e-01
-9.449693830692795782e-01
3.456264520113385696e-01
-8.427829473579553921e-02
-5.578053793750807898e-01
-5.256092502076470385e-01
-6.607527493105971317e-01
1.266862152568979938e-01
5.191527799639901186e-01
4.803848356637263617e-02
8.518721344928956718e-01
1.000000000000000000e+00
-7.147215868774877690e-01
8.645582066742290017e-01
-9.243994448418805243e-01
3.563432816884305465e-01
1.848275585607907501e-01
8.194818251263401576e-01
7.960425841142277914e-01
-9.337677697485919914e-01
5.985306328142755428e-01
-9.190545798125899779e-01
7.475951439426278267e-01
-9.865607570522739733e-01
1.412916403663356905e-02
9.188307196910131536e-01
-1.000000000000000000e+00
-1.253909665147451280e-01
2.132197847768633192e-01
-6.530299640624961377e-01
9.203043332281424238e-01
-4.776939555011393002e-01
8.825123462671149444e-01
2.665829844666810500e-01
-2.191606240121501403e-01
-6.322003683013546205e-01
9.030127792561981614e-01
4.181862104051371487e-01
-8.372704457165613956e-02
6.740159514872481328e-01
-1.586888638854008216e-01
-8.010321830163564805e-01
6.298321887427738019e-01
1.896243407239733836e-01
9.103104105004622415e-01
-8.952392500196751923e-01
-4.907905223757394464e-01
5.451352874271810922e-01
6.217981147296495203e-01
9.240580037263000923e-01
-3.763725141361990434e-01
5.999598044479395043e-01
4.081385864393113350e-01
-7.859903858569604607e-01
1.000000000000000000e+00
2.015646402712660268e-01
1.000000000000000000e+00
8.262168490352711503e-01
7.312491506000473596e-01
-9.668338708780201962e-01
9.428655769959010113e-01
4.391200637278302454e-01
3.303855079005729722e-01
1.398830084759510595e-01
7.580318870149409527e-01
-7.711262308280650846e-01
6.817930434800993922e-01
8.082545150348352525e-01
3.992062811664612854e-01
-6.082679200469504055e-01
-3.760555042579789842e-02
9.042542864807897596e-01
9.285655058824645591e-01
9.529025532122753495e-01
-1.877449042693253300e-01
-9.640561826868477846e-01
-4.725908514070676358e-01
5.448471674144407251e-01
8.841558831880595992e-01
-9.644886469865968648e-01
5.468100652310405874e-01
-4.460209892972033519e-01
-8.841211416134366896e-01
5.273744664156256867e-01
6.677074385284392788e-02
9.428702360999335896e-01
1.000000000000000000e+00
3.109953734994461705e-01
7.645968290682448876e-01
