-1.000000000000000000e+00
4.687974591198150742e-01
-1.000000000000000000e+00
-9.696450403722592926e-01
9.677298605249948782e-01
9.780778966870550262e-01
7.612896116626701737e-01
4.592522304381932985e-01
1.000000000000000000e+00
1.000000000000000000e+00
9.795553308088063016e-01
6.535749269583079890e-01
9.763405919938805688e-02
2.778060033062881296e-01
9.658927427141430488e-01
-8.493844341437242207e-01
-3.698064165017717619e-01
2.148762094016624102e-01
5.745867288167431086e-01
9.759402225031073019e-01
9.681722164225461391e-01
-3.645064847465021018e-01
-8.084411202373027461e-01
-9.573633781269981213e-01
-9.741018181220040262e-01
-9.774031583318402161e-01
-1.537921702865014950e-01
1.474324567215928861e-02
-2.118161138200675975e-01
-5.795754019286594172e-01
6.919949755676215730e-01
9.784433919367087062e-01
-1.313159070600993239e-01
9.792225565967646039e-01
-4.158660320129755616e-01
-8.658597570571398006e-01
-9.743462791749285534e-01
-7.366513961379266284e-01
-4.857912991680667369e-01
5.067359987007129529e-01
4.598298293624514810e-01
3.577083394020408313e-03
5.356263929172503380e-01
7.873860669837051685e-02
-7.053490566578728416e-01
8.030404643353529215e-01
-8.651595796207387501e-01
-9.786839055656328945e-01
4.636594270083126967e-01
5.499429259317321073e-01
6.434167267404916624e-02
1.000000000000000000e+00
-6.167437468490637453e-01
9.768447191585085676e-01
1.309817857957107368e-02
5.408237559287668583e-01
-2.941649887794250962e-01
2.203007613484424532e-01
-3.002673388316924319e-01
6.993839699241228836e-01
-7.807537739991186054e-01
-3.500197566326138654e-01
9.866161907573580692e-01
1.268631186957638324e-01
-9.665215685286105973e-01
-3.854207629954085057e-01
9.900851615471708556e-01
-2.998655737295243817e-01
-9.745106268074786859e-01
-3.833928175587413834e-01
9.968832954996059703e-01
-1.000000000000000000e+00
9.655727026587108686e-01
2.743013346442518263e-01
-4.930088273054704651e-01
9.698693717656590163e-01
8.889539949205222946e-01
9.730691827593166421e-01
1.942676794336839485e-01
8.628933270833791802e-01
1.351261220081826364e-01
-1.000000000000000000e+00
-2.263499533237667283e-01
-4.170067022665955303e-01
8.810523683905371328e-01
-4.711567963072182952e-02
-2.082285228213175410e-01
-5.682314738085043615e-01
3.881395216915826119e-01
5.226796411231943162e-01
9.618619621521431462e-01
2.770591747376260905e-02
-9.267211713644796234e-01
1.000000000000000000e+00
9.946731533479722387e-01
8.152708583767597217e-01
4.718390694455124601e-01
9.793626465520997026e-01
9.603712862957366481e-01
9.387592276719850526e-01
-1.247465707350685626e-01
1.000000000000000000e+00
9.787511181498722568e-01
-1.000000000000000000e+00
3.002180821497019148e-01
-9.573633781269981213e-01
1.000000000000000000e+00
-9.361338443529310105e-01
-3.549312818615545928e-01
5.116839159922355329e-02
-4.831727146182472343e-01
-6.353480712025826316e-01
4.903918444404578025e-01
6.673335770468865613e-01
-9.329399394069068929e-01
-1.115575746153757430e-01
-9.892910760094315581e-01
-6.601009517200202570e-01
5.540776479152866724e-02
-9.777070049485772074e-01
8.440214818540350272e-01
8.276751549036821531e-01
-9.866792789984352163e-01
8.902668954688165437e-01
-5.638860215496532824e-02
-8.313463261323387199e-01
-9.892895062955054941e-01
-4.760397529850826093e-01
-9.645138571449051179e-01
-9.692420603860298911e-01
1.000000000000000000e+00
4.293763594986803600e-01
-1.753334807923224714e-01
9.655727026587108686e-01
-2.404505848888724984e-01
-1.978193546807764103e-01
1.000000000000000000e+00
3.078511220441598750e-01
3.388196692512572827e-01
-6.952471924753023114e-01
1.000000000000000000e+00
8.871208320097934141e-01
4.246877712730138255e-01
-7.473598522553364099e-01
-8.030906923530655162e-01
-9.099401019389697920e-01
-3.490402042481409728e-01
-5.702661560362929372e-01
-4.737373032995273459e-02
-9.812810573077143106e-01
-5.079275940791341259e-01
9.804111110216244818e-01
6.642477862534703625e-01
-5.521416788831163824e-01
1.000000000000000000e+00
-1.529977934077733914e-01
-3.638832281959292758e-01
1.000000000000000000e+00
1.028826814107832721e-01
-9.849108348491556475e-01
-8.317018087249550273e-01
-9.980731490370384762e-01
9.156309191424248928e-01
-1.234972238694206359e-01
-1.000000000000000000e+00
4.764061494524352014e-04
9.805290095871777023e-01
9.679439723751165348e-01
7.441275145940998703e-01
7.818065726008707195e-01
9.832615600049938731e-01
-5.375551994845343406e-01
1.256676811344439315e-01
7.570780981386011632e-01
8.316218149606748877e-01
-1.267568248448111001e-01
-1.088054426993828594e-01
9.953521981294455312e-01
1.707964553594433776e-01
4.606428844885949170e-01
-6.763937962254702452e-01
6.012625334969856628e-01
-3.546906024140076275e-01
-9.916942276919740173e-01
-6.289400908858784334e-01
6.292488372023908871e-01
3.506903541785918454e-01
-1.224271195786093003e-01
3.158015265949198902e-02
7.908634453075509274e-01
9.791090944605143065e-01
2.623493807353249330e-01
3.575156143171885348e-01
-1.000000000000000000e+00
-4.386873076723896148e-02
-4.545960425419692807e-01
7.627461807760516077e-01
-9.662942652933903531e-01
6.429068928946332084e-01
1.000000000000000000e+00
5.129172975739704210e-01
8.310964353983656405e-01
4.332466695409692981e-01
-8.965809447838432034e-01
5.598430678050541065e-01
2.633471762231401336e-01
-8.092972630895745034e-01
2.358251886102374906e-02
-1.000000000000000000e+00
-9.639105512311575419e-01
6.866414933767202022e-01
1.265948039488002941e-01
1.434621181416544933e-01
1.000000000000000000e+00
-8.803687127291297543e-01
-9.573633781269981213e-01
4.741971907572215539e-01
1.000000000000000000e+00
7.368312474266890399e-01
-1.000000000000000000e+00
-3.980678634418757245e-01
9.987257650342359350e-01
1.000000000000000000e+00
2.074701786257022729e-01
9.686067627032503013e-01
-9.719972470114930374e-01
-9.682032888237683821e-01
-1.000000000000000000e+00
3.484082523636627959e-01
9.955853059277561812e-01
-6.516687394467738370e-01
-1.000000000000000000e+00
9.824357340266512972e-01
-3.734848756945491344e-01
-2.284767004701798720e-02
-9.871450594459073580e-01
-8.509623906427035145e-01
9.929372811166951029e-01
-1.000000000000000000e+00
-1.000000000000000000e+00
-1.000000000000000000e+00
-1.000000000000000000e+00
7.571983541795607175e-01
4.533988525211014031e-01
-6.398621002760374044e-01
-1.000000000000000000e+00
7.711106195609446212e-02
9.969688226674360276e-01
9.420426750632666657e-01
-8.558278693720241526e-01
-9.654674494722239597e-01
-9.676635240452133857e-01
8.757881172577424156e-01
9.587023280390027935e-01
9.802867119272956620e-01
-9.853506574395738404e-01
7.101644133177036355e-01
5.169771253618965501e-01
-9.787311537227930680e-01
8.262938281548162234e-01
-5.627730035398208486e-01
-9.790354407360202238e-01
-1.000000000000000000e+00
-8.193389912975712619e-01
5.666062553458284246e-01
