-1.000000000000000000e+00
-5.102512519703035210e-01
-2.473522572740649572e-01
-8.686239989300411635e-01
1.000000000000000000e+00
1.000000000000000000e+00
-1.000000000000000000e+00
-1.000000000000000000e+00
1.000000000000000000e+00
1.000000000000000000e+00
-2.462398333731574684e-02
-6.106516174009656295e-01
-1.000000000000000000e+00
-1.856777045537393311e-01
2.473522572740649572e-01
-4.162429746970695010e-01
1.000000000000000000e+00
-1.000000000000000000e+00
8.367915509792738238e-01
1.000000000000000000e+00
-1.000000000000000000e+00
7.206611581407091904e-01
-2.473522572740649572e-01
1.244723550463980311e-01
-2.473522572740649572e-01
-5.362386034565458370e-01
6.292989085882993994e-01
-2.473522572740649572e-01
-1.000000000000000000e+00
-2.473522572740649572e-01
1.000000000000000000e+00
-7.727348135653706596e-01
5.248622273554245377e-01
-1.000000000000000000e+00
-3.428428937870390270e-01
-2.473522572740649572e-01
8.022812677603234910e-01
-2.473522572740649572e-01
5.356927768421875236e-01
-6.859070271191720636e-01
-1.000000000000000000e+00
-5.941243099133761696e-01
3.016099811611281378e-01
-1.000000000000000000e+00
-8.889152295742563936e-01
-2.473522572740649572e-01
-4.473331540557147767e-01
1.000000000000000000e+00
-2.039411273821249981e-01
2.473522572740649572e-01
-2.473522572740649572e-01
-2.957014621290188217e-02
-1.000000000000000000e+00
1.000000000000000000e+00
1.317229924894682824e-01
-4.205884652602972507e-01
-7.034045800230541712e-01
-1.000000000000000000e+00
1.000000000000000000e+00
-2.195907247751749392e-01
1.000000000000000000e+00
-5.606058489661082112e-01
-2.473522572740649572e-01
-3.446823848306094784e-01
-2.525616732376409490e-01
-2.953408116303680719e-01
6.430768109013837996e-01
7.199301722020130523e-01
-1.000000000000000000e+00
-4.282919092764286839e-01
5.753571372747136037e-01
6.119765136569579322e-01
8.277770230158225662e-01
8.061331305120387203e-01
-1.000000000000000000e+00
2.473522572740649572e-01
-2.473522572740649572e-01
-1.000000000000000000e+00
1.000000000000000000e+00
2.473522572740649572e-01
4.960529215278786097e-01
-6.796300238489771939e-02
1.000000000000000000e+00
-1.660071019345553678e-01
1.000000000000000000e+00
1.000000000000000000e+00
7.549230407278086918e-01
6.436453756838145246e-01
-1.000000000000000000e+00
-2.408592114228954584e-01
1.000000000000000000e+00
1.000000000000000000e+00
3.204993791848816942e-01
7.053126726940668334e-01
1.000000000000000000e+00
-9.344160562773929923e-01
1.469246563816007378e-01
9.414943668667823395e-01
-6.194972908454690064e-01
-8.782701609967111800e-01
-1.000000000000000000e+00
1.000000000000000000e+00
1.000000000000000000e+00
9.114346878811676600e-01
-7.357608087156497501e-01
8.088036015194737249e-01
2.473522572740649572e-01
2.473522572740649572e-01
1.000000000000000000e+00
-2.473522572740649572e-01
-6.647620211233447041e-01
-1.863569494942745597e-01
1.000000000000000000e+00
-2.473522572740649572e-01
-6.360733491541690210e-01
-1.000000000000000000e+00
2.473522572740649572e-01
-5.148564079549957651e-01
-7.482419167318852260e-01
2.473522572740649572e-01
1.000000000000000000e+00
-1.000000000000000000e+00
5.011036659789712688e-01
1.000000000000000000e+00
6.060690645267370336e-01
-4.246469286989620340e-01
1.230116712630572318e-01
-1.000000000000000000e+00
-2.473522572740649572e-01
1.000000000000000000e+00
1.000000000000000000e+00
1.898114102906137968e-01
1.000000000000000000e+00
5.883256878338435358e-01
1.000000000000000000e+00
-2.473522572740649572e-01
-8.704604353953570017e-01
-3.503013057345989445e-01
-7.698257432263114763e-01
3.795819271506505332e-01
-2.473522572740649572e-01
-2.404023293602540190e-01
-2.633832609916025858e-01
-8.377349213490322688e-01
1.989442264397704718e-02
1.000000000000000000e+00
2.473522572740649572e-01
2.473522572740649572e-01
-1.911698556826242346e-01
1.000000000000000000e+00
1.000000000000000000e+00
-2.473522572740649572e-01
-8.957446737954292137e-01
1.000000000000000000e+00
-9.732049064751703282e-01
6.435403101457553010e-01
8.103247111290332594e-01
-2.473522572740649572e-01
1.712350219809037899e-01
-4.632997394876756658e-01
-1.000000000000000000e+00
8.355098067348024626e-01
-9.387350780806921202e-01
-1.000000000000000000e+00
-7.080827088150816184e-01
-1.000000000000000000e+00
-1.000000000000000000e+00
-7.896813905290691604e-01
8.775666633297004582e-01
-1.150511934367367539e-01
-1.000000000000000000e+00
1.000000000000000000e+00
-2.473522572740649572e-01
1.000000000000000000e+00
1.000000000000000000e+00
-1.000000000000000000e+00
1.000000000000000000e+00
-1.000000000000000000e+00
-7.005961252543223550e-01
-7.079570171049067717e-01
2.745308879507245559e-01
1.000000000000000000e+00
1.000000000000000000e+00
5.279779784109841501e-01
1.000000000000000000e+00
-1.000000000000000000e+00
-2.459847886412334095e-01
-1.000000000000000000e+00
-1.000000000000000000e+00
5.832228352563855189e-01
2.674238875804620941e-01
-1.000000000000000000e+00
-2.473522572740649572e-01
6.549094376070399015e-01
-2.473522572740649572e-01
-7.319462798582480056e-01
-2.473522572740649572e-01
7.995941779200672617e-01
-2.473522572740649572e-01
2.441679546941745715e-01
2.473522572740649572e-01
7.049585145687528032e-01
-1.000000000000000000e+00
-4.461235110989895114e-01
-4.755052390665833739e-01
-2.473522572740649572e-01
-2.840613079687338560e-01
-2.159332806276004213e-03
-3.612880107936047303e-01
1.000000000000000000e+00
-4.775190420258541568e-01
8.335054171130245049e-01
1.000000000000000000e+00
6.119370041082197176e-01
6.111991340164284470e-01
-8.091550545177541576e-01
7.396810474069237529e-01
-3.147569082719496869e-01
2.927613623188631831e-01
-2.473522572740649572e-01
2.380525565998908855e-01
-9.832643403458037890e-01
-2.519724832538065007e-01
2.473522572740649572e-01
-4.203634660539856682e-03
-1.287235092733338693e-01
-9.619453084232273410e-01
9.016789091199925998e-01
-1.000000000000000000e+00
-1.000000000000000000e+00
4.777983465391166806e-02
-1.000000000000000000e+00
2.161571990816567035e-01
1.000000000000000000e+00
4.179013115858355443e-01
-3.610146675075720513e-01
6.038721615234516893e-01
1.000000000000000000e+00
1.000000000000000000e+00
1.000000000000000000e+00
-6.502391264686228078e-01
-6.018281951834114629e-01
1.000000000000000000e+00
6.232496828906217146e-02
-5.220511978008124387e-02
2.157070121905348414e-01
9.342661600047679205e-01
-4.616119874159293479e-01
-1.000000000000000000e+00
1.000000000000000000e+00
-8.233424346971480734e-01
-2.473522572740649572e-01
2.473522572740649572e-01
1.000000000000000000e+00
6.566227827957058505e-01
6.810037308042624637e-01
-2.473522572740649572e-01
1.000000000000000000e+00
1.000000000000000000e+00
1.000000000000000000e+00
-1.000000000000000000e+00
2.473522572740649572e-01
9.667814348455447959e-01
4.361188376777871412e-01
1.000000000000000000e+00
