3.678015356685598314e-01
-1.000000000000000000e+00
6.279558853688582687e-01
1.000000000000000000e+00
-5.822754386892834422e-01
-1.000000000000000000e+00
-8.855350117705288460e-01
-9.078082873437834932e-01
3.308368050381738090e-02
-4.183969398691615715e-02
1.000000000000000000e+00
-1.000000000000000000e+00
-4.227488366256312302e-01
9.312921230319717303e-01
-3.473732179611251913e-01
9.452784777938989524e-01
-2.790407980246558672e-01
-1.000000000000000000e+00
1.000000000000000000e+00
9.351287110814142378e-02
3.672654018273304732e-01
-1.851088601667102984e-02
-1.000000000000000000e+00
-1.000000000000000000e+00
5.563516020030966347e-01
1.000000000000000000e+00
-1.000000000000000000e+00
-1.421533267741343365e-01
-7.082919448855536926e-01
7.340523617636269815e-01
1.000000000000000000e+00
1.000000000000000000e+00
-8.255610148709102702e-01
6.106391041316482360e-01
-1.000000000000000000e+00
2.449515889153797976e-01
-3.913882708579882741e-01
-6.803075310408163157e-01
-6.672483812230662892e-01
1.604536849544246357e-01
1.000000000000000000e+00
-1.000000000000000000e+00
1.341100425997173440e-01
9.810328911964930620e-01
-1.000000000000000000e+00
6.399152402186518707e-01
-3.564918418992180649e-01
7.777472781919205769e-01
-1.000000000000000000e+00
6.897397006401624342e-01
-7.407658979535188815e-01
-8.720114519781209106e-01
-4.570477131326309284e-01
9.344246010185448537e-01
1.000000000000000000e+00
-3.804600365166366238e-01
9.074010982389231206e-01
1.000000000000000000e+00
-1.000000000000000000e+00
-9.544802253196305042e-01
3.142512863639592702e-01
2.650405744735344626e-01
-1.000000000000000000e+00
-4.752462831226063056e-01
9.663795943446824577e-01
1.000000000000000000e+00
1.277541457893538457e-01
1.000000000000000000e+00
8.891812538154889589e-01
3.995378191885254338e-01
1.000000000000000000e+00
1.000000000000000000e+00
-9.587768294148882875e-01
6.480815050329991056e-01
-1.000000000000000000e+00
2.217884650923999668e-01
1.000000000000000000e+00
7.580771966262510597e-01
2.338853034981552836e-01
-1.000000000000000000e+00
7.117250319006218628e-01
5.578886385196846209e-01
1.000000000000000000e+00
-9.977189005803389632e-01
-7.139831561831772033e-01
-1.000000000000000000e+00
4.693673210153770370e-02
5.184849159207508551e-01
1.000000000000000000e+00
5.479732504614887034e-01
-5.387791650464300863e-01
-7.703212452202991001e-01
-1.000000000000000000e+00
1.000000000000000000e+00
9.551265202915449892e-01
-7.527209394341778381e-01
4.313043173768315031e-01
2.504806363089651794e-02
9.644491402272611369e-01
1.298337449691853995e-02
-1.000000000000000000e+00
1.000000000000000000e+00
1.000000000000000000e+00
-2.752717131410471474e-01
5.096673294415632327e-01
9.054936337259054113e-01
-1.146101251792636111e-01
-2.049698232759390726e-01
9.988727152736244230e-01
-1.000000000000000000e+00
-1.000000000000000000e+00
9.531495200230630238e-02
1.000000000000000000e+00
1.902661727057713970e-02
-1.000000000000000000e+00
-5.917555565060141909e-01
-1.537889279409949683e-01
-4.229060107502194410e-01
4.313302788751807171e-01
5.161927438811330093e-01
1.000000000000000000e+00
-9.876866352078490507e-01
5.279751322420932480e-01
-1.000000000000000000e+00
-1.371405629437326135e-01
-9.898757431236563376e-01
-5.033862429386966042e-01
9.980149757300066371e-01
-9.169809034573203066e-01
-1.907822705128146834e-01
1.000000000000000000e+00
8.705774980978047140e-01
-1.000000000000000000e+00
1.000000000000000000e+00
1.000000000000000000e+00
-1.241341937564664488e-01
-1.523413215061822368e-01
9.470402089285054892e-01
-1.000000000000000000e+00
1.000000000000000000e+00
3.516245426760059578e-01
-3.566225309474810312e-02
1.000000000000000000e+00
5.048856997352877407e-01
1.000000000000000000e+00
1.000000000000000000e+00
-3.529340616943751896e-01
9.737604855728387854e-01
-9.533925482907581461e-01
-7.900763419655143505e-01
8.380807432525614331e-01
9.697739154700769637e-01
-1.000000000000000000e+00
-9.923038855529400237e-01
9.456108183659811539e-02
-1.000000000000000000e+00
-9.325693182759047239e-01
5.808249564495191475e-01
8.233941457173324929e-01
1.000000000000000000e+00
1.000000000000000000e+00
-9.452185383580197220e-01
1.000000000000000000e+00
-4.676479362409038942e-01
-1.000000000000000000e+00
1.000000000000000000e+00
-3.584877838323352606e-01
8.162058515903428679e-01
8.346942896080675744e-01
3.038522416693631434e-01
-6.169958556867807253e-01
1.000000000000000000e+00
-1.000000000000000000e+00
5.761898385902528563e-01
8.387668868612307982e-03
1.000000000000000000e+00
-8.773626551832756082e-01
-1.000000000000000000e+00
1.117200657453209511e-01
5.221781422230923342e-01
-1.000000000000000000e+00
-1.340107815194740981e-01
-8.370737030781698618e-01
7.436113858992399184e-01
-9.334074649165791104e-01
9.937232037562457876e-01
-6.565082643493974635e-01
6.679946679188559777e-01
-7.930660646463355556e-01
5.503521161921076654e-01
-5.421371125199896390e-01
-2.702585517969436357e-01
-5.514471911213854050e-01
-8.818432216237099830e-01
-8.697191745455512546e-01
1.000000000000000000e+00
8.978045304167961982e-01
9.244777567972699561e-01
1.000000000000000000e+00
1.000000000000000000e+00
-2.765306148358748217e-01
4.827459541743415322e-02
9.983116388945721953e-01
-7.373198822861701807e-01
-4.342140071969369242e-02
1.000000000000000000e+00
-1.000000000000000000e+00
7.285696402841622399e-02
-1.000000000000000000e+00
7.775810780197316419e-01
1.000000000000000000e+00
2.211855182548187193e-01
-8.251884901159521890e-01
-8.730114850577833652e-01
1.000000000000000000e+00
-1.702354662757166182e-01
-1.000000000000000000e+00
1.000000000000000000e+00
-2.852637594176476998e-01
9.985114884880110786e-01
5.805143375298763564e-01
4.879901027847587391e-01
1.000000000000000000e+00
9.314113548891456151e-01
1.000000000000000000e+00
-3.691392004178492003e-01
1.000000000000000000e+00
-1.454811990361555563e-02
8.947068968616310736e-01
7.463458723147182727e-01
-1.000000000000000000e+00
-8.064192550379987168e-01
-5.557990580082466936e-01
-7.333953879302899104e-01
4.679105066300638938e-01
7.789098416529458002e-03
2.200950266055182736e-01
6.794293025778753714e-01
-9.377603450565101806e-01
-1.000000000000000000e+00
-5.322380478386830038e-01
8.269154375191205553e-01
3.559943617994374421e-01
1.000000000000000000e+00
-6.549641291742105409e-01
6.988598055294061862e-01
1.000000000000000000e+00
5.813759246469010211e-01
-1.000000000000000000e+00
-8.332812927205452969e-01
-1.000000000000000000e+00
-1.000000000000000000e+00
8.557595418279668742e-01
4.809574767533895678e-01
1.000000000000000000e+00
-9.806663662079406762e-02
-4.815218676770727235e-01
1.000000000000000000e+00
8.280136327541001151e-01
9.907062354187350095e-02
-1.000000000000000000e+00
1.000000000000000000e+00
-5.153971820550570238e-01
1.000000000000000000e+00
-9.354922680941465396e-01
