-7.621004709897721829e-02
4.686003334742346316e-01
6.716557702633665916e-02
-3.872264231782645560e-01
-4.965286861995124035e-01
8.805517537111218207e-01
2.976563319487798287e-01
1.072124952113799462e-01
1.051773313156820072e-01
2.282877467606396482e-02
2.163644601576910492e-02
8.466931409342269843e-01
-4.789536010775573283e-02
2.525756726123047358e-01
5.984775565655831020e-01
-4.188585467635411730e-01
7.317738538311424623e-01
-1.742993651220166307e-01
4.224221809569349007e-01
2.724203517053263024e-01
-1.819391949566354916e-01
1.000000000000000000e+00
4.127903762102162755e-02
-4.545707192186234646e-01
9.577887784327903109e-01
-2.764332956352757442e-01
-5.770953155738951512e-01
-2.348219683568349980e-01
5.165829240463235550e-01
-4.798469236462992171e-01
-1.319608298017911907e-01
-6.667981738976741513e-02
-9.200765905747355644e-01
-1.000000000000000000e+00
-4.182129106171125765e-02
-9.558590871307905967e-01
-2.609510523746671334e-02
5.129181184838087493e-01
-3.435757064566674068e-01
2.759708227677811210e-01
1.000000000000000000e+00
4.073568725458442952e-01
6.826503553039267591e-02
5.084635201182332587e-01
4.994388885798556887e-01
-6.272642659033904611e-01
1.000000000000000000e+00
-7.452746511422454478e-01
3.619795661870540693e-01
2.600017469464329101e-01
4.098187357035575906e-01
4.620659709994018871e-01
-8.100464129507657374e-01
-6.847107396612500674e-01
8.063887576572291715e-01
1.083641005777465777e-01
6.971243306002781193e-01
5.111156996476809433e-03
-1.845264154599281503e-01
-7.243263513516082774e-01
4.936850654772896585e-02
9.563987528366558744e-01
-9.993603528625154553e-01
3.263971813598066651e-01
5.271249871225477945e-02
-1.242861609862636885e-01
4.412919850669494437e-01
-5.573260915727271669e-01
-3.841111560926975532e-02
1.000000000000000000e+00
-4.240029843291961420e-01
8.795370394233438249e-01
4.279333611411469951e-01
5.191461400269724302e-02
1.924488815966763494e-02
7.744183285895444024e-01
-2.003735945929595585e-01
7.684351754455550632e-01
1.000000000000000000e+00
-5.982241272292466716e-01
1.879275404989888820e-01
1.000000000000000000e+00
5.238927332680534121e-01
3.769056149972106473e-01
-9.631389844605844908e-02
3.857411797776032492e-01
-5.199089478427358912e-01
-5.924009961488356790e-01
-6.901152450076135647e-01
-2.234331521786742381e-01
-1.168153517244183009e-01
-4.100276177909250447e-02
-1.111390854071271500e-01
9.280683343725335543e-01
-2.853428233502735556e-01
-1.000000000000000000e+00
1.000000000000000000e+00
-4.421873010929197045e-01
1.281948812283801586e-01
4.026817931413804730e-01
-2.285849649606491452e-01
-4.033842650700613652e-01
1.945523401509939576e-02
4.823658041087052761e-01
-9.219947286988797730e-01
-1.151928044742711460e-01
8.168565002046712653e-01
-6.437984857038808739e-01
-9.446300570227750271e-01
1.914962330237821031e-01
-7.365562284673370375e-01
9.079502343674594744e-01
1.919344363238887907e-01
-1.000000000000000000e+00
-1.000000000000000000e+00
-5.166038069302092417e-01
-5.782725372241843687e-01
-7.916330076898682178e-01
-1.000000000000000000e+00
9.576431624757597572e-01
4.970646627181963817e-01
-2.500547570654858553e-01
-2.759292050610714919e-02
-3.262001207596506580e-01
-3.356626967427621122e-01
7.756507152970997243e-01
9.022204530932869115e-01
-9.752313842531074028e-01
-2.383371824885790191e-01
-9.399639784817597210e-01
2.956800380863693900e-01
7.024841287238993148e-01
1.263999068670610404e-01
7.969413860132255056e-01
1.000000000000000000e+00
2.868341894247390944e-01
-9.172294054787147322e-02
5.678510509037143494e-01
-1.724904975468705692e-01
-3.201430592814318021e-02
-3.839081466020550781e-01
7.052182236566229001e-01
-9.186171292107460085e-01
-3.634930267412770366e-01
-1.232972807629394568e-01
-9.058955822627237087e-01
4.545557330925156792e-01
-9.219307566366723439e-01
-8.331398674742397370e-01
1.469868260896945167e-01
-1.000000000000000000e+00
1.000000000000000000e+00
4.487668960503833349e-01
-9.328398952030151348e-01
1.482196931568570686e-01
4.447250110429656900e-01
-8.112220215528398448e-01
-1.874069063970509319e-01
4.180381562341811685e-01
2.936578108027279588e-01
-7.084436177496132581e-02
-8.192185939798176664e-01
-2.252559276703123281e-01
5.131347594558637315e-01
-2.239573688788875083e-01
6.688481211802320692e-01
1.438952764480163626e-01
5.510242249487922184e-01
-4.160714664808795593e-01
-1.648709222688372888e-01
6.293423099246987507e-01
-1.000000000000000000e+00
-4.152909947877282404e-01
9.256842917434912055e-01
-4.359776850543753968e-01
4.731315745227653302e-01
-7.576758868512917244e-01
-5.743257681689051264e-01
4.877538252656723472e-01
-6.783380545407816098e-02
6.522335620848606075e-01
7.002852291612775559e-01
-2.623593744744006639e-01
-2.014777041101170063e-01
-9.966918645507905072e-01
-5.429376905163748601e-01
9.897326763918767867e-01
1.770635806516413224e-01
6.803890907334122495e-01
3.735902137984709742e-02
-7.092848752090511466e-01
1.000000000000000000e+00
5.005359631622506855e-01
-5.464239221479922914e-01
2.402319012649076768e-01
-1.654978441624245511e-01
-1.000000000000000000e+00
2.853954301753355849e-01
1.543455073303750744e-02
7.073909777879550109e-01
3.785498427329282711e-02
-9.776731770626018170e-01
3.725094203478465094e-01
-3.919728538478118307e-01
5.576943611114545396e-01
9.936346831614337738e-01
-4.776241619814077244e-01
7.341305381086086213e-01
7.931635507845775646e-01
-1.326509818387230921e-01
-3.929963577138966269e-01
-2.502525140669092929e-01
5.511841889299178288e-01
4.412617323958147320e-01
1.740419759389092436e-01
1.032187913927717360e-01
6.353405588544223104e-01
-2.238317234393253086e-01
2.956546231338771924e-01
-6.211935793018678875e-02
-5.480244118237523887e-01
4.014137040644065457e-02
-5.257147098057218110e-02
4.667513713477637327e-01
4.057725316626998868e-01
-5.122188129916737109e-01
-5.363569193291163328e-01
-2.360259799674150338e-01
8.512978425328665555e-01
-3.805381144351258627e-01
-2.637181682239705949e-01
1.000000000000000000e+00
-6.397691685104982540e-01
-4.304383749024098260e-01
9.688394894207136288e-01
-3.786939335846916665e-01
9.944901391772664745e-01
-8.252280872246888777e-01
4.311114582689596908e-01
-8.898572427192950052e-01
-5.782949385138996812e-01
-3.537722356196778550e-01
7.292810746889806239e-01
2.064462206281138523e-01
7.408637689524970593e-01
-9.613630785758947583e-01
5.166884407818785885e-01
-4.325645751932855609e-01
-4.469374493622397387e-02
-1.774214841877221338e-01
7.429557262397158413e-01
-9.715294748295905114e-01
1.611320711718286502e-01
5.404768866914309022e-01
8.559662037749279362e-01
-5.349388974321663340e-04
-6.776336047705916465e-01
-4.200301421867773666e-01
-9.646215071207155933e-01
-1.000000000000000000e+00
4.331145601106243248e-01
9.617214446062133382e-01
1.758402985052379963e-01
5.295855742249487852e-01
-2.973958096684405916e-01
