1.000000000000000000e+00
6.958133482597741448e-01
1.000000000000000000e+00
-6.768998007513811199e-01
-1.000000000000000000e+00
-1.000000000000000000e+00
-1.000000000000000000e+00
-1.000000000000000000e+00
-6.335403839380016056e-02
1.000000000000000000e+00
-4.446629878385532919e-01
-9.612260374330090507e-01
7.651223555472659310e-01
7.665011879726641997e-01
-1.000000000000000000e+00
-1.000000000000000000e+00
-1.000000000000000000e+00
1.000000000000000000e+00
-8.534930157317787147e-01
1.369747490916065069e-01
7.638305254362646179e-01
4.998646306807677520e-01
-7.153436993153619583e-02
6.925176922728739637e-01
9.287293339405779946e-01
-7.831754476480361493e-01
-3.668316030100864933e-01
7.531109329710227174e-01
-5.377625642277632512e-01
-2.759747782165432595e-01
7.538251663523896084e-01
-1.000000000000000000e+00
6.243376921987275202e-02
-1.960095168984109515e-01
1.303616701312041437e-01
1.983681401226153329e-02
3.369651183108367254e-02
-1.000000000000000000e+00
-3.788453861807510037e-02
-4.596951024672958352e-01
7.878746964152009147e-01
1.000000000000000000e+00
-1.000000000000000000e+00
1.000000000000000000e+00
1.000000000000000000e+00
-1.000000000000000000e+00
1.000000000000000000e+00
-2.539922196606161364e-01
1.000000000000000000e+00
-1.195763405184271794e-01
1.000000000000000000e+00
2.108364436358943772e-01
-3.753145553019448383e-02
6.837010985588599654e-01
1.000000000000000000e+00
-1.000000000000000000e+00
-1.000000000000000000e+00
1.000000000000000000e+00
-1.000000000000000000e+00
-4.360324549925082005e-02
1.000000000000000000e+00
1.481076681969247244e-01
-1.000000000000000000e+00
3.717641870085508504e-01
9.965966458846421405e-01
6.560778625185416102e-01
5.430767654600358041e-01
-1.000000000000000000e+00
1.000000000000000000e+00
-9.856729869292247814e-01
-1.000000000000000000e+00
5.090854508219226915e-01
1.000000000000000000e+00
-1.000000000000000000e+00
9.890898784430738333e-01
1.000000000000000000e+00
1.000000000000000000e+00
7.448590834775249414e-01
1.597570955007007742e-01
-7.921546744185796740e-01
1.000000000000000000e+00
1.000000000000000000e+00
1.000000000000000000e+00
6.474056131234855460e-01
7.363637217052245720e-01
-7.667356548511585768e-01
-5.547178739063238911e-02
6.643232198277867484e-01
-5.429535469134971759e-02
-4.980922407211251790e-01
-2.194880234102460914e-01
3.807566673910117716e-01
-6.363532290127088542e-01
-1.000000000000000000e+00
-1.174325119327726541e-01
6.847136462498661924e-01
1.000000000000000000e+00
1.000000000000000000e+00
-1.000000000000000000e+00
-9.298207245757473816e-01
1.000000000000000000e+00
1.000000000000000000e+00
-6.626332071117300160e-01
-1.000000000000000000e+00
5.910316650044458164e-01
-1.575924738056518615e-01
-1.000000000000000000e+00
-8.476112940094502335e-01
1.000000000000000000e+00
-2.494613750986207912e-01
1.000000000000000000e+00
1.000000000000000000e+00
-1.000000000000000000e+00
-1.000000000000000000e+00
2.479961750217962169e-01
-1.527839358732049346e-01
9.642515749016082882e-01
1.000000000000000000e+00
-6.988676287898234474e-01
-1.000000000000000000e+00
-8.698447281190648805e-01
7.750585022840607019e-01
-1.378982403639754661e-01
6.637965608588548561e-01
9.179053141321179554e-01
-5.493168357064944773e-01
2.571383104737919312e-01
-1.000000000000000000e+00
-2.051997772486336136e-01
-3.738985552672207113e-01
8.530492171376568011e-01
-9.167068472329348294e-01
-1.000000000000000000e+00
-1.614905182278109641e-01
-3.931972852932310580e-01
1.000000000000000000e+00
-1.000000000000000000e+00
-1.000000000000000000e+00
-1.000000000000000000e+00
6.685221387862368969e-01
-1.000000000000000000e+00
1.000000000000000000e+00
6.145876457204690890e-01
-3.100173481170615530e-01
-9.254251198900007580e-01
-4.325067814862228466e-01
-1.000000000000000000e+00
-5.838919000000786230e-01
1.000000000000000000e+00
2.888350806826919248e-01
-2.485767092486417251e-01
1.000000000000000000e+00
6.658430297027081446e-01
-1.000000000000000000e+00
1.000000000000000000e+00
-2.966203178513729943e-01
-1.000000000000000000e+00
-9.205238118314145179e-01
7.057427776305155165e-01
1.000000000000000000e+00
-1.000000000000000000e+00
-6.244497502218420149e-01
-1.000000000000000000e+00
-4.318951012581273563e-02
9.382547315314130332e-01
-9.523528703171648679e-01
-1.000000000000000000e+00
8.747585360516163533e-01
-4.475999729662455406e-01
-1.000000000000000000e+00
3.288304664413645995e-01
-1.571305950652936989e-01
3.743746865542657565e-02
-1.321070596411724196e-01
-1.000000000000000000e+00
5.573722554029948428e-01
6.035196599688424923e-02
-1.000000000000000000e+00
5.673533085387588715e-01
-8.758949789201452285e-01
1.000000000000000000e+00
9.449219174651221076e-01
4.678142673997365275e-02
-1.000000000000000000e+00
7.761634027335991837e-01
1.350775629224492125e-01
6.778890630762146596e-02
1.000000000000000000e+00
6.836071332622888352e-01
-4.781328780516098109e-01
1.000000000000000000e+00
1.000000000000000000e+00
-3.252507587694184465e-01
-7.884625912804729131e-01
-2.406167871129649694e-02
1.429717306054903436e-01
1.000000000000000000e+00
9.008630460663622497e-01
1.000000000000000000e+00
-6.942912173954800537e-01
-6.940169247327898638e-02
-3.093341468239523828e-01
-8.418208959026006744e-01
-1.000000000000000000e+00
-9.734348218960010568e-01
1.000000000000000000e+00
1.000000000000000000e+00
4.809609282015732123e-01
8.562059622943060111e-01
-1.000000000000000000e+00
1.000000000000000000e+00
7.398323590134330274e-01
-1.071187760953505597e-01
1.000000000000000000e+00
-4.328616197346817351e-01
4.025579466382379623e-01
-1.000000000000000000e+00
7.191237312427722905e-01
-3.474368253359664260e-01
-1.656029078828037404e-01
-4.325015305354725781e-01
4.166325584335630605e-01
2.370738274948536173e-01
-1.000000000000000000e+00
3.283956025216778762e-01
9.859944839469596545e-01
9.047835650088212889e-01
9.634141881327289436e-01
-1.449775082032562779e-01
-1.000000000000000000e+00
1.000000000000000000e+00
1.000000000000000000e+00
-1.000000000000000000e+00
1.000000000000000000e+00
-8.578703416479949162e-01
-1.000000000000000000e+00
1.000000000000000000e+00
9.826816252925840711e-02
1.000000000000000000e+00
-3.586545393724696607e-01
-1.000000000000000000e+00
-1.000000000000000000e+00
-1.000000000000000000e+00
1.727387119095563084e-01
-1.809711756948079175e-01
1.000000000000000000e+00
-6.226507764621076468e-01
7.204798211550609288e-01
3.148385610129623702e-01
-8.682208014955348219e-01
-1.000000000000000000e+00
-1.000000000000000000e+00
1.404167185123837980e-01
9.702804135129952101e-01
-2.097699899818737113e-01
-1.000000000000000000e+00
-4.064222842983273853e-01
-1.000000000000000000e+00
-4.758789696715887696e-01
1.000000000000000000e+00
3.551436155748661783e-01
1.000000000000000000e+00
-2.698833506425157847e-01
-5.236575533999123788e-01
-9.293853433839398548e-01
