6.418754574047094152e-01
8.688181811948254563e-01
1.000000000000000000e+00
2.191516054016978687e-02
1.000000000000000000e+00
-9.245812921298273146e-01
1.000000000000000000e+00
-1.000000000000000000e+00
3.201222568703669391e-01
-1.000000000000000000e+00
4.835317796556463099e-01
-1.000000000000000000e+00
1.475683929971685071e-01
-7.726985839389388655e-01
-9.687850867697910262e-01
8.096236800092808661e-01
-1.000000000000000000e+00
1.000000000000000000e+00
-8.504422932432040838e-01
5.224161586398592405e-01
-6.122399831193408026e-01
6.887328880880041471e-01
-1.000000000000000000e+00
1.000000000000000000e+00
1.000000000000000000e+00
-2.865056221262491931e-01
2.602342857646100516e-01
-7.346172874867825664e-01
-3.555213431491610621e-01
5.547369786294146232e-01
3.884439415307225918e-01
-9.770125767076400791e-01
-1.000000000000000000e+00
-5.463846029539468629e-01
-1.000000000000000000e+00
9.802072761752111951e-01
5.666250493562483559e-01
9.935814297645320092e-01
-9.591363022642518388e-01
1.000000000000000000e+00
-1.000000000000000000e+00
1.000000000000000000e+00
-8.278028686221154953e-01
2.049737121177371835e-01
-4.129840124101161192e-01
1.000000000000000000e+00
-6.687285268194196330e-01
-1.000000000000000000e+00
-8.162080345636524292e-01
1.000000000000000000e+00
1.000000000000000000e+00
9.885694279052468225e-01
-1.713197728381179452e-01
1.000000000000000000e+00
-4.473114547737964963e-02
6.949643119608477360e-01
-8.585051902348119768e-01
-1.000000000000000000e+00
1.210181955838016132e-01
5.914383876755247016e-03
-1.000000000000000000e+00
1.000000000000000000e+00
-1.000000000000000000e+00
-7.244875445023106764e-01
6.698972309781013879e-01
1.000000000000000000e+00
1.000000000000000000e+00
-3.078735058817437809e-01
9.006253778212114369e-01
-1.000000000000000000e+00
6.177741376761047842e-01
-1.780052339418732865e-01
-6.049268027010803461e-01
-1.000000000000000000e+00
1.000000000000000000e+00
3.461945178883701346e-01
-1.000000000000000000e+00
1.000000000000000000e+00
-1.000000000000000000e+00
2.100137321073280994e-02
-1.000000000000000000e+00
-1.959146455116324015e-01
-1.000000000000000000e+00
1.000000000000000000e+00
1.000000000000000000e+00
3.570017299344109274e-01
1.804922432354458817e-01
-2.273534879765151118e-01
-8.820656389822192356e-01
1.000000000000000000e+00
-1.000000000000000000e+00
-8.431088074611049477e-01
9.739664149951358096e-01
-4.933089006068771543e-01
1.000000000000000000e+00
-1.000000000000000000e+00
2.426211183460186271e-01
-8.678766883523321152e-01
-1.000000000000000000e+00
1.000000000000000000e+00
-3.873657130307842644e-01
6.957659398367954662e-03
-4.913548762114161583e-02
2.008491703105653725e-01
5.633685907096360745e-01
1.000000000000000000e+00
9.067038110588897526e-01
7.488560896129655697e-01
-2.989225903049939070e-01
7.602473984455659917e-01
-7.066121565046521447e-01
1.099199747785096770e-01
1.000000000000000000e+00
5.683773041844825125e-01
3.555102702131835990e-01
1.000000000000000000e+00
-4.334910084728518243e-01
7.929497401162928227e-01
-7.099230080445897428e-01
-1.000000000000000000e+00
5.135855780284211969e-01
7.875598524743141482e-01
-1.000000000000000000e+00
-6.389458114223705021e-01
-5.962599050065164885e-02
-3.933673019504010382e-01
1.000000000000000000e+00
-2.538392306403958187e-01
4.232451505699121874e-01
1.000000000000000000e+00
1.000000000000000000e+00
1.000000000000000000e+00
-1.000000000000000000e+00
8.417826793592876333e-01
1.000000000000000000e+00
-1.000000000000000000e+00
-6.882294171937768379e-01
1.000000000000000000e+00
-5.770043220515033155e-01
-1.000000000000000000e+00
1.000000000000000000e+00
2.019932931426337008e-01
-2.609801667408895298e-01
1.000000000000000000e+00
1.000000000000000000e+00
7.152609534163851812e-01
1.000000000000000000e+00
1.000000000000000000e+00
1.000000000000000000e+00
-1.000000000000000000e+00
8.360860003279371178e-01
3.052050636038488030e-01
6.081831844965090994e-02
-3.101609237170076527e-01
1.000000000000000000e+00
5.130880521253970983e-01
-1.000000000000000000e+00
-1.000000000000000000e+00
-1.000000000000000000e+00
-8.978435542170823958e-01
9.260209738260558598e-01
1.296009658672852005e-01
1.000000000000000000e+00
1.000000000000000000e+00
1.000000000000000000e+00
-1.915795293299467628e-01
-7.150209780260400327e-01
2.436325480153246348e-01
-6.121936938316678845e-01
-1.000000000000000000e+00
4.841196633595091781e-01
1.000000000000000000e+00
1.697111204999852963e-01
-3.649850743255884655e-01
1.000000000000000000e+00
-6.113539396039785467e-01
1.840978687773275890e-01
1.000000000000000000e+00
-9.748018825241533403e-02
-8.732586030519562392e-01
7.183033757983241507e-01
1.000000000000000000e+00
6.088708919300868105e-01
-6.528054480622399458e-01
-4.456565948319897164e-01
-5.117077073175075874e-01
-5.208579124397658688e-01
-1.000000000000000000e+00
1.000000000000000000e+00
-7.776713966519011034e-02
-5.555363983585557275e-01
-1.000000000000000000e+00
-5.915800213553981113e-01
7.995178231376837141e-01
-7.207029416642678488e-01
7.791096405765415289e-01
8.061367741389910968e-01
-8.590176715329598256e-01
-1.000000000000000000e+00
-5.180302758864392398e-01
1.000000000000000000e+00
3.643875847096866849e-01
1.786865566154370866e-01
-1.546642805121950515e-01
2.778613011026653812e-02
3.382204030474346146e-01
6.357921623991638072e-01
1.632734306199724594e-01
1.000000000000000000e+00
1.000000000000000000e+00
-7.730858557795562414e-01
1.859585300797020890e-01
5.759731387662008206e-01
-2.603996731257162689e-01
9.528535113269707146e-01
-1.000000000000000000e+00
3.805405704098583364e-01
8.929159043866392587e-01
1.000000000000000000e+00
-1.000000000000000000e+00
-1.000000000000000000e+00
-9.597981532609797251e-01
-4.742862386425599208e-01
1.000000000000000000e+00
-7.502399049572738843e-02
5.313732080448846373e-01
1.000000000000000000e+00
1.000000000000000000e+00
1.000000000000000000e+00
-1.000000000000000000e+00
1.000000000000000000e+00
-1.000000000000000000e+00
1.000000000000000000e+00
7.477747717840852459e-01
-4.431511168440497306e-01
-9.959149170673667895e-01
-1.000000000000000000e+00
7.588092962911248129e-01
6.079745121168508293e-01
9.735670321073309763e-01
1.000000000000000000e+00
6.065559376345702747e-01
1.000000000000000000e+00
-9.041396520269758819e-01
-3.225452314735071102e-01
-5.692604434560299964e-01
-1.000000000000000000e+00
9.353409640137750891e-01
8.391248031925452322e-01
-8.479905827492462134e-01
-3.678477347566718181e-01
1.000000000000000000e+00
-1.000000000000000000e+00
6.145037428721940032e-01
1.000000000000000000e+00
1.000000000000000000e+00
1.000000000000000000e+00
-1.000000000000000000e+00
1.339756983016747727e-01
1.000000000000000000e+00
-1.000000000000000000e+00
7.091294573202836515e-01
-2.174256926116682753e-01
1.000000000000000000e+00
1.000000000000000000e+00
