-1.000000000000000000e+00
1.000000000000000000e+00
4.823483636880260272e-02
-5.912705249570344712e-01
-1.000000000000000000e+00
-1.000000000000000000e+00
1.000000000000000000e+00
-8.507534510943812744e-01
-1.000000000000000000e+00
1.000000000000000000e+00
-1.000000000000000000e+00
-1.000000000000000000e+00
1.000000000000000000e+00
1.000000000000000000e+00
4.249210462285712975e-02
1.000000000000000000e+00
-1.000000000000000000e+00
-9.916615025421794405e-01
-7.513923050627432376e-01
-4.243660883864682209e-01
-1.000000000000000000e+00
-1.000000000000000000e+00
1.000000000000000000e+00
-1.000000000000000000e+00
-1.000000000000000000e+00
1.000000000000000000e+00
-1.019685655454524303e-01
1.000000000000000000e+00
9.290986429242679145e-01
-1.000000000000000000e+00
1.000000000000000000e+00
-1.000000000000000000e+00
8.754608181965773950e-01
5.107055444108311582e-01
4.761462617366079009e-01
-9.975715461680985108e-01
-5.376072614925996307e-01
6.829098547202453462e-01
-1.000000000000000000e+00
5.225844639795351743e-02
-1.254414837678898831e-01
7.383915060491815785e-01
7.439199857069394017e-01
-4.542169506987412397e-01
-8.453350728301515238e-01
-4.987582046224274812e-01
-1.000000000000000000e+00
1.000000000000000000e+00
-7.357195510790153214e-01
4.078103890210850180e-01
1.000000000000000000e+00
1.000000000000000000e+00
-8.168081350473984648e-01
-1.011287289842125459e-01
-1.000000000000000000e+00
1.000000000000000000e+00
1.000000000000000000e+00
-6.323864295064363095e-01
-1.000000000000000000e+00
-6.270517734341759519e-01
-1.000000000000000000e+00
-6.325739791066981033e-01
-1.000000000000000000e+00
5.022157262154675061e-01
4.200614518983741830e-01
1.000000000000000000e+00
5.945623584955335161e-01
7.408998566873500335e-01
1.000000000000000000e+00
-1.000000000000000000e+00
5.382882929960343121e-01
6.152740224947836900e-01
4.148038856335748426e-01
9.932769882909663339e-01
-5.220859507063028149e-01
-2.105722598083817898e-01
3.507458818568630066e-01
-1.000000000000000000e+00
8.507442032246147479e-01
-1.000000000000000000e+00
6.345949753690781348e-02
3.776342133770784759e-01
-1.886007789496143561e-01
3.041529928824356771e-02
8.533843438026688100e-01
1.000000000000000000e+00
1.000000000000000000e+00
-6.140409947016015613e-01
4.474671666616698018e-01
-9.218343257895971199e-01
1.000000000000000000e+00
-1.000000000000000000e+00
-3.259496959648465753e-01
7.937237012255859980e-01
1.000000000000000000e+00
6.377664372682437244e-02
1.000000000000000000e+00
4.501050115762486037e-01
-1.000000000000000000e+00
-3.534785095822323697e-01
1.000000000000000000e+00
1.000000000000000000e+00
1.000000000000000000e+00
-7.478982418228274920e-01
-1.000000000000000000e+00
-1.000000000000000000e+00
1.000000000000000000e+00
1.000000000000000000e+00
-9.180778639757052328e-01
1.000000000000000000e+00
-2.285656761770856471e-01
-1.000000000000000000e+00
-3.881241697438668203e-01
-8.816481183899749219e-01
1.000000000000000000e+00
1.000000000000000000e+00
-6.019158637004278223e-01
9.185613633022926550e-01
-1.000000000000000000e+00
-5.809039084923737217e-01
9.345854702382334622e-01
-9.530767441226853931e-01
-1.000000000000000000e+00
5.788427593386117342e-01
4.818675880446031123e-01
-1.000000000000000000e+00
4.387199621949879891e-01
-1.000000000000000000e+00
1.000000000000000000e+00
-4.011102968433162552e-02
-1.000000000000000000e+00
-1.000000000000000000e+00
-1.893863722098948488e-01
-8.852541469716839195e-01
-5.962568234408691659e-01
1.000000000000000000e+00
-1.000000000000000000e+00
1.880911740756606443e-01
1.000000000000000000e+00
1.000000000000000000e+00
2.341488160763462167e-01
9.916034320609203867e-01
1.000000000000000000e+00
1.000000000000000000e+00
1.000000000000000000e+00
-9.993714281533697674e-01
-8.356158175765187046e-01
1.000000000000000000e+00
1.000000000000000000e+00
-1.000000000000000000e+00
9.642387037027067009e-01
-1.000000000000000000e+00
8.042371060480457690e-02
-8.713384192110416038e-01
1.000000000000000000e+00
-2.304423913941159030e-01
-1.000000000000000000e+00
-9.823784331252208846e-01
1.000000000000000000e+00
-1.000000000000000000e+00
1.140792549311704096e-01
-2.532107238519736292e-01
5.214894410861857788e-01
1.000000000000000000e+00
-7.088656212272232970e-01
-1.000000000000000000e+00
-3.279640747116402966e-01
-6.611053565640524765e-02
-1.000000000000000000e+00
-1.000000000000000000e+00
-1.000000000000000000e+00
-1.000000000000000000e+00
-4.733622672574990808e-01
4.796002171343149989e-01
-2.978257623647417862e-01
7.110407559400113708e-01
5.010808743502055684e-02
-1.000000000000000000e+00
6.206091903151360611e-01
7.831992652132011568e-01
1.000000000000000000e+00
-3.464480507508897467e-01
-1.000000000000000000e+00
-9.357239524649466622e-01
-1.000000000000000000e+00
-1.000000000000000000e+00
-1.000000000000000000e+00
7.490331631289151026e-01
-1.000000000000000000e+00
-6.905447128573563575e-03
1.000000000000000000e+00
9.930681929065151570e-01
-1.000000000000000000e+00
-5.284176167584915262e-01
3.152647368730357447e-01
1.577551736641343294e-01
3.885472165060591676e-01
9.320267241268603842e-01
1.000000000000000000e+00
-2.720515717669712008e-01
4.332145961740105355e-02
-1.684389863744144636e-02
-7.084748643105758248e-01
8.159200101262578664e-02
6.794001365584708685e-01
-9.609512049399360212e-01
3.162455845753007200e-01
-4.138824350423124798e-01
-1.000000000000000000e+00
8.476132958661510841e-01
-1.000000000000000000e+00
6.132617262857413820e-01
-5.528582949258384338e-02
1.000000000000000000e+00
8.566194591193606600e-01
-1.000000000000000000e+00
1.000000000000000000e+00
9.809249827199598704e-01
9.487836654362626909e-01
1.000000000000000000e+00
9.502422135481022325e-01
1.000000000000000000e+00
1.000000000000000000e+00
-3.375878360236528319e-01
4.359036886756845752e-01
5.313845643761704318e-01
-1.000000000000000000e+00
-7.870661291290157457e-01
1.000000000000000000e+00
6.885709074624479786e-02
7.290310744059913528e-01
-8.986435223137430039e-01
-9.876452950643028750e-01
-1.000000000000000000e+00
-7.184438405872686229e-01
-6.152177319401888056e-01
-2.197150983063563268e-01
3.418994210242796705e-01
-1.000000000000000000e+00
-1.000000000000000000e+00
1.000000000000000000e+00
-8.911355164685991204e-02
8.389922221439154448e-01
4.646981557658194650e-02
-6.179417862694078778e-01
7.900151706883831171e-01
-1.000000000000000000e+00
-9.976469040789285314e-01
1.000000000000000000e+00
8.992847326184896239e-01
-1.000000000000000000e+00
1.000000000000000000e+00
-1.794449752151870969e-01
3.779645556233292014e-01
-1.000000000000000000e+00
-1.000000000000000000e+00
-7.064284011930882512e-01
1.985298167072546416e-01
-7.336656828217101856e-01
1.000000000000000000e+00
1.000000000000000000e+00
-1.000000000000000000e+00
1.000000000000000000e+00
-1.000000000000000000e+00
-1.000000000000000000e+00
