

gen best mean std gain diversity
0 -9.833333 -81.415556 22.338401 -9.833333 0.577357
0 4.366667 -49.7 28.763602 -37.033333 0.634164
1 5.533333 -35.491111 25.253529 5.533333 0.568881
2 5.533333 -31.637111 22.302983 -37.033333 0.551254
3 5.533333 -28.387778 23.048159 -43.733333 0.538545
4 5.533333 -28.265778 24.562796 -37.033333 0.538747
5 5.766667 -29.678667 22.015197 5.766667 0.50277
6 5.766667 -29.140222 21.306171 -37.033333 0.470098
7 5.766667 -31.475333 19.796287 -13.566667 0.424571
8 2.5 -36.05 20.547277 -37.033333 0.462232
9 2.066667 -36.082 19.117494 -35.233333 0.449678
10 -12.2 -36.697556 17.032192 -35.233333 0.39938
11 -1.9 -38.446 20.03154 -1.9 0.35742
12 -13.566667 -39.144222 15.564748 -37.033333 0.292254
13 -12.066667 -42.107556 21.405597 -12.066667 0.291795
14 2.533333 -40.118222 21.640783 2.533333 0.315467
15 4.366667 -35.472667 17.246433 -37.033333 0.434506
16 2.533333 -36.170444 21.955892 -37.033333 0.401039
17 -7.966667 -36.398889 21.811909 -7.966667 0.435805
18 -7.566667 -36.458889 20.274169 -7.566667 0.389925
19 3.233333 -39.194444 22.82908 3.233333 0.349301
20 4.6 -35.564444 21.782621 4.6 0.372096
21 4.6 -36.426667 22.295112 -14.233333 0.392683
22 10.666667 -34.963556 19.822879 10.666667 0.382445
23 10.666667 -36.470889 20.259222 -37.033333 0.342043
24 10.666667 -39.499778 17.093646 -37.033333 0.228094
25 -13.566667 -42.355333 18.195129 -37.033333 0.193502
26 -12.1 -42.334222 17.560575 -12.1 0.171075
27 -16.166667 -42.915111 17.743426 -16.166667 0.190405
28 -13.566667 -41.436667 17.454153 -37.033333 0.179098
29 1.566667 -40.020667 18.697179 1.566667 0.267888
30 7.9 -39.633111 22.000997 7.9 0.389043
31 7.9 -38.600222 22.243476 -37.033333 0.340094
32 7.9 -36.551333 19.940347 -37.033333 0.363184
33 -7.566667 -37.085111 18.567252 -7.566667 0.388792
34 -7.566667 -38.137111 16.862622 -26.8 0.303796
35 -7.866667 -39.295556 20.022593 -7.866667 0.313486
36 -13.566667 -39.382889 18.557944 -37.033333 0.331105
37 -6.233333 -36.302667 19.751525 -6.233333 0.385609
38 -12.3 -40.455556 20.504147 -12.3 0.348713
39 2.933333 -36.357111 22.158218 2.933333 0.409832
40 2.933333 -35.429333 23.379253 2.933333 0.408602
41 2.933333 -38.467111 21.603537 -37.033333 0.388918
42 19.266667 -37.538444 20.035424 19.266667 0.344562
43 19.266667 -38.376667 23.704241 -37.033333 0.357998
44 19.266667 -35.067556 24.214953 -37.033333 0.399034
45 19.266667 -37.454222 18.700581 -37.033333 0.418965
46 -10.6 -39.728889 17.78187 -37.033333 0.343169
47 -8.8 -39.379556 15.121206 -8.8 0.25484
48 -8.8 -39.561111 15.26584 -37.033333 0.272704
49 -10.0 -40.968222 16.670792 -10.0 0.172017
50 -10.0 -39.718889 13.616959 -16.766667 0.167941
51 -16.633333 -41.760222 16.156631 -37.033333 0.174727
52 -19.3 -43.414 17.899559 -19.3 0.173083
53 -15.766667 -43.585111 16.989436 -15.766667 0.167074
54 -20.1 -43.945778 18.514479 -20.1 0.202437
55 -13.566667 -41.864444 18.350241 -37.033333 0.27187
56 -13.566667 -40.001556 17.228848 -37.033333 0.29877
57 -13.566667 -40.382667 16.052476 -37.033333 0.261809
58 -13.566667 -40.926 19.226604 -37.033333 0.314244
59 2.933333 -40.366667 21.202932 2.933333 0.326579
60 4.366667 -35.226889 17.674319 -37.033333 0.41936
61 -9.233333 -39.582 19.706053 -9.233333 0.387346
62 -4.233333 -39.020889 18.475498 -4.233333 0.404179
63 4.2 -39.723333 22.816215 4.2 0.416683
64 4.2 -38.864 21.390776 -37.033333 0.385373
65 -9.233333 -37.475778 19.257454 -9.233333 0.375611
66 -9.233333 -39.849333 18.071742 -37.033333 0.362268
67 -5.233333 -37.067333 16.328524 -5.233333 0.317226
68 -12.2 -36.797556 14.972429 -12.2 0.373658
69 -12.9 -36.721556 17.092145 -37.033333 0.391232
70 -7.566667 -41.334667 21.518921 -7.566667 0.357295
71 -12.466667 -39.615778 18.399783 -12.466667 0.30295
72 -7.566667 -40.518667 20.828832 -7.566667 0.376473
73 3.933333 -37.463111 20.380603 -37.033333 0.338447
74 3.933333 -38.239333 19.787573 -37.033333 0.369415
75 4.366667 -37.000889 18.745266 -37.033333 0.437378
76 3.933333 -38.567556 19.864706 -37.033333 0.410375
77 3.933333 -42.176667 23.138096 -37.033333 0.350959
78 10.866667 -37.860667 18.240036 10.866667 0.333431
79 10.866667 -35.383333 22.497348 -37.033333 0.352232
80 19.2 -34.492667 23.700126 19.2 0.404124
81 19.2 -34.407556 23.871872 -37.033333 0.438774
82 19.2 -32.201111 23.512094 -37.033333 0.424212
83 5.7 -34.020222 22.788995 -2.133333 0.470844
84 9.9 -32.968444 22.154784 9.9 0.421536
85 9.9 -33.015556 24.392903 -37.033333 0.453351
86 9.9 -33.41 23.034427 -14.233333 0.441994
87 9.9 -35.369111 25.539124 -37.033333 0.460959
88 9.9 -34.237778 22.880819 -37.033333 0.398485
89 5.866667 -30.903556 26.870471 -14.233333 0.48009
90 5.866667 -30.382222 22.928127 -37.033333 0.516516
91 5.866667 -29.725333 24.38168 -37.033333 0.493884
92 2.9 -36.818444 24.573038 -37.033333 0.440018
93 3.8 -36.430667 23.070181 3.8 0.407682
94 3.8 -40.520889 24.82645 -13.566667 0.385252
95 3.8 -39.188667 20.672292 -37.033333 0.366637
96 -13.133333 -42.039333 23.829705 -13.133333 0.37299
97 0.733333 -40.629333 21.719285 0.733333 0.352974
98 0.733333 -41.803556 23.388229 -37.033333 0.360169
99 -12.233333 -40.641556 19.469838 -12.233333 0.324296
100 -12.566667 -38.979556 16.209675 -12.566667 0.287149
101 -12.0 -41.705333 20.930393 -12.0 0.289655
102 -12.033333 -45.638667 22.266055 -12.033333 0.313334
103 -13.566667 -42.410667 20.389665 -37.033333 0.314989
104 -3.0 -39.764222 20.479928 -3.0 0.3307
105 4.366667 -39.930222 22.45509 -37.033333 0.416544
106 -11.8 -40.697556 19.879936 -11.8 0.339858
107 -9.233333 -40.097111 18.695466 -9.233333 0.336549
108 -4.633333 -43.011111 22.332982 -4.633333 0.315821
109 -13.566667 -42.198 20.872195 -37.033333 0.314297
110 -6.666667 -44.713333 22.887148 -6.666667 0.303111
111 -12.9 -42.773111 22.362881 -12.9 0.33052
112 3.6 -41.442444 21.874873 3.6 0.344992
113 3.6 -37.540889 21.985658 -37.033333 0.356883
114 2.833333 -39.683111 22.950582 2.833333 0.387691
115 2.933333 -41.921333 22.609097 2.933333 0.344656
116 2.933333 -43.459556 22.994706 -37.033333 0.320494
117 3.8 -44.324 24.035876 3.8 0.318075
118 3.8 -39.351778 19.772524 -37.033333 0.309487
119 -13.566667 -40.262 18.871107 -37.033333 0.315738
120 4.366667 -39.972667 19.291728 -37.033333 0.429317
121 -9.233333 -42.960222 24.838246 -9.233333 0.39259
122 -11.7 -42.211778 23.965042 -11.7 0.350505
123 -7.366667 -38.780667 18.730815 -7.366667 0.386534
124 0.233333 -38.877556 22.239732 0.233333 0.374629
125 1.5 -38.185111 21.115959 1.5 0.378407
126 1.5 -42.322889 24.893831 -37.033333 0.395434
127 1.5 -39.45 21.590019 -37.033333 0.369301
128 -4.966667 -41.754889 21.174479 -4.966667 0.327736
129 2.8 -44.176444 23.366148 2.8 0.306185
130 2.8 -39.177778 21.379793 -37.033333 0.357664
131 2.8 -39.555111 19.42522 -37.033333 0.306369
132 -13.566667 -45.630222 22.944253 -37.033333 0.323586
133 -7.566667 -40.237111 19.513915 -7.566667 0.345054
134 3.166667 -41.484667 21.346343 3.166667 0.321266
135 4.466667 -38.629333 21.196476 4.466667 0.450169
136 4.466667 -41.116444 23.31001 -37.033333 0.365238
137 -2.766667 -40.118222 20.675905 -2.766667 0.324296
138 -12.9 -39.843333 20.593228 -37.033333 0.318599
139 -11.033333 -42.252667 21.448997 -11.033333 0.293493
140 -11.033333 -40.429556 20.985116 -37.033333 0.35385
141 3.6 -40.246889 20.961614 3.6 0.317528
142 3.6 -38.483556 24.74133 -37.033333 0.416269
143 -12.233333 -40.656667 22.490461 -12.233333 0.382563
144 4.566667 -36.224444 21.088855 4.566667 0.397713
145 4.566667 -39.242444 22.85089 -37.033333 0.384002
146 3.733333 -39.448444 22.76772 -37.033333 0.341163
147 3.733333 -41.424889 24.567057 -7.566667 0.35989
148 0.333333 -39.004222 20.843546 0.333333 0.329281
149 3.6 -39.556667 23.339209 3.6 0.35388
150 4.366667 -37.608889 24.613334 -37.033333 0.437879
151 3.6 -38.763111 22.087201 -37.033333 0.363404
152 1.5 -40.609778 24.057415 1.5 0.411153
153 1.5 -39.888444 18.80999 -37.033333 0.288391
154 -13.566667 -41.968 20.433133 -37.033333 0.288707
155 -13.566667 -42.034444 19.270743 -37.033333 0.285226
156 -13.566667 -41.136667 20.358363 -37.033333 0.317277
157 -11.0 -41.838889 18.47146 -11.0 0.290625
158 -11.433333 -42.511778 20.195112 -11.433333 0.301372
159 2.233333 -42.692222 19.092409 2.233333 0.257946
160 11.266667 -41.444 21.845976 11.266667 0.2985
161 11.266667 -38.729778 22.426947 -37.033333 0.332339
162 11.266667 -35.015778 22.692378 -37.033333 0.314675
163 11.266667 -31.173333 23.11163 7.6 0.331279
164 11.266667 -30.208222 26.019477 7.6 0.356013
165 14.5 -29.520889 25.745389 14.5 0.47638
166 14.5 -31.300889 25.282887 7.6 0.362518
167 16.166667 -33.697111 25.822746 16.166667 0.396041
168 16.166667 -37.584667 22.484108 -37.033333 0.367722
169 16.166667 -36.117111 26.066164 -37.033333 0.368164
170 16.166667 -37.358444 23.028196 -37.033333 0.373176
171 6.166667 -41.641111 24.396825 -37.033333 0.287331
172 0.966667 -43.379556 21.327989 -37.033333 0.232586
173 0.966667 -43.774889 19.971754 -37.033333 0.23648
174 -15.166667 -44.134889 19.963302 -37.033333 0.220203
175 -18.666667 -42.583556 17.878634 -18.666667 0.211523
176 -18.666667 -42.646444 16.997556 -37.033333 0.214747
177 -5.6 -41.942444 16.632658 -5.6 0.211551
178 -15.266667 -42.298 16.978449 -37.033333 0.211492
179 -16.133333 -44.767778 20.091071 -16.133333 0.226221
180 4.366667 -38.998222 18.236846 -37.033333 0.385855
181 3.0 -39.742 21.364312 1.1 0.320504
182 3.0 -39.079333 23.19338 1.1 0.3422
183 1.1 -36.046444 18.910175 -37.033333 0.347021
184 4.266667 -39.270667 19.352784 4.266667 0.297027
185 9.233333 -41.0 21.022024 9.233333 0.263956
186 9.233333 -47.408667 23.400338 -37.033333 0.223338
187 9.233333 -44.155556 20.94962 -37.033333 0.203395
188 -14.533333 -44.115778 18.724651 -14.533333 0.200318
189 -20.366667 -43.736667 17.911311 -20.366667 0.220452
190 -13.3 -46.040889 20.906742 -13.3 0.218322
191 -24.7 -44.904889 19.509453 -24.7 0.220944
192 2.2 -43.813333 19.944847 2.2 0.197752
193 2.2 -42.454444 23.187656 -37.033333 0.22932
194 2.2 -42.851333 19.924499 -37.033333 0.225763
195 4.366667 -42.376222 20.941946 -37.033333 0.406652
196 -4.233333 -44.599556 20.276826 -4.233333 0.248321
197 -7.766667 -42.563556 18.717071 -7.766667 0.250437
198 -7.766667 -44.845111 21.002017 -37.033333 0.240329
199 -17.4 -43.9 19.563662 -17.4 0.240837