4.077930778951514013e-01
1.000000000000000000e+00
7.677365098875944538e-01
-5.313979147668334013e-01
-2.495709642285070529e-01
3.636512928334344474e-01
2.015192586750619297e-01
-3.917569664049995737e-01
1.928706405497161436e-01
4.551988141176053354e-02
5.242378405836146671e-01
4.025417595630705336e-01
7.751496257681468327e-01
-2.544398067357825921e-01
-7.701952271864537236e-01
-6.219660967192691681e-01
-3.643153821754330224e-02
-1.631106317978183173e-01
8.363661741128685101e-01
6.112810257552181437e-01
-4.611879586980597856e-01
3.695404911139956727e-01
2.706313031679903336e-01
-3.236054283451480530e-03
-7.577330834450110575e-02
7.284148738225167952e-01
-6.169849160251023035e-01
-3.756606702231324313e-01
-1.520796180853556390e-01
2.922075588712956806e-01
4.842652875572702187e-01
-9.257502982921630430e-01
2.814397406326853979e-01
2.530626590844224921e-01
-1.076658612315608110e+00
-1.000000000000000000e+00
-7.080114931026448843e-01
-8.035281262952974624e-01
-9.359715603933086436e-01
-7.830188016008193808e-01
1.588275669435143811e-01
-6.870218490481370954e-02
3.210995741345656351e-01
6.419097079451249188e-01
4.184834232001727328e-01
9.293560876808462101e-01
-5.173541025473413768e-01
-6.726972202711474225e-01
1.082002368655272440e+00
-6.559599311636732377e-01
-1.143502233404419810e+00
-7.272882573742021073e-01
-1.098643019516583275e+00
4.689262724801428472e-01
-1.000000000000000000e+00
1.144433033931306631e-01
1.140585993422170930e+00
-1.097785906714862536e+00
3.849563240492827609e-01
-4.615741991654935816e-01
-5.408916507547484320e-01
-9.809665247513177366e-01
-9.283021893574948669e-01
8.869901700190823135e-01
-5.885969459387349056e-01
-3.878876351486950091e-01
-8.122172223689227977e-01
-2.982057473743984777e-01
-6.982808894275330802e-01
8.251931582366003881e-02
7.349731545534019528e-01
-1.761473603503885266e-01
-5.406057746264880670e-01
5.365498043988581323e-01
6.437221190509538893e-01
4.629375962375436582e-01
-2.020809887764605794e-01
-6.070453710353526100e-01
-7.988429791803262903e-02
-1.197138322415291882e-02
6.842236511601946791e-01
-3.454008069461872443e-01
6.082281259913284721e-01
7.279412290541882324e-01
-1.451909205437953154e-01
-4.436990623247312193e-01
-5.078694719356680043e-01
-4.664346965480530294e-01
8.093684695495063641e-01
-7.472996900272583787e-01
1.653370466275186912e-01
7.249450676991666676e-01
-5.364376801474937118e-01
3.334445084560330175e-01
-1.347172573112594418e-01
-8.927749791983091709e-01
1.000000000000000000e+00
-3.587140302470807618e-01
1.259465943588848613e-01
-8.271746319994447427e-01
-9.538320182222235211e-01
-9.654734762461266717e-01
-7.421279960224903549e-01
4.482144713022739868e-02
7.751422691379185048e-01
-3.494821516370428816e-01
-5.789580864440496688e-01
-1.185223125958165084e-02
-1.281414634138724917e+00
-9.036929268669954274e-01
-9.778444142622525481e-01
6.875455952320124187e-01
7.212051563725702108e-01
1.429717698696766348e+00
-1.000000000000000000e+00
-1.200860237478525300e-01
1.625487068902298493e-01
4.463920593365491296e-01
-1.307999717608218371e-01
-1.018484632173970006e+00
2.221638195103920466e-01
-5.931212607281324267e-01
2.957506140470986811e-01
-1.402868812054274827e-01
-8.319928656460396921e-01
1.721515522068353954e-01
-3.717663723029259737e-01
3.884604101391385678e-01
-9.830978428221396337e-01
3.012502203426100852e-02
-7.965689926272667698e-01
-6.432028171111335846e-01
-3.573415409660845921e+00
1.433443967987010625e-01
1.401539795601230987e-02
-3.462436793507851496e-01
-1.494518134015297012e-02
1.178301574222449799e-01
1.015816074392255963e+00
1.410490769010682710e-01
8.376328274358183501e-01
-5.222874921765002787e-01
-1.124504670861952382e+00
4.668815126525332343e-02
-4.872638976662256871e-01
7.969127992030099472e-01
1.001761417202139626e+00
-8.541277638830113705e-01
-4.928815696672729785e-01
-9.484146147780873060e-01
7.365801499094796201e-01
-6.433887148521745258e-01
5.815581850987191492e-01
1.823923930251554193e-01
-3.736079440741221225e-01
-6.309263304455466903e-01
-5.699078850315578704e-01
-8.119470952566600896e-01
-6.456746356107186946e-01
2.070410346811067392e-01
-1.943273054685922929e+00
9.027544604929935712e-01
1.941595059853535102e-02
-3.559933246890793490e-01
-4.824487045417125142e-02
-9.909141746890034463e-01
-5.111315289772462300e-01
-9.158367746158695422e-01
5.563537373384673801e-01
-1.201914604957860788e-01
-1.003164293333179913e+00
9.633476878805364851e-01
-1.002687303495154225e+00
9.764600713172854052e-01
1.509134145341902988e-01
-4.888182382466585429e-02
-1.341201732722850926e+00
-9.861201076447656533e-01
5.774349486125329722e-02
-5.970670010336484035e-01
-6.094374358368636058e-01
-9.391054357920038953e-01
-6.663480649999876659e-01
8.390350014050161898e-01
-7.073867278322414354e-01
-2.334034351533079144e-01
9.529599972258910867e-01
-6.163325290067247497e-01
7.112231331484394348e-01
7.377056358006607306e-01
7.058560254212918883e-01
1.602928863787897451e-01
1.548438217591187605e-01
-8.104390374234495820e-01
8.834757435621148902e-01
-8.380980702611973143e-01
-7.253521519947930818e-01
-6.953460601241123751e-01
-5.504953786981757746e-01
-1.396843565937874454e-01
-5.520192156468871625e-01
1.506827861629661092e+00
-1.936782267466980456e-01
-8.139203419821344765e-01
1.016116710846362681e+00
8.649316512828595371e-01
-4.708476411746728707e-01
-7.758381165024973436e-01
1.850201859586345643e-01
6.701323797102824997e-01
-1.167949115832318391e-01
5.534000376416841060e-01
-7.908122780480141278e-01
4.948418280719243389e-01
-9.016045105236201174e-01
-5.216296365207172964e-02
-5.158758826909652928e-01
5.341832011099234556e-01
-3.584697188525810124e-02
2.238031185968450965e-01
6.851877402353627744e-01
-4.109428203486286124e-01
1.000000000000000000e+00
7.729037365946311855e-01
4.819108564019760066e-01
-1.530903687027820315e-01
-9.723310560471393194e-01
-4.386753371801676571e-01
2.214597523641662902e-01
9.510279383881710125e-01
-2.796813504310929899e-01
5.754160546032796031e-01
2.618596693755751659e+00
8.967175934316783392e-01
-7.626984847572291226e-01
-2.785977705590559350e-01
4.170825061141955614e-01
1.746491244891217598e-01
9.412835892738935506e-01
-7.084919330749387401e-01
-3.948662957656034478e-01
-1.045084333369117990e+00
-9.975250751649049619e-01
2.128587374283428701e+00
3.082864386414267965e-01
3.595967740418544167e-01
1.016624270287074028e+00
8.121972115817321924e-02
-9.818014458728928362e-02
2.534497550756367734e-01
-3.418805765637940586e-01
-7.222967591205533555e-01
-4.788142645429149247e-01
6.737798941875737802e-01
7.947076366911458578e-01
1.731373157636370841e-01
-4.440892572996629761e-01
3.640899593143859247e-01
-7.826183591116629978e-01
-2.712157477103406822e-01
8.562595444017545576e-01
-9.669390411932541340e-01
-4.452487276013728512e-01
9.018792660602639177e-01
-3.733557190781219837e-01
