8.901367076798069045e-01
-8.638788853180928706e-01
-1.000000000000000000e+00
-1.528910278192828209e-01
-6.326051799427163669e-01
1.000000000000000000e+00
1.000000000000000000e+00
2.610471825338008256e-01
-6.661853995060562639e-02
-6.193537829138875406e-01
7.385596244630465712e-01
1.000000000000000000e+00
6.034504347682101422e-01
8.280176335440452284e-01
6.320497186080127339e-01
4.620742123745806840e-01
-1.000000000000000000e+00
1.000000000000000000e+00
-3.167774823840963094e-01
-6.064382936549265191e-01
-1.000000000000000000e+00
-8.711575665663002788e-01
-7.988569404320216005e-01
1.000000000000000000e+00
2.247953618581132740e-01
6.281775881834690267e-01
-1.086980359898800375e-01
5.076156277219973090e-01
-1.366499274948539677e-01
-3.135482055288433823e-01
-8.651722438143873983e-01
5.597263868055489811e-01
9.177120975889191401e-01
4.625158451287819661e-01
1.915278583984909855e-01
1.000000000000000000e+00
4.598324693184043799e-01
1.000000000000000000e+00
-5.820335712996752564e-01
-3.174069143671141013e-01
-2.529661000499209278e-01
2.853650202421372239e-01
1.000000000000000000e+00
-1.000000000000000000e+00
-2.229706824338636706e-01
2.666870772722207406e-03
7.629682786996976329e-01
-1.000000000000000000e+00
1.000000000000000000e+00
-1.022136975988556240e-01
8.144824183335028778e-01
-1.791221177954014920e-01
-8.676209873013962515e-02
-8.942039018579613918e-01
3.795178949867993312e-01
3.392401635239109536e-01
9.046242529501633545e-01
9.908287331554106458e-01
-2.230468766020808902e-01
3.183789891476537792e-01
4.423178240860053956e-02
-8.834190697907036149e-01
5.632907111778503451e-01
-8.713217388937384289e-01
-9.820974544892215885e-01
9.311745915024376430e-01
-4.877407923353416774e-01
4.730576779991430558e-01
4.815777664375500144e-01
6.723434239037112681e-01
-1.000000000000000000e+00
-7.556803630022529417e-02
3.130807622976514160e-01
9.636903911010072932e-01
-4.322554691899082591e-01
-8.150106089593045500e-01
-5.559197841787053562e-01
3.920492700634168465e-02
8.681987220975191655e-02
-2.659139480882491968e-01
-2.275850921122726800e-01
9.793493584587693590e-01
-5.833249147819739022e-01
1.000000000000000000e+00
-1.000000000000000000e+00
-2.191507068650601076e-01
8.948229495861484417e-02
2.718538878300048589e-01
3.761632223076383230e-01
-6.020873522851349913e-02
7.532382784116529173e-01
5.815249135108198075e-01
7.125014948116180635e-01
1.000000000000000000e+00
-7.193768183690552043e-01
-4.486209881172198433e-01
-2.530392673443511709e-01
-6.648211020346750377e-01
-1.737017328928724957e-02
-9.352802101030227577e-01
-1.808945402360131183e-01
-3.202448939930048755e-01
-7.739597409415621687e-01
-1.000000000000000000e+00
-4.714742430436336118e-02
-5.539034922572523278e-01
-8.966215830030689338e-01
6.172437372821720780e-02
-7.619729293010449878e-01
9.485530721379938912e-01
-1.000000000000000000e+00
1.000000000000000000e+00
1.000000000000000000e+00
-5.082690387790356201e-01
-2.198986376886169214e-01
-1.000000000000000000e+00
3.032312276144764063e-01
-8.438450135889190573e-01
1.000000000000000000e+00
-2.898693091460955995e-01
1.000000000000000000e+00
-9.511766518658970604e-01
-6.688683082997179952e-01
2.469317947783031542e-01
-9.416446063566036306e-01
7.617408785328709797e-01
2.485849074904971645e-01
5.859432215579017944e-01
6.663006079945329452e-01
2.702472008947379711e-01
1.000000000000000000e+00
-7.202611362972397568e-01
-1.000000000000000000e+00
-1.000000000000000000e+00
-7.121605359827132276e-01
7.689737056605363552e-01
4.449119572437612580e-03
1.479131856731086270e-02
9.265261304068397319e-01
1.000000000000000000e+00
9.887365665262014547e-01
1.000000000000000000e+00
-2.988777810533395085e-01
4.349684742761205647e-01
-1.000000000000000000e+00
-1.000000000000000000e+00
4.837134704837152133e-01
-4.003225540897983326e-01
-4.339825270401276858e-01
-1.000000000000000000e+00
-3.027871504706571848e-01
6.921081669298653205e-01
-7.131044424356240974e-01
9.087588055209394611e-01
-1.000000000000000000e+00
6.521945580818790944e-01
-1.596743157642757927e-01
9.304521940534354885e-03
1.650663805029630726e-01
5.212119754427069207e-01
-9.925433661270292029e-01
-6.854906191401688442e-01
-9.338846893932097049e-02
-4.973381777022027883e-01
-8.041139392653283702e-01
-5.305807785572382862e-01
6.420298168335638600e-01
-6.672513239926916029e-01
9.438224351098687404e-01
-1.040491466281363714e-01
9.729995823405633848e-01
-1.000000000000000000e+00
-3.985815759271428838e-01
7.239472526779473505e-01
-1.000000000000000000e+00
9.571056773676279716e-01
-1.000000000000000000e+00
1.000000000000000000e+00
-3.971722135665566311e-01
1.454130180929795735e-01
3.529810781348550197e-01
4.123642469737469063e-01
-5.388901438832571777e-01
-6.122031263452795136e-01
3.060413997038481382e-01
6.191601997123004075e-01
1.000000000000000000e+00
-5.733188006582096152e-01
-3.555378227688294479e-01
-6.413344546360851828e-01
4.416859720704202630e-02
-1.000000000000000000e+00
4.015147140759590116e-01
2.701631844081870959e-01
2.660804777781333730e-01
9.928679443712398189e-01
1.530805839624982956e-01
-1.000000000000000000e+00
3.125449531037274853e-01
1.000000000000000000e+00
8.452493507137346374e-01
1.784957355097105403e-01
-8.513737355287551711e-01
-2.665331994713964758e-01
-9.900807930442245830e-01
-1.000000000000000000e+00
1.000000000000000000e+00
-2.339470214965435613e-01
1.000000000000000000e+00
-2.599246138167950471e-01
9.543746878271908152e-01
-4.173076816119510868e-01
1.000000000000000000e+00
5.250215005960835457e-01
-2.842818518230094682e-03
-3.120859334435917010e-01
-1.000000000000000000e+00
-1.000000000000000000e+00
2.469558330954685910e-01
-5.833025623666241444e-01
6.988373653716665190e-01
4.949285207661578978e-01
1.000000000000000000e+00
8.306571304612445639e-01
-1.693094947143204965e-01
6.045020825245395191e-01
-1.000000000000000000e+00
-1.000000000000000000e+00
-1.000000000000000000e+00
1.000000000000000000e+00
-9.099947607249813109e-01
1.000000000000000000e+00
3.873537825054649830e-01
-5.662443542722513934e-01
-3.617615018357259737e-01
1.000000000000000000e+00
-8.713220554866437650e-01
7.283556399573442031e-01
-9.310931484696283178e-01
1.000000000000000000e+00
-3.016459290585997710e-01
9.183081783045954349e-01
-1.000000000000000000e+00
1.000000000000000000e+00
1.000000000000000000e+00
-5.066949754009204554e-01
3.886190516574600240e-01
-3.885763186888382403e-01
7.491185578159860192e-01
6.681456695944120172e-01
7.243321268415371383e-01
1.000000000000000000e+00
7.878952985872484938e-01
-3.130730715586289570e-01
9.140698726085494386e-01
-1.000000000000000000e+00
3.884267590990602148e-01
1.449580913297819351e-01
-1.000000000000000000e+00
1.000000000000000000e+00
3.366963144142094411e-01
2.890565998163157069e-01
9.510754383588375660e-01
-5.006366204779855167e-02
5.367235642818944941e-01
