1.000000000000000000e+00
4.394601763397739669e-01
-1.000000000000000000e+00
9.830125139882724961e-01
-8.770648796434934447e-01
9.357663190715186374e-01
-9.553770681100831608e-01
7.427674189843608277e-02
-8.296134430287458450e-01
-1.000000000000000000e+00
5.650473491135686865e-01
-3.445600882914279239e-02
3.011172730395924035e-01
6.836786563100683001e-01
7.762222946439878424e-01
1.481223444014467816e-03
-8.997886343474865711e-01
7.226763872705322944e-01
8.051037118773324286e-02
-6.172091432061823646e-01
-2.816720496415958674e-01
-1.000000000000000000e+00
-1.000000000000000000e+00
1.000000000000000000e+00
4.855091174570465296e-02
2.867113911578983432e-01
-1.000000000000000000e+00
7.793402910458087363e-02
9.742187298944154916e-02
-7.985991343027804001e-01
5.856171745046380162e-01
-1.000000000000000000e+00
1.000000000000000000e+00
4.500229846850297144e-01
2.412094363733242042e-01
-9.936968139318197446e-01
3.063638488336196120e-01
6.303169393931159492e-01
-5.674870541400015567e-01
6.597128742529779766e-01
-1.404577411044171109e-01
4.049245229735259355e-01
8.801532262498334980e-01
-6.124720493174568015e-01
-6.551437305117501220e-01
-3.830473659042808454e-01
5.665060505513404010e-01
-1.000000000000000000e+00
5.127326314236245741e-01
-4.947885845621358136e-01
1.000000000000000000e+00
1.000000000000000000e+00
-4.247650774877468338e-01
3.896597170783121511e-01
-1.000000000000000000e+00
1.411231564701026231e-01
3.617913055875902617e-01
1.000000000000000000e+00
-2.910699902296999264e-01
6.106910996852150664e-01
4.312729252366714339e-01
-5.706956158136644586e-01
1.083133016528216586e-01
-7.172416664864882385e-01
-1.000000000000000000e+00
5.196081991682366397e-03
-2.729070801962310000e-01
1.000000000000000000e+00
-7.613679669919615201e-02
7.327110451969974791e-01
1.000000000000000000e+00
8.747221620785256002e-02
5.730808097236960164e-01
9.900783542161357698e-01
-3.181747309857354544e-01
-6.193850657505764468e-02
-3.293024278257107307e-01
-2.163619419790541176e-02
-7.655722363100476713e-01
-3.511079526610051404e-01
-8.001314729423961714e-01
8.738726274809454075e-01
-8.751663094061934434e-01
7.340777546839898360e-01
-1.000000000000000000e+00
-9.302442364122964769e-01
2.186690972852147197e-01
3.450276749920385133e-01
8.747067103732378834e-01
5.917753010867129460e-01
-4.771874908343729516e-01
1.000000000000000000e+00
-2.770097258262835815e-01
1.000000000000000000e+00
-1.000000000000000000e+00
-5.976396440730639137e-01
6.116123278080104475e-02
-1.020084075939372559e-01
1.383860382376153608e-01
-9.727885033632924783e-01
1.096482061995178309e-01
-9.564473388396386166e-01
-1.000000000000000000e+00
-9.079583464988862929e-01
-3.349481130811607921e-01
8.651978449678011662e-01
-6.512962209266337510e-04
-3.721873893768998243e-01
-4.914264964783706113e-01
4.961637297775338129e-01
5.852102803466019409e-01
1.000000000000000000e+00
-1.274600099122248364e-01
-6.182105046540400384e-01
-5.396582604516321213e-01
1.000000000000000000e+00
-2.369428254776685949e-01
-3.290601138690335548e-02
-9.227582293540873004e-02
-4.927078136535204544e-01
6.906112984695017554e-01
-5.578250066683263508e-01
-1.000000000000000000e+00
8.947577826881270013e-02
-7.935744652257381571e-01
-2.879688729635203615e-01
-1.280550861126919238e-01
-6.340105775636634133e-01
1.000000000000000000e+00
-4.462104954532704060e-01
-9.495632085046996629e-01
1.000000000000000000e+00
5.339901272070435301e-01
-9.979899967962103657e-01
3.645816649988916081e-01
-7.283861639172822811e-01
-2.701695554536960309e-01
5.799102290783105795e-01
-1.000000000000000000e+00
-1.000000000000000000e+00
9.548462304909315357e-01
2.682453737983434561e-01
-7.407808418049411925e-01
2.459355341364767855e-01
8.508984545072624250e-01
9.564702818345416357e-01
7.697749412298992011e-01
7.371030373703409966e-01
-2.938630939206134385e-01
1.000000000000000000e+00
-3.304134645178218310e-01
1.000000000000000000e+00
-1.000000000000000000e+00
1.603977138678759351e-01
4.871230424786078816e-01
-2.550478101994497759e-01
3.862490498902657610e-01
-3.707019221944785614e-01
6.205152229941632847e-01
1.000000000000000000e+00
-1.875967700694509410e-01
6.103830136022563024e-02
6.458848228872033914e-01
-4.025012733197235737e-01
5.600063173537053185e-01
6.100374287770748971e-02
5.767951033685736473e-01
-1.374888934802860341e-01
9.914585601053041986e-01
1.078891744769221450e-01
1.000000000000000000e+00
-8.081442341867115520e-01
5.524904430225341390e-02
-4.757051488667017880e-01
-6.819534479667450633e-01
1.000000000000000000e+00
6.122084201074696752e-01
-9.598911475582958541e-01
-5.486356719364666734e-01
1.000000000000000000e+00
5.737560456852754120e-02
8.942732649820823998e-02
-6.112771286055702635e-01
2.395190411010360010e-01
-1.026064911987371875e-02
-1.000000000000000000e+00
8.900598043645391311e-01
-2.983364295268939315e-01
3.156750944666679159e-01
-7.162661789870559126e-01
-8.207070345297545755e-01
-3.573276813742798375e-01
-3.815314117071509914e-01
3.898763118591834220e-01
4.420950114084737370e-01
1.000000000000000000e+00
-9.401489282416997106e-01
-1.406203969444648760e-01
8.851575720716666762e-01
1.000000000000000000e+00
8.513119402877236119e-01
-1.962016401130234899e-01
-1.000000000000000000e+00
-1.823802304322700851e-01
9.636108680056448828e-01
-5.147520378775725103e-01
8.437035566390427288e-01
6.375256065982412568e-02
-8.304145749557861889e-01
5.920037778654765326e-01
-2.433336711683834475e-01
-2.556220944284511853e-01
8.399438160716202750e-01
7.082953204366433386e-01
-1.775808296810919007e-01
-7.654535549936493100e-01
-8.449477420798262584e-01
-8.062270467579890632e-01
4.742882547192871917e-02
4.140978934272108170e-01
8.902564286845580099e-01
1.000000000000000000e+00
1.000000000000000000e+00
6.602448233971853764e-01
3.955431801303395112e-01
-1.290941682262995716e-01
-1.000000000000000000e+00
1.000000000000000000e+00
6.400546809939183790e-01
9.370568602190064711e-01
6.488803261240786435e-01
1.000000000000000000e+00
-2.021826295650221983e-01
-1.000000000000000000e+00
-5.024711867829685374e-01
6.632715230328419809e-01
-8.441804103746269883e-01
-2.443585398762745942e-01
9.089339200453165901e-01
8.747365159139910418e-01
-4.761883621021128499e-01
6.326216152822050631e-01
8.577673777328053140e-01
1.000000000000000000e+00
3.900319560526263052e-01
-8.486394396524654660e-01
6.914253627084185894e-01
-1.808501413414948245e-01
6.133270150068393933e-01
2.954678622607014304e-01
4.085017274036664148e-01
-1.000000000000000000e+00
-8.296326351501126517e-01
6.493189257799897307e-01
7.812941516623215232e-01
-5.399001449365642413e-02
5.732646132666027183e-01
5.962512224360166924e-01
-9.769849164105268713e-01
6.752522978789512464e-01
3.924081361051954264e-01
-8.643001762916577846e-01
4.324309108155177661e-01
-8.553193325579789841e-01
6.349866553314704731e-01
