-9.254163374336017434e-01
1.137576401900483175e-01
-5.261767913521413487e-01
-5.823380813179950266e-01
1.071511937377246093e-01
7.240925674729264960e-01
-6.774177793755953303e-02
1.182775989737201994e-01
2.771056061793382153e-01
-5.523714058157908058e-03
-1.895252384794713640e-01
-4.691713740443845815e-01
-1.223889907176858999e-01
-1.640495160139325281e-01
-2.427374488938698616e-01
-2.467471748380051511e-01
9.393082208446601467e-01
-6.075612376083447952e-01
-5.807237588247515792e-01
8.287162810091794896e-01
5.350403162082995046e-02
-4.862025170996452372e-01
-5.064322444704905113e-01
-3.452313127055576802e-01
5.281646990858324120e-01
6.094054367503567438e-01
9.462946554765905294e-01
-6.028887122813710864e-01
-4.578288817191125681e-01
-7.092524166962669296e-01
-8.276174935782968367e-01
4.606711812633861314e-01
6.176357533780587605e-01
-1.000000000000000000e+00
5.786878034862090736e-01
3.048729812929104055e-01
-9.086238352629567583e-01
8.165517870702694303e-01
8.723742591066386831e-01
-8.493817054215719864e-01
-2.574088818521941269e-01
-3.274723338288180741e-01
-4.581955704952528907e-01
1.497103319854609926e-01
-2.687395371755043616e-01
5.101606351507513570e-02
-1.098893857959092613e-01
4.321597982009399153e-01
-6.109373020095431039e-01
6.465689858693428327e-02
-5.149301141484551314e-01
1.241911243058696074e-01
6.461402279288378514e-01
8.135236725737580166e-01
-1.970562167257343678e-01
-8.444022275133293842e-01
4.476257399746446097e-01
9.112226588371128422e-01
2.066495749550722183e-01
3.408802360721814861e-01
-5.996742632097200321e-02
4.526973479486657431e-02
-1.000000000000000000e+00
-3.939975039466745432e-01
-2.636445857255254599e-01
7.205652034783345261e-01
-1.706142613906534433e-01
5.345056226797657850e-02
-9.059655248037141728e-01
8.559816835995809337e-01
-8.712471702120766492e-01
7.961769924753392402e-01
1.000000000000000000e+00
-1.000000000000000000e+00
8.675082676830466744e-01
3.188304913891295556e-01
4.016910699099329185e-01
2.267645914891126546e-01
5.930660740794131414e-01
-8.619385102456086356e-01
1.466158256234823265e-01
2.470518263802271297e-01
-8.272071775951945760e-01
1.000000000000000000e+00
-5.093526313379940218e-01
9.448964501199197397e-01
9.950067193215389461e-01
3.201868283898782197e-01
-9.731731732977444427e-01
1.033634431348282035e-01
1.877659264276180795e-01
-3.782435309331811935e-01
8.500844850063459246e-01
1.434820836367494967e-01
9.029575919289579700e-01
-3.115506953354775233e-01
1.573042859398315618e-01
3.030928952669317833e-01
-1.943702041596865604e-01
-2.005305220566513114e-01
-3.805158325740609082e-01
-7.279301905750042989e-01
6.080744458857741952e-01
1.000000000000000000e+00
-1.772395192820567789e-01
-6.710758032565536935e-01
7.274957646199443628e-01
5.564617568104309742e-01
6.061781902681526724e-01
-1.865713279157703575e-01
9.293732301681619790e-01
-6.847457888454459018e-01
6.994346642556927840e-01
7.667653233763108700e-01
7.447683601434266221e-01
6.730185984430869794e-01
-9.326920321297661742e-02
4.959261896295867333e-01
5.526638392491848295e-01
2.201268167013013533e-01
1.000000000000000000e+00
3.070623503543948862e-01
2.706016279655965584e-01
9.449785003655370996e-01
-4.136191242015896385e-01
-6.224204596812341755e-02
-5.141566857070731800e-01
4.288161355220606596e-01
-6.838083598062490998e-01
-8.161256873899678244e-01
-9.520107190005330233e-01
5.980066609545979794e-01
9.812184160099839403e-01
7.039256038983772168e-01
-3.191475703205367553e-01
-9.381689033413312950e-01
-3.223438267503677679e-01
8.298922463415926432e-01
5.555825062625088240e-01
2.278769173530676151e-01
6.532951406898052094e-01
-2.779470314168586698e-01
-7.115460500867802907e-01
-4.601740092019941941e-01
4.537487035575492600e-01
-6.657338531527448033e-01
3.957573188900295746e-01
4.371320226109871587e-01
-2.540528219627298800e-01
-5.667294655931176539e-01
2.111156603254174258e-01
9.925602876304829431e-03
-2.202849033480486218e-01
-7.325791821982290397e-01
-4.481037382058273288e-01
-8.463909528677118210e-01
1.000000000000000000e+00
-1.971300996871035160e-01
-3.126891476859622321e-01
-6.788432325675980428e-01
4.457605271767878796e-01
-6.712609409728484966e-01
-6.524781850168577257e-01
2.012756337412262009e-01
-6.959532821133330716e-01
5.322222916175112228e-01
7.568523583726387560e-01
-7.911962734607187464e-01
-5.670738713864558606e-02
-1.000000000000000000e+00
-3.376614955710263710e-01
-2.507119458793278799e-01
-8.043998487713253098e-01
-6.335158007869905461e-01
-4.994901820087612743e-01
5.572732284434693817e-01
-5.570706260610146232e-02
-1.000000000000000000e+00
-9.131570197525182842e-01
-7.430401281447839290e-01
4.421939877758597759e-01
1.000000000000000000e+00
6.387187448914477539e-01
-8.235130162207586757e-01
2.055391799016755561e-01
5.781022351363395151e-01
1.406590915253062846e-01
1.572119233066305265e-03
7.576936169775535523e-01
-5.700173348518347005e-01
-6.505050471118319910e-01
2.056362435973763669e-01
-5.931387654593414105e-01
-8.743120677206603908e-01
-8.684415489138028743e-01
7.720093734581487954e-01
1.000000000000000000e+00
-5.314168726127976861e-01
-4.976114282606276529e-01
-8.686342801653873513e-01
-2.490243763768414109e-01
-5.781801036460938459e-01
1.145438320161094176e-01
5.882906411117687639e-01
-2.867167996048762268e-01
6.271563630395325939e-01
-7.728219437130538771e-02
-8.630042922893953472e-01
-7.421218157499092083e-01
-2.060562562569498435e-02
-5.092161505003885980e-01
-6.938376888651645591e-02
-8.103959660172604940e-01
5.502359798621772047e-01
-6.726037883874583789e-01
-7.473100507518488922e-02
-2.863798913981290273e-01
6.866023817729063339e-01
5.735523346516606669e-01
-9.421970577933783675e-01
-8.631069602002646723e-01
-6.906507812132862689e-01
2.098869581076269822e-02
7.445219741287003590e-01
3.161456322626893245e-01
1.687537759403960058e-01
-2.386576076257402867e-01
8.110820383767223252e-01
3.233434150820100883e-01
-9.344191424181723660e-01
-1.000000000000000000e+00
-7.784091330415936483e-01
7.348549317945337611e-01
-1.732722507119947575e-01
-1.000000000000000000e+00
-6.854906589474695222e-01
1.000000000000000000e+00
8.752312429929222093e-01
5.712178939413674605e-01
8.584873058118728251e-01
-9.704898763601130796e-01
-1.000000000000000000e+00
-4.496165756006375580e-01
-3.816955767329965887e-01
-2.348622379505133917e-01
1.415485083456892446e-01
-1.664375301520130412e-01
-5.897088376333312620e-01
7.863437689258219176e-01
-1.000000000000000000e+00
-6.425347596525540772e-02
-7.283991287532072256e-01
1.650633635800186905e-01
7.923408146133305019e-01
-3.016236514200042462e-01
-1.640705220846070123e-01
-8.000942261782953979e-01
9.766735701320413687e-01
-8.558862383663372597e-01
6.591095951532012498e-02
-2.787497553787715229e-02
-4.172028918301411982e-01
-9.833303529582247959e-01
4.385359070548668359e-01
-4.609034220836293883e-01
