-1.000000000000000000e+00
-8.139114380973203611e-01
3.326587311470083907e-01
-9.434834607054762845e-01
1.000000000000000000e+00
-7.848600570722905623e-01
9.055583861906157939e-02
6.658477181797914923e-01
-8.879034694232510461e-01
-1.003660945898422197e-01
1.329456692501173598e-01
-7.507464280010053281e-01
-8.882362991613548253e-01
-2.756174896242360450e-01
-1.331216544712390260e-01
7.730893320645750855e-01
1.678499777278119054e-01
1.000000000000000000e+00
6.098729338463334398e-03
1.000000000000000000e+00
1.062165531863412671e-02
-6.631315149151623123e-01
-6.663258808093730501e-01
1.000000000000000000e+00
8.464013786302735376e-01
-9.062977957800844031e-01
1.000000000000000000e+00
1.000000000000000000e+00
-1.000000000000000000e+00
-1.550069359067247632e-01
7.275857520019068936e-01
1.000000000000000000e+00
9.413349306398435257e-01
-1.728456951859562163e-01
-8.528213338380891129e-01
-1.281544669370726086e-01
-1.000000000000000000e+00
-1.000000000000000000e+00
-1.000000000000000000e+00
2.214224526947885519e-01
1.208634875807434172e-01
1.653262386978836540e-01
7.570782676005273215e-01
8.302716562421093016e-01
-5.451769853123145104e-01
9.461262426639497347e-01
-4.022327147110283940e-01
1.000000000000000000e+00
-6.661416126234723789e-01
-2.026761462993889040e-01
-8.683319965107456628e-01
4.583048271389131845e-01
1.000000000000000000e+00
-1.000000000000000000e+00
-1.000000000000000000e+00
4.616567486427088918e-01
-5.690559692396945923e-01
1.000000000000000000e+00
-8.588270749578202912e-01
-3.177284435193492573e-01
7.812522149318147369e-01
2.645188340649359260e-01
-9.536919743262711746e-01
-3.115746449270719864e-01
-8.248803819567467333e-01
-5.789325295282807815e-01
-8.598950164120745532e-01
9.573477162951968822e-01
5.282486437908039401e-01
-7.944632791149961459e-01
-3.680371922321918343e-01
5.773912958708891097e-01
-4.531084419232346283e-01
1.000000000000000000e+00
-7.465789929667238090e-01
-7.522158802137324241e-01
-9.729377169394115565e-01
-4.352527405688251805e-01
4.374970196766028163e-01
4.345356578333838815e-01
8.962690397958619215e-01
2.304935133841351236e-01
-1.000000000000000000e+00
-3.670456738944318786e-01
1.014425130162920352e-01
-1.706137210312763108e-01
1.000000000000000000e+00
-4.958471245178032172e-01
1.000000000000000000e+00
-1.000000000000000000e+00
1.303673037230237142e-01
3.919971230239548410e-01
-1.000000000000000000e+00
-3.491005265616390907e-01
-2.875531047684809494e-02
1.457527677220308293e-01
9.399807005166710416e-01
-4.667967229045515976e-01
-4.996885922597473773e-01
7.136385299371816870e-01
-1.000000000000000000e+00
1.000000000000000000e+00
-1.000000000000000000e+00
1.000000000000000000e+00
-1.000000000000000000e+00
4.995250975389117776e-01
1.000000000000000000e+00
-4.123693353204646028e-01
8.518051303151566445e-02
9.417727492676251921e-02
-1.000000000000000000e+00
1.000000000000000000e+00
-5.831441862424633360e-01
-1.000000000000000000e+00
7.156359018762032953e-01
-9.935599149337775993e-01
-1.000000000000000000e+00
-1.938788140529988935e-01
-1.000000000000000000e+00
-4.825535728911615196e-01
-4.381505734821632969e-01
1.000000000000000000e+00
1.000000000000000000e+00
-8.634486708231758900e-02
-1.000000000000000000e+00
-2.767262216409980269e-01
-1.000000000000000000e+00
1.000000000000000000e+00
8.716515823596961976e-01
9.157253749815010835e-01
9.640291393590771918e-01
6.516635697544699291e-01
-1.000000000000000000e+00
-4.854290105408728406e-01
-1.000000000000000000e+00
1.304376975498470759e-01
5.039537951460636434e-01
-2.629891356147962544e-01
1.000000000000000000e+00
1.000000000000000000e+00
1.000000000000000000e+00
6.127960277372190845e-01
4.522152502185076695e-01
-1.000000000000000000e+00
7.504286466961113122e-01
1.000000000000000000e+00
-9.817295571503994456e-01
-5.646299305934132651e-02
8.375742651007910267e-01
-6.412165445049329282e-01
5.832967104526818325e-01
-1.000000000000000000e+00
6.037117866670579369e-01
2.757710907386924370e-01
5.122845421148319867e-01
-4.875212365011437066e-01
-7.949231541463136486e-01
-1.000000000000000000e+00
-4.278993996921990339e-01
-1.000000000000000000e+00
-1.000000000000000000e+00
-3.475538516496939900e-01
-8.100513515504461637e-01
1.000000000000000000e+00
-7.352387819401664526e-01
-8.813173629252712971e-03
1.000000000000000000e+00
-3.251852145002941952e-01
4.929378078368590321e-01
-7.775365623938055304e-01
-2.497185723858651868e-02
1.000000000000000000e+00
1.000000000000000000e+00
-5.913986099099290961e-01
-3.385204020894816423e-01
4.118907837756536905e-01
-1.000000000000000000e+00
3.196240050557682122e-01
-8.165725168777735465e-01
1.000000000000000000e+00
1.000000000000000000e+00
7.929424513069527336e-01
1.000000000000000000e+00
-1.000000000000000000e+00
-1.000000000000000000e+00
7.295001870419148826e-01
1.000000000000000000e+00
-6.009931689896286233e-01
1.000000000000000000e+00
-7.571084103458419756e-01
9.028924547058897465e-01
5.499172476350446814e-01
1.000000000000000000e+00
8.153516563218670132e-01
1.053598434219965574e-01
1.959219423385812897e-01
-9.577341808156679681e-01
-1.000000000000000000e+00
9.660114814174290965e-01
-1.733905102917210339e-03
3.636297634912680210e-01
9.637328529317044923e-02
-2.608670528824218460e-01
1.839151514329480652e-01
-6.746780554682336728e-01
-1.000000000000000000e+00
-1.000000000000000000e+00
8.832593914335729046e-01
6.662467090879202747e-01
1.000000000000000000e+00
-1.000000000000000000e+00
5.604599769915825647e-01
-1.000000000000000000e+00
1.000000000000000000e+00
-1.000000000000000000e+00
-1.000000000000000000e+00
-1.000000000000000000e+00
1.000000000000000000e+00
-4.827272012329200668e-01
-1.574437670268351019e-01
-1.000000000000000000e+00
-2.138218069977652347e-01
8.190345261188342052e-01
1.268872252418351276e-01
4.595725565942564428e-01
1.000000000000000000e+00
-1.000000000000000000e+00
2.917571590780735913e-01
-4.406064211498726402e-01
7.494423141500627938e-01
7.233489618716879566e-01
-8.350679637217642837e-01
-6.329560011020491928e-01
-8.611969215125152566e-01
1.000000000000000000e+00
1.470983439302736562e-02
5.257790898858860640e-01
4.150481583471080649e-01
1.000000000000000000e+00
-6.072316598155215184e-01
-3.530023540360547329e-01
1.437243699504396621e-01
1.000000000000000000e+00
6.294011113057202955e-01
7.966040003639452971e-01
-9.607562694549194315e-01
7.909228512308328352e-01
4.136207138495563429e-01
5.416952415816502775e-01
1.000000000000000000e+00
-1.000000000000000000e+00
-4.109135715478552386e-01
8.241289315720742303e-01
1.000000000000000000e+00
-1.000000000000000000e+00
1.000000000000000000e+00
-1.000000000000000000e+00
-1.000000000000000000e+00
2.385347149726976257e-01
1.000000000000000000e+00
9.601812811939447467e-01
4.917451479112532886e-01
9.487380709102579690e-01
-8.976952642271599503e-01
-5.357768149864310381e-01
