-1.000000000000000000e+00
3.463546276089444209e-01
1.000000000000000000e+00
-1.000000000000000000e+00
-1.000000000000000000e+00
-6.262804950663574122e-01
1.000000000000000000e+00
-1.000000000000000000e+00
-3.476847664466586885e-02
1.000000000000000000e+00
4.325813393821177355e-01
5.682394181816041723e-01
-5.377514466923488667e-01
2.975868786363996543e-01
-1.000000000000000000e+00
1.000000000000000000e+00
1.187785311706108793e-01
-5.942659210168835804e-01
2.473168207718310363e-01
9.893023059999430657e-01
1.000000000000000000e+00
1.000000000000000000e+00
1.000000000000000000e+00
7.375440150885437252e-01
-4.832745237641892233e-01
-2.484274621506235015e-01
7.555901061063567958e-01
7.664719293061690308e-01
-5.189901967167744878e-01
1.164529268920422300e-01
-9.580977834034194451e-01
1.000000000000000000e+00
3.690601612571953183e-01
1.000000000000000000e+00
2.745041858538450619e-01
-9.323405066234801142e-01
1.000000000000000000e+00
-1.000000000000000000e+00
-1.000000000000000000e+00
9.447678050195997823e-01
-5.620836669816908771e-01
1.000000000000000000e+00
-3.723716763159922172e-01
1.000000000000000000e+00
-4.424039055988747693e-01
2.626934899481052632e-01
1.000000000000000000e+00
-1.000000000000000000e+00
-1.000000000000000000e+00
1.000000000000000000e+00
-1.000000000000000000e+00
-1.565335498527350433e-01
9.856408395718295745e-01
-1.000000000000000000e+00
-1.000000000000000000e+00
-1.000000000000000000e+00
-5.148824573357774215e-02
-1.000000000000000000e+00
1.000000000000000000e+00
1.000000000000000000e+00
-1.000000000000000000e+00
1.000000000000000000e+00
-4.251297455761730015e-01
-1.000000000000000000e+00
1.000000000000000000e+00
1.000000000000000000e+00
-8.928196210733082561e-01
-9.949611487901511842e-01
-1.000000000000000000e+00
6.892535708817458806e-01
-5.526876709376304930e-02
1.000000000000000000e+00
1.000000000000000000e+00
-9.042025209655908391e-01
-1.000000000000000000e+00
1.000000000000000000e+00
7.006527199363230540e-01
9.346177034204161682e-01
-7.792051578287166880e-01
1.575995311328466375e-01
-7.772544166096595486e-01
1.745338047548055105e-01
1.000000000000000000e+00
-9.041168989224646069e-02
1.000000000000000000e+00
6.692343333243045977e-01
1.218908804888665376e-01
3.466931067061249649e-01
1.000000000000000000e+00
1.000000000000000000e+00
-7.903875711874454035e-01
1.309972096735171898e-01
-1.000000000000000000e+00
-1.000000000000000000e+00
-7.079620519014635516e-01
1.000000000000000000e+00
-1.000000000000000000e+00
1.000000000000000000e+00
-1.000000000000000000e+00
-1.000000000000000000e+00
-1.000000000000000000e+00
-9.104477947607156896e-01
3.834844112637330049e-01
-7.848370520303602493e-01
4.734914032936351491e-01
1.730047369391828765e-02
-1.000000000000000000e+00
-6.195735841516539777e-01
9.229115434233854387e-01
-1.000000000000000000e+00
-1.000000000000000000e+00
-4.463435005564847513e-01
-1.000000000000000000e+00
-6.704095484422487594e-01
1.000000000000000000e+00
5.956681710657758533e-01
-4.860198189934776813e-01
-1.000000000000000000e+00
-1.000000000000000000e+00
2.380460674564952583e-01
5.617030211408741147e-01
1.000000000000000000e+00
-9.251395852278283538e-01
-9.713247298901710458e-01
1.000000000000000000e+00
1.000000000000000000e+00
8.208666630891234828e-01
2.145379371256905809e-01
-1.000000000000000000e+00
3.142689083032937925e-01
-1.550439136467990087e-01
-6.513272629242056189e-01
-7.373206829353997627e-01
-1.000000000000000000e+00
-1.000000000000000000e+00
3.285339918117919922e-01
2.628256764107650412e-02
-3.622008101324305507e-01
-1.000000000000000000e+00
-1.000000000000000000e+00
1.000000000000000000e+00
1.000000000000000000e+00
-6.439368337181586854e-01
-1.000000000000000000e+00
-1.000000000000000000e+00
-6.829279701793018464e-01
1.534251814172967188e-01
-8.660594588574859198e-01
-1.000000000000000000e+00
-3.961430758512760608e-01
-1.000000000000000000e+00
4.728357680571965149e-01
-1.000000000000000000e+00
-1.000000000000000000e+00
5.137630345423878087e-01
8.208185299838053339e-01
-5.915369695032441921e-01
8.273074095939649819e-01
-5.614990414438050248e-01
1.743483499008797732e-01
-9.098295528277324795e-01
-9.682464995229382865e-01
-1.000000000000000000e+00
-1.000000000000000000e+00
-2.379998329370081045e-02
1.000000000000000000e+00
-1.000000000000000000e+00
-4.064448187836180448e-01
1.000000000000000000e+00
-1.000000000000000000e+00
-1.000000000000000000e+00
5.330768237966132528e-02
9.476298376682482649e-01
1.000000000000000000e+00
-4.471608102156333642e-01
-1.000000000000000000e+00
2.600574182801245193e-01
-1.000000000000000000e+00
6.706257218833417966e-01
-9.531987549787733771e-01
-1.000000000000000000e+00
-1.000000000000000000e+00
1.000000000000000000e+00
1.000000000000000000e+00
-3.585812926718897620e-01
-1.000000000000000000e+00
9.401614796066759538e-01
-9.334945137234391677e-01
-1.000000000000000000e+00
-2.654749825441155009e-01
1.000000000000000000e+00
4.380704336081472361e-01
-1.000000000000000000e+00
9.411089894780880760e-01
-6.900020828310574617e-01
-1.000000000000000000e+00
5.789991525435046471e-01
2.400365883889861163e-01
4.707529822543364828e-01
3.076370048470727925e-02
7.855165388121875258e-01
-3.952112400156421179e-01
3.397796437554605475e-01
1.000000000000000000e+00
-1.000000000000000000e+00
-1.000000000000000000e+00
8.079465434396152501e-01
1.000000000000000000e+00
-9.086773147227701353e-01
4.849269937978736289e-01
-1.000000000000000000e+00
-1.000000000000000000e+00
1.000000000000000000e+00
1.000000000000000000e+00
9.976744704577457101e-01
5.947778832200709687e-01
-7.914354429232969279e-01
-3.528959642513895822e-01
1.000000000000000000e+00
-1.000000000000000000e+00
-1.839960418345416293e-01
-7.724946904204019749e-01
1.000000000000000000e+00
1.000000000000000000e+00
1.000000000000000000e+00
-8.178997506156012731e-01
8.592715839225324448e-01
1.000000000000000000e+00
-2.547801649289871406e-02
-1.000000000000000000e+00
-1.000000000000000000e+00
3.621184747870849208e-01
1.000000000000000000e+00
-1.000000000000000000e+00
1.000000000000000000e+00
-3.931001735051079526e-01
-4.720691036869801849e-01
-1.091433456519351752e-01
6.985184573611119552e-01
1.000000000000000000e+00
4.170069328201634340e-01
1.000000000000000000e+00
-3.534965904651080626e-01
6.328282319335551964e-01
-5.831964990426796724e-01
-1.000000000000000000e+00
-2.125436228455643839e-01
5.580805491933449325e-02
8.129498614692283187e-01
-3.703891050508950622e-01
1.000000000000000000e+00
-1.000000000000000000e+00
9.192377042497186235e-01
7.298001562226421601e-01
-1.000000000000000000e+00
-1.000000000000000000e+00
-1.000000000000000000e+00
-6.714949796962597084e-01
1.000000000000000000e+00
-4.325876164405494384e-01
-9.899242419152521899e-01
1.000000000000000000e+00
1.000000000000000000e+00
8.006076327694753303e-01
-1.000000000000000000e+00
