-1.740499855525195760e-01
2.561250421795607801e-01
-6.850652679382157606e-01
1.000000000000000000e+00
7.431044440061800316e-01
-6.273574778766197735e-01
9.065590917072871013e-01
-2.128075172569861562e-01
-4.824691537964327370e-01
-1.983603224648824992e-01
4.820335356439312546e-01
2.805547164461313914e-02
-4.061663666118469629e-01
-8.066252474109582016e-01
-5.454463057154474992e-01
-7.248928623720272135e-01
-3.664598343099154110e-01
5.170605894959268145e-01
-7.546999197760080325e-01
5.743767318243068187e-01
2.699210430658579574e-01
-8.728255582706765381e-01
-4.769195538300007864e-01
-2.673431992708320548e-01
-9.660653278667397093e-01
-7.495204290337326158e-01
-6.753047778836562820e-01
5.039869472827404051e-01
5.719532969560614521e-01
-8.983920849836110611e-03
-7.833015207269100610e-01
1.000000000000000000e+00
-9.653914884486521075e-02
-3.580334822971290576e-01
-7.787688762212039428e-01
-1.516077546981982049e-01
2.428787494960755744e-01
1.577203319391053127e-01
-5.974311920153456690e-01
-6.925472799078402630e-01
5.550674190459885526e-01
-5.847417929158644778e-01
-9.276447781273432502e-01
1.242771476043092321e-01
5.040179335175796194e-01
6.919904757161411679e-02
1.931314376872828031e-01
1.034416761497917170e-01
-1.974631488051626915e-01
-3.578828514442674580e-01
-5.167925927881943382e-01
-3.830846167955636039e-01
8.387049886696165135e-01
9.015745024584884693e-01
2.743137733081226215e-01
1.548624940147735884e-03
-2.746275549340370103e-01
-9.342465338290282251e-01
-5.270890626774676901e-01
-3.426429388432045142e-01
7.347042277924057396e-01
1.736148668779672333e-01
-5.123580175176842832e-01
2.685003821814287983e-01
1.931460960481310718e-01
2.729623781090869117e-01
6.094832441517668009e-01
6.527318055127264707e-01
2.088848787617881286e-01
-9.851501291421543849e-01
-1.152595726554390965e-01
-7.232982753969651180e-01
9.328014596715791251e-01
-6.754590340878061649e-01
-1.999446036669267623e-01
8.669661123127676561e-01
-1.504904436083260855e-01
2.249516789818659934e-01
-5.116616982303643368e-01
3.633621362211362227e-01
-1.439577244998779815e-02
-7.322704169727993762e-01
-2.088340323349959504e-01
-4.333536639389201639e-02
1.842632938961007438e-01
1.000000000000000000e+00
-8.090698547954864317e-01
1.998612443503069436e-01
1.000000000000000000e+00
-9.159008798285320774e-01
-6.494502375073336609e-01
3.828721790341687581e-01
-4.747187805581286613e-01
1.159207298572400846e-01
7.327773104996732068e-02
-5.872100819194115973e-01
8.010740588360761860e-01
-8.568934436543695909e-01
-1.796232714254437646e-01
7.133107814841346261e-01
7.560544662683008621e-01
-9.664638713907173218e-01
8.550485499845001947e-01
-5.981587348991201925e-01
-1.021559990369097504e-02
-3.568820153228722258e-01
6.443499861787087557e-01
4.167195385871624302e-01
-1.000000000000000000e+00
6.783666715331804209e-01
6.599069249085909306e-02
-3.733620710052798497e-01
5.356532856509047535e-01
7.314385674528722792e-01
-8.574564190365049354e-01
2.790633295034513073e-01
6.227245858712987525e-01
2.698434048795470552e-01
3.319243168854471016e-01
1.785004393574307346e-01
4.314569469569565219e-01
1.691172061971272234e-01
-1.581570999833539215e-01
-4.014721284677691404e-01
1.762143247954296443e-01
-1.781960015728334956e-01
-2.794621770872204314e-01
1.000000000000000000e+00
5.662970962044286960e-01
2.100825935491361096e-01
9.741487711159206864e-01
2.665064998933068807e-01
-1.565761353057163463e-01
-4.730515065335921809e-03
-2.435812869762219446e-01
-4.874123703678813757e-01
7.632298358870758248e-01
-1.000000000000000000e+00
-2.380303039037389712e-01
-8.140633958477504484e-01
-4.959049681946961496e-01
-6.508790326415205829e-01
1.822024664900558089e-01
-6.627667669863698263e-01
1.403720667881831197e-01
5.139190893617439082e-01
-7.080666323845159482e-01
3.639230006755581059e-01
-4.931442560312374601e-01
3.528151896958146017e-01
2.205797706084497434e-01
7.916421995764842956e-01
-5.336005378372352670e-01
2.369676924422073616e-01
-4.332492011449148306e-01
-2.753500915156922857e-01
8.825951996502646724e-01
7.116288178735483694e-01
9.898098950781709648e-01
-1.703843274964492172e-01
1.000000000000000000e+00
-3.513275544907001890e-02
-1.452386670738397001e-01
1.303865922304409120e-02
-4.391668693251576938e-01
7.345069608958392227e-01
2.084574991579019598e-01
1.807225284507489871e-01
-8.091385570361421253e-01
-4.648527200070090570e-01
-2.533372429518989111e-01
-2.919039829524567864e-01
2.205354011686411209e-02
4.760096764808904313e-01
-4.334518994762719402e-01
7.351002807770468106e-02
-7.513060757865850370e-01
-1.530585700521388537e-01
-2.330513289508980290e-01
-5.305608712086419265e-01
-7.049428412228566643e-01
1.000000000000000000e+00
4.337812350210670242e-01
1.381288922906988015e-01
-5.731738488563020706e-02
1.418107362203799293e-01
6.777357042571459100e-01
-9.096459922782769159e-01
-9.138863202647486972e-01
-7.884457912825536541e-01
2.499770341974629217e-01
-5.625508617905170539e-01
-7.672833185640683951e-01
5.472216503250220132e-01
-1.977439352428478347e-01
5.492558492928202307e-01
-1.957883155768702643e-01
1.000000000000000000e+00
7.206498273096582086e-01
-8.631718449132781412e-01
9.869969504261860704e-02
6.687203549177755946e-01
8.209696712880864417e-03
-3.982890494290984851e-01
-5.102709081789907897e-01
-4.076008434296355398e-01
-1.923630244749777729e-01
-6.202162798036907621e-01
-1.000000000000000000e+00
2.959707762582153845e-01
-9.158251013490602555e-01
-1.000000000000000000e+00
7.058457899813880276e-01
5.693562232526239164e-01
3.536890771235675635e-01
-6.225405079412206222e-01
1.000000000000000000e+00
1.000000000000000000e+00
9.184293514842395423e-01
6.127920270037044981e-01
-8.157226858590313490e-02
-1.342170328056129236e-01
1.000000000000000000e+00
8.497932519853859112e-01
7.795432474746748497e-01
3.649523986880811588e-01
-4.042832577446676678e-01
4.973066218901724955e-01
-5.767930468731711224e-01
5.807976278442981144e-01
9.624999540106946583e-01
-5.843195946488776160e-01
-9.021398832979796722e-01
-1.000000000000000000e+00
-6.165504127884371410e-01
4.455388892790562161e-01
-7.351440026468545330e-01
-7.277829664144874755e-02
7.651230912501314485e-01
8.908948044072042549e-01
2.085590950024448498e-01
3.373634273118076843e-01
-7.027418459098200287e-01
-5.101885412453189828e-01
6.024072612379423042e-01
7.790609870073035292e-01
4.793385433768876380e-02
4.221331608470182406e-01
1.461404271143472433e-01
4.829869846157417435e-01
-8.083562587864817628e-01
7.248125135056747714e-01
5.977614547953931101e-01
8.353910500476594558e-01
-4.627675802712143405e-01
-6.908718986100167436e-01
-5.453344857584392635e-02
-5.290583147247542861e-01
-2.663615652485565310e-01
2.689020947118387350e-01
-7.789488703880715903e-01
7.213243583917936519e-01
1.596391986158559873e-01
7.772699829577800479e-02
4.871239377136810100e-01
