2.791902877533163352e-01
-3.959230106118154513e-01
7.278371835028196735e-01
9.668857122777573254e-01
6.938585430257630804e-02
-2.938896856684640735e-01
9.443052883081903826e-01
-6.630707391031112063e-01
6.361059560343415020e-01
1.983687551609993327e-01
2.449877307872615553e-02
-5.167226055466267454e-01
-4.205501563042623459e-01
4.104256872556032443e-01
4.211964079523211613e-02
-6.739542289175344258e-01
-8.928862707416572730e-01
6.831419118323440731e-01
4.963734295784181377e-02
1.893615080444373266e-01
-1.000000000000000000e+00
-1.035995735752656133e-01
-1.682420710036314215e-02
-2.944852925142996680e-01
6.937793448447855393e-01
8.045179743602287603e-01
6.664095495070906927e-02
-8.305791822524314361e-01
-1.000000000000000000e+00
-1.550887854671285093e-01
-7.334214712323834373e-01
-3.264274357194028586e-01
9.703647897457166049e-01
2.090515666169120990e-01
8.937395692360521060e-02
2.554726775572838116e-01
5.105781030835643275e-01
-2.998740229595293627e-01
-3.080998057112823707e-01
1.200256063096773462e-01
3.690417618442054515e-01
-9.801936183180403050e-01
-5.299959553720806626e-01
-4.694299580738248157e-01
2.440237447952569305e-01
1.000000000000000000e+00
9.178876491346814603e-01
4.885479318508189617e-01
-3.293076695987495750e-01
-5.443806669544822840e-01
9.441860019404814119e-01
-7.776138829098284688e-01
4.516535919609921956e-01
-1.758858380637136343e-01
-1.736599051916085934e-01
1.575918547479665255e-01
1.535443493303351448e-01
8.272774213946688660e-01
4.531963654759564863e-01
1.553077286102104437e-01
1.000000000000000000e+00
6.917542701062920907e-01
-6.080588861863933658e-01
-2.721003673578334739e-02
1.953487694918649431e-01
4.062249129026569427e-01
-4.587267171083500017e-01
-4.963226979333776878e-01
-1.686475699956613006e-01
-8.492407401307431325e-01
4.675740896726371942e-01
8.448808395190351428e-01
-5.443737533467399858e-01
4.154262700679495213e-02
-4.886436011073420627e-01
1.447468193754551657e-01
-8.090804965942075544e-01
1.000000000000000000e+00
4.959505169799036661e-01
9.936061030279688122e-01
-1.000000000000000000e+00
-9.298317585021476095e-01
-3.967445233225141421e-01
-2.134760448331736449e-01
2.699118877978813891e-01
5.449127031319497272e-01
-4.664113333614971491e-01
2.159722581754254800e-01
5.496573237393271860e-01
-9.001127638977792778e-01
5.331901396390053005e-01
-1.815415451805507674e-01
3.993009442694645528e-01
-8.650938661903441185e-01
-2.897251229545252382e-01
-2.922596701968970673e-02
-4.971777903376586871e-02
-5.152375442895563706e-01
8.044702295761397837e-01
-9.263941619106593750e-01
3.471895486460805369e-01
3.059710522164656443e-01
7.960811630363564539e-01
-6.663708090726778721e-01
-1.000000000000000000e+00
3.235848993918927774e-01
5.505143209280652927e-01
8.311405411200637472e-01
-1.000000000000000000e+00
3.148050974790388978e-01
5.829966870524950773e-01
2.950576955005519975e-01
-5.376473016957118434e-01
3.582614486974874946e-01
1.707871485070990014e-03
-8.573499563353588482e-02
-8.760264786230067546e-01
-9.847731806990248637e-01
7.726675653642486319e-01
-1.835300093880314898e-01
-6.658882797515488505e-01
-1.671731178412077246e-01
-6.669921171213750999e-02
-2.046242479450568474e-01
-7.185669166611996506e-01
2.417637271491520634e-01
-3.406284682627316873e-01
1.954953807743352034e-01
-3.644720642995060156e-01
7.326971107539530514e-01
1.306326108447331269e-01
2.963750871338783344e-01
8.551014058326525946e-01
-2.147271282823432770e-01
3.165754464558097614e-01
3.301681701615591380e-01
-8.906168864616490488e-01
1.000000000000000000e+00
5.657765099389906044e-02
8.957011454186447619e-01
8.159430487855347247e-02
5.851138885472971785e-01
-8.698963501976445523e-01
4.336828532041980266e-01
7.006134889717212655e-01
-2.929379816068354292e-01
-1.087477712120018952e-01
1.000000000000000000e+00
-9.894537881756787501e-01
-1.407823400580383577e-01
6.205990709270495786e-01
1.543263383465818539e-01
2.929384330399844028e-01
9.710696337316394589e-01
5.230456400197391886e-01
-9.560756475337354177e-01
-3.864863812911124019e-01
-3.118078980873293937e-01
7.380840660247142138e-01
-4.491584925553605001e-01
6.976200688105579362e-01
-3.462462488224764545e-01
-9.260260055538453994e-01
-6.458449543929370984e-01
-4.292638424138837255e-02
-6.685816915896252155e-01
5.314080833489773781e-01
-9.954060441433496553e-01
-9.285801847676506959e-01
-1.858231690961693883e-02
-3.311237354398877675e-01
-4.628855923127564442e-01
-6.191589495709668434e-01
1.000000000000000000e+00
-2.607447614879269127e-01
7.770707020739504589e-01
4.837153063099203926e-02
5.614425810500693892e-01
-1.490268933671413387e-01
-7.249342599900135964e-01
2.499677714737541800e-01
3.804207193877188198e-01
8.412938500749990167e-01
-1.216370887364039699e-01
-2.588275123663166255e-01
-6.293008538781194039e-01
-5.683221562392397619e-01
-2.418224751553532115e-01
6.221847446235736490e-01
6.648970470994106097e-02
-3.055927519852517094e-01
4.385901827402736708e-01
-4.068035850066734765e-02
-1.000000000000000000e+00
1.010748091690987782e-01
5.968023274013897206e-01
-1.567738362193588642e-01
-1.423761896340946520e-01
-4.642753372873709705e-01
-4.160143507842436472e-01
9.100924217658430404e-01
8.138550725050998358e-02
6.458875970752920859e-01
-6.443268884872396240e-01
-1.101624994005655361e-01
8.503003224450018660e-01
8.716433634612381631e-01
-5.037741902713182007e-01
-1.081381462379585878e-01
-1.230442239772986945e-01
2.562294454639665320e-01
-2.901024642397420639e-01
7.583373964288641078e-01
3.169750548801287815e-01
-1.914565564394347663e-01
-7.147428088452275619e-01
1.879717445072722759e-01
-9.052582414037270153e-01
1.000000000000000000e+00
4.281456590112331373e-02
-1.721476691570615336e-01
8.650386919670396413e-01
-4.494470985336974089e-01
4.449035606520784225e-01
-2.132795006331058008e-01
2.194200320539762272e-01
-4.447187380832087755e-01
9.341229063474405514e-01
4.386018493854581535e-01
-2.804272381301246564e-01
7.308973042193160907e-01
1.926425665837787904e-01
8.168564781582217382e-02
1.940525186989672801e-01
2.132540821388013708e-01
-6.509963259636160071e-01
-6.365962010961241369e-01
-6.192449937579382890e-01
6.582106652793002777e-01
1.000000000000000000e+00
-3.649855606347824355e-01
9.348438359179140900e-01
9.545754183082996169e-01
-8.781170379176814755e-01
6.989147763737560415e-02
5.570795007341060590e-01
6.850872760899134883e-02
9.006153990826795130e-01
5.099141997267977455e-01
3.767122350011244403e-01
-6.936336534047063962e-01
-3.521119678485980509e-01
3.886366062959656920e-01
2.913810864420908198e-01
9.723032569291417682e-01
8.883554568403799756e-01
1.000000000000000000e+00
1.518769883569100199e-01
1.711063034210752731e-01
3.195174550209824993e-01
-5.219691217503076575e-02
3.938321213788582020e-01
-7.178299390321891682e-01
2.478960296994818513e-02
1.870015542148103782e-01
