-7.156614418558902013e-01
1.588618758981462098e-01
2.951251606149410955e-01
-4.468204797929176131e-02
5.367355942808502700e-01
-9.239473329176917105e-02
-2.726347279466324047e-01
-2.112088424736404679e-01
9.202642003288342698e-01
-5.456570350831374538e-01
5.538123359501536669e-01
6.176173612770775589e-01
1.296470396707327666e-01
-7.688386134423219609e-01
1.000000000000000000e+00
-6.444598375857126804e-01
5.822821126400459235e-01
7.542341301173134394e-01
-1.697491375552415971e-01
-1.090025966437861982e-01
-1.000000000000000000e+00
1.463913303710159264e-01
-2.246083017623542177e-01
-1.482286541332153984e-01
-9.462287708992738189e-01
-8.489682823988627947e-01
-3.675397394530667272e-01
-3.887228065105678976e-01
-1.195565861854728240e-01
-5.006354695137426036e-01
-8.278395910485844000e-01
-3.284889537290199835e-01
2.458005751779750447e-01
1.931255025942112402e-01
7.243920793047253781e-02
9.539756657588758237e-01
8.289303601924563614e-02
9.572846023010940231e-01
-7.093687460274706869e-01
1.000000000000000000e+00
3.224472394292570709e-01
3.157001065794307060e-02
2.107551026702260133e-01
6.119894116543913576e-01
-1.274538557712899811e-01
8.345516481384669394e-01
-3.217080512987441354e-01
-1.000000000000000000e+00
-3.659134887105695011e-01
8.845225953687196885e-01
-1.432752997077760826e-01
-1.195565861854728240e-01
1.195565861854728240e-01
-6.487434420222407683e-01
1.416473654227554668e-01
-1.000000000000000000e+00
2.743558311170374298e-01
-2.759330422176079489e-01
2.941535265560965007e-01
-5.984793039842999374e-01
8.796147869291351951e-01
3.171171686845170035e-01
2.744848926753833407e-01
5.994464023820009202e-02
3.759928775381320420e-01
-5.172388916611584397e-01
-4.256883724919389711e-01
7.627154373083961936e-01
3.716049207740903526e-01
4.232543864327381611e-01
4.774940676223581870e-01
9.956179268888306622e-01
-9.938286480991638250e-01
-4.201033113229952765e-01
1.000000000000000000e+00
-1.838763645589616691e-03
-6.705577039801124961e-02
9.336529680464846770e-01
1.760565739552087949e-01
8.449359247779781867e-01
-8.275156369277162360e-01
-3.441416432553128235e-01
-5.888284420220535331e-02
7.340157702178518040e-01
1.195565861854728240e-01
4.097474930212174349e-01
-3.174200164961208381e-01
-9.099624810567918942e-03
-1.000000000000000000e+00
-7.479928984391513991e-01
5.542081131946914319e-01
5.722742308998240990e-01
-4.375331511159005204e-01
1.593555598000507834e-01
-5.144186642408543619e-02
-5.684497901186651436e-01
1.263164850335858347e-01
4.044391747269000525e-01
-5.684317500689708424e-01
-7.641783479759545195e-02
-3.440339028764142215e-01
-8.377661225414715362e-01
1.803938452782558599e-01
9.142002453212076940e-01
-1.195565861854728240e-01
-7.829101396201587626e-01
-9.805796139459063143e-01
8.255281780024106286e-01
3.621821732150063977e-01
-4.608626204901952739e-01
3.453806801996782694e-01
-2.379668532681908921e-01
-9.539191170337885106e-02
1.000000000000000000e+00
-5.377422288971470676e-01
1.676830280186353272e-01
1.967122217366015224e-01
1.061035669574583729e-02
-1.080364523641137442e-01
-7.246152712624153169e-01
3.726196337398937630e-01
-9.601369473400389598e-02
-1.151977671397357850e-01
8.259521344564129119e-01
6.977454854941816942e-01
2.424757631659255619e-01
-5.981180951457916173e-01
6.119430688630427273e-01
7.642349415365002896e-01
-1.099290635001843874e-01
1.000000000000000000e+00
-1.000000000000000000e+00
9.077608483199999245e-01
-1.000000000000000000e+00
9.084321919098928833e-01
9.846322050099325374e-01
-1.860852621620864289e-01
4.925484949007163937e-02
-6.512592581029515160e-02
2.032416132908930750e-01
8.253337313065683967e-01
1.000000000000000000e+00
6.825866523506336492e-01
-4.285608988015797705e-01
4.943600589101139198e-01
-1.000000000000000000e+00
1.000000000000000000e+00
1.195565861854728240e-01
-4.120276852182709892e-01
1.195565861854728240e-01
-8.233712754866210348e-01
2.372682044923734024e-01
5.744650317221339231e-01
-7.642822735889676089e-02
6.132391300184094618e-01
-1.000000000000000000e+00
-1.464801733525762095e-01
1.195565861854728240e-01
-7.500479061412479442e-01
2.361319126780448974e-01
1.195565861854728240e-01
-2.217275557611538828e-01
-5.092400849398659446e-02
-2.673107392789365044e-01
-8.685131769506961863e-01
2.101555436761249895e-01
4.449570400970687123e-01
7.318842771050682039e-02
8.849029957649390266e-01
-1.558536490447290923e-01
-1.481588895066278111e-01
1.420478385606822602e-01
5.566074261973487092e-01
-1.195565861854728240e-01
5.335947992001626172e-01
-4.025539899562243784e-01
7.867336614223903180e-01
-1.000000000000000000e+00
2.154656283203058020e-01
1.000000000000000000e+00
2.583556003010490376e-01
-1.962139643172812198e-01
-2.861523331087590938e-01
-3.683881127254329257e-02
1.000000000000000000e+00
-1.000000000000000000e+00
-1.072774606314420009e-01
-1.558501890197828699e-01
-4.526196712550945023e-04
6.634381599120385831e-01
4.212456435964186952e-01
-1.195380124434588520e-01
1.000000000000000000e+00
6.109008911828039956e-01
-3.095019860177757320e-01
-2.668595633594381122e-01
-2.562593157112246223e-01
-1.010833735488326224e-01
1.000000000000000000e+00
4.533729849212164709e-01
2.411608803205460561e-01
-1.195565861854728240e-01
1.195565861854728240e-01
-6.977454854941816942e-01
6.591292381386312238e-01
-2.136689860533569352e-01
-1.000000000000000000e+00
-1.042256678925250757e-01
-4.629874256696653312e-02
-9.878432325665300606e-01
-6.519489708527688165e-01
9.054780534602623332e-01
9.316713951658953663e-01
-1.925003667300851928e-01
4.470231612752827988e-01
-3.127095915115931102e-01
8.674506827117623997e-01
-8.337105591527822490e-01
2.641820108853467630e-01
1.000000000000000000e+00
6.537775090216630947e-01
2.896219186258729428e-01
9.386496607424873462e-01
-2.486836444500778454e-01
2.044025118855887779e-01
-2.379537145426735556e-02
5.091391230579613847e-01
-5.753964578655745843e-01
3.419721922936005409e-01
2.621312704743669064e-01
-2.218017001283731915e-01
-1.000000000000000000e+00
5.023700210084389717e-01
9.571234054371298150e-01
-1.334098210626507575e-01
-4.489180332405687812e-01
-9.989200724447721003e-01
9.147656176522255267e-01
9.334647013879128208e-01
-4.768881553997772471e-01
-9.161712539754789386e-01
-9.082622701427596201e-01
-7.501598753996741031e-02
-1.088532289064797487e-01
3.437306538945385515e-01
1.537476358159009793e-01
-6.355097041104293965e-01
1.000000000000000000e+00
-2.481320905004368305e-01
6.403812668230839389e-01
-1.195565861854728240e-01
-2.849670341068260004e-01
-4.405732250001796468e-01
-1.833230672168539854e-01
-1.000000000000000000e+00
-5.584427126330124835e-01
-7.796151701399748335e-01
-1.000000000000000000e+00
-3.497472753005230750e-01
-8.148936934678853161e-01
1.355666321287750664e-01
3.616740028852317712e-01
1.414301614709729815e-01
1.000000000000000000e+00
9.816048421582654893e-01
