-3.493343967729374278e-01
5.425828418583389379e-02
-2.321353013521899877e-01
5.556250021620883217e-01
-3.543486727879958664e-01
4.630027309984984796e-01
-2.417363593339961758e-01
4.421163563603102697e-01
-2.895125150901451394e-01
3.373522070342033219e-01
-7.075711182677840716e-01
3.643912130625017731e-01
-1.573786068385388259e-03
1.438050213040406033e-01
8.428615334016223426e-02
-4.433661928571813737e-01
5.983212749098146821e-01
3.688784952607340739e-03
-9.814041634319743412e-01
1.889095261691118299e-01
-2.711703146955142252e-01
9.375974904737820192e-02
-1.000000000000000000e+00
-3.053810211840072286e-01
-7.511081174868539101e-05
1.000000000000000000e+00
-4.981187301235693310e-01
2.867374254965950886e-01
-5.254663281477311987e-01
4.526343917078601287e-01
-2.418922007163010757e-01
-3.045995519569495991e-01
9.163902961738790154e-01
1.194546394975296577e-01
1.087815486827784783e-01
1.000000000000000000e+00
-5.140061993529720930e-01
9.156062037964927125e-01
3.400145571861561966e-01
-1.000000000000000000e+00
6.348650722014355097e-01
-4.284383516304948181e-01
-6.286299054585540169e-01
7.000506606428794076e-02
3.740013644361232514e-01
-1.579884412297622165e-01
-2.385580813537256650e-01
-5.465454462088371601e-01
4.170856070666905113e-01
2.277331859586103902e-01
-7.832246137747642667e-01
7.503668512417978054e-01
3.715416967118544411e-01
-7.628588829208560185e-01
-6.556877287899282036e-02
-1.072854056795856104e-01
-4.358025869696956489e-01
1.964675872789371225e-01
5.297844996313549881e-01
-1.721070741210194432e-01
-1.865572481273332708e-02
-1.247988024148816016e-01
-1.046458054873085353e-01
-2.874837388383350012e-01
2.790409290199697967e-01
-5.828583345232766222e-01
7.069515004478306164e-01
2.745578419128428260e-01
-3.585026656624641372e-01
-5.598066115069361137e-01
3.704322543822807789e-02
1.713284495106386085e-01
4.856123962452040255e-01
2.183213362412294301e-01
-1.535876916981388784e-01
2.139849232567212767e-01
6.126041079221232755e-01
1.347430338650464354e-01
-7.120740026956373647e-01
4.904740779656955318e-01
6.817790545683394265e-01
6.398889692993550149e-01
-4.031081325402695592e-01
-7.287373069037890172e-01
-5.887189669250948443e-01
3.340798115458117890e-01
3.314575246921800944e-01
-4.147101359402379783e-01
-3.056238231944874428e-01
4.186577504682531536e-01
4.373816719851351120e-01
-2.631413112155978062e-02
-5.032288466767486090e-01
-1.188306520523413345e-01
1.000000000000000000e+00
-6.745509143868469448e-03
4.248432825613167596e-01
-2.672991122330716784e-01
1.276057743948636192e-01
2.755673445928579768e-01
-3.246609611357493402e-02
1.592955151872032377e-02
2.805857026814294608e-01
-8.179438583865200618e-01
-7.262975501585935967e-02
1.402297710490316707e-01
2.922993270209549577e-01
6.502453874919292831e-01
2.639154438853732465e-01
-1.000000000000000000e+00
-9.226233536673841829e-02
-9.015549503717092961e-01
-7.185030664241798259e-01
-3.046208356902164738e-01
7.410355219794368953e-01
-5.710548831550102400e-02
7.513608923032253362e-01
-4.064376364419778898e-01
-1.587067359392903276e-01
6.503000752388162775e-01
-3.396404234421450674e-01
6.555636514553436767e-01
-7.335864033599180933e-01
-9.826500198402535746e-01
-1.000000000000000000e+00
3.105718605455292103e-01
5.106283387864958279e-01
6.526586174343054214e-01
-4.107413662838381718e-01
-6.240736107429569746e-01
-3.262004013729855045e-02
2.881913252085798738e-01
3.005388989958138746e-01
-1.000000000000000000e+00
4.246105900112116804e-02
2.091829571121407438e-01
-1.680175707877547553e-01
1.776798085398916816e-01
-3.169495151435237634e-01
-3.543409903165352093e-01
-6.729529708535255672e-01
9.512085704150496923e-01
-1.037163868998880190e-01
5.544133423254588022e-02
-3.870269666592124347e-01
-2.472314811603998005e-02
-8.721375166402527412e-01
2.519264244894652838e-01
-4.487777513554267461e-01
2.467714750467605023e-01
3.662588937813422429e-01
-2.654767762769335779e-02
4.962308144268501864e-01
-7.135174947745931417e-01
1.000000000000000000e+00
-1.565029419514785136e-02
-7.594784242331477364e-02
1.815862664752669331e-01
3.507931788294954001e-01
3.737640257442099712e-01
2.240229219079263590e-02
4.331265263060710691e-01
-3.335066677304523997e-01
1.033146821522682446e-01
1.486624865826459418e-02
-1.282554455509374580e-01
-2.634811952881495056e-01
4.503990153054390766e-02
3.473806768570296688e-01
4.534057340211264941e-01
7.609733451295293272e-02
1.000000000000000000e+00
-8.252700984910447124e-01
7.349821426239547817e-01
-3.314406706357891363e-01
-5.702274280416053109e-02
7.679874553622549616e-02
-1.951954412009574424e-01
-2.479541908118226834e-02
2.044077913577906080e-01
-6.365335157383693598e-01
-6.705472410320424403e-01
2.183535756737955413e-01
8.666654871716417130e-02
5.356777271896422388e-01
-9.318028827570337680e-02
1.000000000000000000e+00
-4.078397319073673866e-01
2.150561739714705878e-01
-9.799086762405728734e-02
-6.104563354879966042e-01
-1.802991138787146952e-01
-2.663016479819413362e-01
5.276813606364956222e-01
7.763839178071666458e-01
-1.000000000000000000e+00
-2.365344194235048936e-01
-5.462776080171964921e-01
-9.210519485249332727e-02
2.958606911795210737e-01
7.479920902472899646e-01
2.102573628792722693e-02
3.015369657650989743e-01
6.751999082911953193e-03
4.201244487268787631e-01
-8.726237985445473022e-02
5.020314310252610435e-02
-5.347558204182893959e-01
-3.585356720437192224e-01
-1.000000000000000000e+00
-8.091570884971801547e-01
1.000000000000000000e+00
-5.030887149134561503e-02
1.000000000000000000e+00
1.403260586301559032e-01
-1.000000000000000000e+00
-1.297079740829050198e-01
-2.518821904465458617e-01
6.668743177253594334e-02
2.700202909530578510e-01
4.910656825170606199e-01
-3.289555798113714125e-01
4.273357822039454690e-01
8.205019332459677628e-01
-5.408150592675251556e-01
9.838142083093032175e-01
-2.561745777074128094e-01
-5.528967435514710038e-01
8.474459564371614739e-01
1.000000000000000000e+00
-6.562790705912020517e-01
5.643042742433006520e-01
-1.000000000000000000e+00
-4.769403924220880220e-02
2.427303290136223479e-01
1.741781176798493647e-01
2.218875196198958344e-01
-9.566748257090226804e-02
2.163992939200392041e-01
1.894285887413159342e-01
1.000000000000000000e+00
-8.216469550971319258e-01
1.000000000000000000e+00
1.222080540381391689e-01
-5.175914758923035874e-01
-2.287660787597141088e-01
-6.093407742452784381e-01
3.348548319167450327e-01
7.309570345236159339e-01
6.006982909929220460e-01
-8.282450235665157479e-01
-2.615874228789722422e-01
4.901719954561590820e-01
-1.620606357787366392e-01
-1.072309769227298981e-02
-1.932282724791538620e-01
-2.457429413217027403e-01
-1.000000000000000000e+00
7.204176542434872488e-01
-7.205020822932969304e-01
-2.338371512264019736e-01
4.346186766389578682e-01
5.540928869335677576e-02
7.630506001559379525e-01
9.979240572189713721e-01
