,gen,best,mean,sd,med,worst
0,0,21.179917069647637,-5.5041301705281676,3.2784965289809573,-5.8289456176102075,-7.27655640271871
1,1,21.179917069647637,-4.906545315303643,4.043398206385337,-5.82600010738045,-7.27655640271871
2,2,21.179917069647637,-5.121538405386085,3.817716939995589,-5.82600010738045,-7.2813856635702825
3,3,21.269900217026425,-4.917459863142163,4.522825750186991,-5.82600010738045,-7.2813856635702825
4,4,21.269900217026425,-4.688280608793106,4.934785676484873,-5.82600010738045,-7.2813856635702825
5,5,21.269900217026425,-4.780409572313806,4.899130591929712,-5.82600010738045,-7.2813856635702825
6,6,21.269900217026425,-4.647836513823772,5.044477299552049,-5.82600010738045,-7.2813856635702825
7,7,21.269900217026425,-4.415152277004403,5.582149174659199,-5.82600010738045,-7.2813856635702825
8,8,21.269900217026425,-4.324938840346404,5.493329537162422,-5.82600010738045,-7.2813856635702825
9,9,21.269900217026425,-4.0355246611461695,6.0624936897373685,-5.82600010738045,-7.2813856635702825
10,10,21.269900217026425,-4.3370413908535586,5.590695450483422,-5.82600010738045,-7.2813856635702825
11,11,21.269900217026425,-4.254540294807736,5.6552848348535605,-5.82600010738045,-7.2813856635702825
12,12,21.269900217026425,-4.0118339314364135,5.9776411182091636,-5.82600010738045,-7.2813856635702825
13,13,21.269900217026425,-3.884011968641479,6.2460452421316255,-5.82600010738045,-7.2813856635702825
14,14,21.269900217026425,-3.5536442406621553,6.5305123580916105,-5.82600010738045,-7.2813856635702825
15,15,30.02873816020954,-3.528410893989644,7.140556617739724,-5.82600010738045,-7.2813856635702825
16,16,30.02873816020954,-3.987191598656346,6.534586355109243,-5.82600010738045,-7.2813856635702825
17,17,30.02873816020954,-3.638458707318025,6.8758128182110925,-5.82600010738045,-7.2813856635702825
18,18,30.02873816020954,-3.6775491809581538,6.835222528880321,-5.82600010738045,-7.2813856635702825
19,19,30.02873816020954,-3.5046191750106206,7.097678339887762,-5.82600010738045,-7.2813856635702825
20,20,30.02873816020954,-3.3267654734262897,7.2217468566329766,-5.82600010738045,-7.2813856635702825
21,21,30.02873816020954,0.12730627024826363,9.585284428371814,-5.730099782973574,-7.27655640271871
22,22,30.02873816020954,0.6363853512673794,9.615385950848735,-5.5233613018232575,-7.27655640271871
23,23,30.02873816020954,2.2807885396839347,9.59465591111817,-2.70805020110221,-7.311886164077165
24,24,30.02873816020954,3.295783958271937,10.051144039857395,-2.70805020110221,-7.247792581767846
25,25,30.02873816020954,2.4105890881834,9.783413208155538,-2.70805020110221,-7.247792581767846
26,26,30.02873816020954,3.003788291266865,9.829845241251855,-2.70805020110221,-7.247792581767846
27,27,30.02873816020954,2.566227739632716,9.637205603180481,-2.70805020110221,-7.270312886079025
28,28,30.02873816020954,3.094350643902039,9.748697418944369,-2.70805020110221,-7.300472814267799
29,29,30.02873816020954,2.637849844678343,9.987682304053603,-2.70805020110221,-7.318539548567902
30,30,30.02873816020954,4.389442170904115,9.846897333781637,3.26827947006434,-6.616065185132817
31,31,30.02873816020954,4.757155212539317,10.048604239315324,3.401578041001625,-7.247792581767846
32,32,30.02873816020954,3.8599274081386628,10.11131902395907,-2.70805020110221,-7.247792581767846
33,33,30.02873816020954,3.6748159593090213,10.115145387323354,-2.70805020110221,-6.298949246855942
34,34,30.02873816020954,4.568213454450855,10.25575353130849,3.260207087820766,-7.38025578842646
35,35,30.02873816020954,5.0839816561228615,10.430919585507535,3.3652103968307507,-6.53813982376767
36,36,30.02873816020954,5.639743461567177,10.806488379637534,3.2731575575370226,-7.247792581767846
37,37,30.02873816020954,5.012771457718703,10.937723568911085,3.2100398291027465,-6.440946540632921
38,38,30.02873816020954,5.470822513433291,10.871342711842125,3.337039519864054,-7.247792581767846
39,39,30.02873816020954,6.144264449093552,11.238346043970948,3.405288620398161,-6.246106765481563
40,40,30.02873816020954,5.7219736841852455,11.189088375796253,3.8761954847983797,-7.247792581767846
41,41,30.02873816020954,4.211524441702323,10.139735839020842,3.1998066296298884,-6.349138991379798
42,42,30.02873816020954,5.699708924193641,10.385221676792117,8.056206772792262,-7.247792581767846
43,43,30.02873816020954,4.122778891965544,10.432045820661143,-2.70805020110221,-7.247792581767846
44,44,30.02873816020954,5.499621180443372,10.809128089718355,3.403433330699893,-7.247792581767846
45,45,30.02873816020954,5.971923493548827,11.215940893906167,3.727000441436253,-6.320768294250582
46,46,30.02873816020954,5.691483212541534,10.936602547859334,3.3198273909829323,-7.290292882446597
47,47,30.02873816020954,5.996649645260197,10.525105127346395,3.8644784562144636,-7.247792581767846
48,48,30.02873816020954,5.619377286803748,10.933367280663047,3.2348088972151556,-6.429719478039138
49,49,39.028738160209535,5.613259860271815,10.913812825628234,3.4360744767451012,-7.247792581767846
50,50,39.028738160209535,6.819468735639265,11.523074167496747,12.245943046013497,-7.290292882446597
51,51,39.028738160209535,6.7963194564723395,11.672742475920948,12.033853260876308,-7.247792581767846
52,52,39.028738160209535,6.55513800357507,10.995219674625579,4.418585305347435,-6.2878585601617845
53,53,39.028738160209535,5.404601546204761,11.174022970697749,3.231679004206228,-7.247792581767846
54,54,39.111122041667116,6.743288978363442,11.75233615738781,3.592828228539881,-6.320768294250582
55,55,39.111122041667116,7.023519015661565,11.36365284733996,12.221002785831097,-7.247792581767846
56,56,39.11389596854984,8.340495872469265,11.34713919102513,12.531975466962166,-7.142036574706803
57,57,39.11389596854984,7.1076833849397705,11.811805962571734,12.296217525343799,-7.300472814267799
58,58,39.11389596854984,6.397509179080266,12.000357770439653,3.986970447537846,-7.247792581767846
59,59,39.11389596854984,4.924804847622074,11.296188921160597,3.260207087820766,-7.247792581767846
60,60,39.11389596854984,6.103895403153158,11.157500538046309,3.662461920298682,-6.2878585601617845
61,61,39.11389596854984,5.9599910664396365,12.09577894992418,3.4090130194891435,-7.247792581767846
62,62,39.11389596854984,6.665373164336727,11.740223582362855,3.9124036647676164,-7.247792581767846
63,63,39.11389596854984,7.355208842547594,11.525172221553566,12.365848559010553,-7.247792581767846
64,64,39.11389596854984,6.404594365525405,11.579343829199582,3.724992643769576,-7.247792581767846
65,65,39.11389596854984,6.761023469235648,12.048764259942502,3.320812647439185,-6.885509670034818
66,66,39.11389596854984,6.594226269486362,11.934422636780948,3.56627799644576,-7.289610521451167
67,67,39.11389596854984,5.092281764948794,11.698153632399874,3.2223476767773436,-7.247792581767846
68,68,39.11389596854984,5.453682169007659,10.747814864580125,3.4052955302453842,-7.247792581767846
69,69,39.11389596854984,5.753766907215732,10.76504161109511,3.6666514837294772,-7.2633296174768365
70,70,39.11389596854984,5.263511575626973,10.337188796384535,3.8940545260994197,-7.247792581767846
71,71,39.11389596854984,5.110543231656189,11.054883294387535,3.2731575575370226,-7.380879035564116
72,72,39.11389596854984,3.500266410805494,10.576522714548975,-2.70805020110221,-7.247792581767846
73,73,39.11389596854984,4.5535619695497855,10.33352718211383,3.269900217026426,-7.247792581767846
74,74,39.11389596854984,4.090362886573236,10.621554828323534,-0.43754403900721495,-6.285998094508865
75,75,39.11389596854984,5.646642677892154,10.896591279393206,3.557732234187219,-7.091742115095153
76,76,39.11389596854984,4.0025711251840015,10.902346063174022,-2.70805020110221,-7.247792581767846
77,77,39.11389596854984,5.114006098363732,10.86339615704911,3.4178906546596637,-7.247792581767846
78,78,39.11389596854984,5.054091860991989,11.01105575067555,3.273152252412803,-7.247792581767846
79,79,39.11389596854984,3.740115035631799,10.927119208026594,-2.70805020110221,-7.247792581767846
80,80,39.11389596854984,3.1599797192415915,10.849366925476746,-2.70805020110221,-7.247792581767846
81,81,39.11389596854984,4.666059937703198,9.8075578545063,3.3581180793347722,-6.298949246855942
82,82,39.11389596854984,3.628191289493305,10.61599978681256,-2.70805020110221,-7.270312886079025
83,83,39.11389596854984,4.145803531163219,10.507063140734754,3.3652103968307507,-6.723832440821209
84,84,39.11389596854984,6.132945925089458,10.33486605131925,12.210058533452447,-6.8501261661455
85,85,39.11389596854984,5.085917586011389,10.573120057732083,3.903229095433518,-6.803505257608338
86,86,39.11389596854984,5.6353600685677385,10.706889108663283,3.6850136036467083,-7.1929342212158
87,87,39.11389596854984,5.18767056783058,10.382321487360725,3.490169301458379,-7.3833681469923835
88,88,39.11389596854984,5.343661556625929,10.532598201361102,3.499450329564673,-7.247792581767846
89,89,39.11389596854984,6.1251450260509905,10.523674666056435,7.909626003684058,-7.247792581767846
90,90,39.11389596854984,5.612583719466635,11.08913208833627,12.225467744206949,-7.305188215393037
91,91,39.11389596854984,5.175197278508284,11.207724902924426,3.3565110068383577,-7.247792581767846
92,92,39.11389596854984,6.355291186730634,10.784267190772546,3.9777669271021496,-7.247792581767846
93,93,39.11389596854984,4.488854129992764,10.91362802663107,-2.70805020110221,-7.247792581767846
94,94,39.11389596854984,5.619993116762448,11.161819469566534,3.490169301458379,-7.247792581767846
95,95,39.11389596854984,4.443681205191884,10.657203239590741,3.269900217026426,-7.247792581767846
96,96,39.11389596854984,5.558541521630841,11.190206073380226,3.7796441749216756,-7.247792581767846
97,97,39.11389596854984,5.689259780023644,11.015041482173466,3.5973226181277207,-6.723832440821209
98,98,39.11389596854984,6.267098163069071,10.72059055919886,12.353511597723731,-7.247792581767846
99,99,39.11389596854984,4.615736833537395,10.337482257227249,3.228558876869984,-7.246368080102461
100,100,39.11389596854984,4.422627415740485,10.686591641516266,3.228558876869984,-7.247792581767846
101,101,39.11389596854984,5.05828470532141,10.693799465313615,3.3652103968307507,-7.247792581767846
102,102,39.11389596854984,4.583175133612242,11.198223819663484,3.228558876869984,-7.247792581767846
103,103,39.11389596854984,5.236670325886939,11.418360886737092,3.2223476767773436,-6.954638864880987
104,104,39.11389596854984,6.228903560412621,11.154048228351758,8.905952618485568,-7.247792581767846
105,105,39.11389596854984,4.795449643194279,11.030951999636251,3.2223476767773436,-7.247792581767846
106,106,39.3978811791203,6.494809091657688,11.787391023051603,3.622732242325827,-7.247792581767846
107,107,39.3978811791203,6.996192027783698,11.59786979729473,12.412751341599751,-7.247792581767846
108,108,39.3978811791203,6.222994124876759,11.59432419284042,3.710586442776946,-7.270312886079025
109,109,39.3978811791203,3.0549928422399883,11.01652592462322,-2.70805020110221,-7.247792581767846
110,110,39.3978811791203,4.885188174565875,11.36225638602244,3.219256484207671,-7.311886164077165
111,111,39.3978811791203,5.0749388127901165,11.427303931196901,3.228558876869984,-7.247792581767846
112,112,39.3978811791203,2.0998541851651393,11.249569727807714,-5.568344503761097,-7.247792581767846
113,113,39.3978811791203,2.9931942270395124,11.322718520985717,-5.3612921657094255,-7.270312886079025
114,114,39.3978811791203,5.591380576157904,11.808313767138435,3.228558876869984,-7.247792581767846
115,115,39.3978811791203,4.7253898634763365,11.302682889813633,2.9995786582495785,-6.863803391452954
116,116,39.3978811791203,5.325256006892438,11.514522596652194,3.2411778431649156,-7.270312886079025
117,117,39.3978811791203,4.94891455450126,11.34813446513788,3.228558876869984,-7.130098510125578
118,118,39.3978811791203,5.380710502500286,11.707352446000346,3.2569968121905175,-7.247792581767846
119,119,39.3978811791203,5.899657728374272,11.528283929298581,3.5042531022914933,-7.247792581767846
120,120,39.3978811791203,5.739467249369587,11.792233096854655,3.269900217026426,-7.305188215393037
121,121,39.3978811791203,4.1215990381236205,11.806961921808659,-2.70805020110221,-7.247792581767846
122,122,39.3978811791203,5.933251478930445,11.481771693778041,3.575049982518597,-7.247792581767846
123,123,39.3978811791203,6.870304198579835,11.99058260655533,3.903229095433518,-7.063903961472068
124,124,39.3978811791203,7.277472469014566,11.878959937170679,12.481435454938183,-7.247792581767846
125,125,39.3978811791203,7.320235227481195,12.002322444807232,12.55980795873993,-7.247792581767846
126,126,39.3978811791203,5.566715654161195,12.210812296349868,3.1166776115117214,-7.247792581767846
127,127,39.3978811791203,8.503442628135923,12.059562592158997,12.59732261812772,-6.723832440821209
128,128,39.3978811791203,5.955033089168584,12.395305659155422,-2.70805020110221,-7.247792581767846
129,129,39.3978811791203,6.658286636346004,12.324571555736009,11.933891909896253,-7.666221925662725
130,130,39.3978811791203,8.042828591169604,12.032940162078566,12.35347421873818,-7.247792581767846
131,131,39.3978811791203,7.587214198376349,12.3060307659006,7.982281049592626,-7.247792581767846
132,132,39.3978811791203,7.218980480209271,12.722855049972434,3.4759378602422415,-7.3833681469923835
133,133,39.3978811791203,6.788114495364931,12.135950146526824,3.2968846368503675,-7.247792581767846
134,134,39.3978811791203,7.3367180115138915,12.579584201541294,12.0441760538945,-7.247792581767846
135,135,39.3978811791203,7.466025369116025,12.475705548755117,8.02299403480141,-7.270312886079025
136,136,39.3978811791203,7.532459463781579,12.544876635301499,12.144046268671355,-7.247792581767846
137,137,39.3978811791203,7.776034592396547,12.714735980158597,12.195087355144906,-7.247792581767846
138,138,39.3978811791203,8.316578997929488,12.604149985606007,12.566363814530703,-7.247792581767846
139,139,39.3978811791203,9.285082263276252,12.354952467118796,12.59732261812772,-7.509335266016592
140,140,39.3978811791203,9.131636228261481,12.743799441785539,12.59732261812772,-6.723832440821209
141,141,39.3978811791203,8.755406451121255,12.521797314556729,12.49780139987354,-7.247792581767846
142,142,39.3978811791203,8.779064165368444,12.638135273911066,12.520612641767068,-7.247792581767846
143,143,39.3978811791203,9.38005010199221,12.461535827804571,12.561920691076804,-7.247792581767846
144,144,39.3978811791203,8.17915142940115,12.316811046112841,12.40528862039816,-7.247792581767846
145,145,39.3978811791203,7.584388739111431,12.370479203581741,11.892977112257746,-7.247792581767846
146,146,39.3978811791203,7.9161203149680075,12.281738223732235,11.746171188424526,-7.247792581767846
147,147,39.3978811791203,8.338561565295777,12.35500310035529,12.237948617219823,-7.247792581767846
148,148,39.3978811791203,9.293554702100417,12.39602194460334,12.59732261812772,-7.247792581767846
149,149,39.3978811791203,7.658968574801199,12.6840450820767,12.171054382389793,-7.270312886079025
150,150,39.3978811791203,9.025178595178042,12.508907905529144,12.59732261812772,-7.247792581767846
151,151,39.3978811791203,8.37715716904866,12.158324140929235,12.302906513494595,-7.247792581767846
152,152,39.3978811791203,8.913103592264807,12.260394449624382,12.487645507967452,-7.270312886079025
153,153,39.3978811791203,7.6865312371203585,12.727622252836133,7.980880556089945,-7.247792581767846
154,154,39.3978811791203,8.966598310153126,12.583791229080793,12.588393809427718,-7.247792581767846
155,155,39.3978811791203,8.130669774355606,12.985810023655185,12.193388406857203,-7.247792581767846
156,156,39.3978811791203,8.275750976090185,12.765917409376799,12.337148038583958,-7.247792581767846
157,157,39.3978811791203,6.5739270397865806,12.192358791248358,3.570654371045559,-7.247792581767846
158,158,39.3978811791203,5.206164188357572,12.384065106039195,-2.70805020110221,-7.321188556739478
159,159,39.3978811791203,7.2143732907501015,12.42181107122889,3.832397484105821,-7.247792581767846
160,160,39.3978811791203,9.42780828920584,12.119076275680387,12.59732261812772,-7.138073034044347
161,161,39.3978811791203,5.979414194173682,12.12490470749035,3.231679004206228,-7.669495251007694
162,162,39.3978811791203,8.940996081327041,12.165542363786809,12.40528862039816,-7.249925536717988
163,163,39.3978811791203,8.628716955491251,11.960653580768357,12.57065437104556,-7.247792581767846
164,164,39.3978811791203,6.229846706919141,11.634148933386937,3.5245967265916565,-6.298949246855942
165,165,39.3978811791203,6.989575461454322,12.174193237447676,12.202756490693481,-7.090076835776092
166,166,39.3978811791203,5.245632975422389,10.95422207043742,3.2411778431649156,-7.064759027791802
167,167,39.3978811791203,4.971383217336889,11.25728148835386,3.35636060828105,-7.247792581767846
168,168,39.3978811791203,4.608489994565959,11.136262299191921,3.2041085724761387,-7.247792581767846
169,169,39.3978811791203,4.626197257853082,11.384519995554966,3.055962157461983,-7.249215057114389
170,170,39.3978811791203,5.643474379952024,10.973086062307246,3.5071841757515347,-7.063903961472068
171,171,39.3978811791203,6.031353426777957,10.72310227911946,12.0751583124657,-7.247792581767846
172,172,39.3978811791203,3.9424738589735684,10.923647659042539,-2.70805020110221,-7.247792581767846
173,173,39.3978811791203,6.374547776360937,11.520986692841712,7.831041449264751,-6.4457198193855785
174,174,39.3978811791203,5.464657841216843,11.399497201154476,3.3617023240740784,-6.7226297948554485
175,175,39.3978811791203,6.32368762824063,11.681464687270143,7.9020309209370705,-7.310550158534422
176,176,39.3978811791203,4.697760328294508,11.157646685134422,2.7619501086283833,-7.247792581767846
177,177,39.3978811791203,5.170557637678613,11.204667374274452,3.405288620398161,-7.247792581767846
178,178,39.3978811791203,6.432806545396623,11.398943758109208,12.40528862039816,-7.247792581767846
179,179,39.3978811791203,6.251115561028981,11.71614736225193,12.49423901010843,-7.270312886079025
180,180,39.3978811791203,6.057580781322075,11.224585385033567,12.182959706736654,-7.247792581767846
181,181,39.3978811791203,4.907218141213077,11.014772766749752,3.249229546948205,-7.247792581767846
182,182,39.3978811791203,5.91178910613523,11.608850775342773,3.5149362690195174,-7.247792581767846
183,183,39.3978811791203,5.296386312121123,11.053011691016994,3.3799208613774616,-7.085901464365611
184,184,39.3978811791203,8.558102832054034,11.072896131767601,12.543056128180954,-6.885509670034818
185,185,39.3978811791203,3.946273770951672,11.55389346109067,-2.70805020110221,-7.247792581767846
186,186,39.3978811791203,4.963413474134808,11.73109439627831,2.8580389096362913,-7.247792581767846
187,187,39.3978811791203,5.759393485413548,11.47843772839225,3.405288620398161,-7.247792581767846
188,188,39.3978811791203,4.197162883703829,11.56859260233363,-2.70805020110221,-7.247792581767846
189,189,39.3978811791203,9.670118020082235,11.808366479257048,12.59732261812772,-7.247792581767846
190,190,39.3978811791203,6.039615359595418,12.542287132482915,-2.70805020110221,-6.470799503782602
191,191,39.3978811791203,7.559916822786133,12.234373974620224,12.17695410451698,-7.078341579557671
192,192,39.3978811791203,6.7926703155093655,12.5400450765807,3.48797149572186,-7.247792581767846
193,193,39.3978811791203,7.95320518449253,12.01442774789505,12.244257786413087,-7.247792581767846
194,194,39.3978811791203,6.355777628504366,12.050640095021214,3.5474809358194466,-7.27655640271871
195,195,39.3978811791203,5.65185571594029,11.394207888076975,3.399729610060962,-7.671360923190644
196,196,39.3978811791203,8.705287248782916,11.566535875203622,12.548961546434299,-7.247792581767846
197,197,39.3978811791203,6.422852460911825,11.872621524901259,3.5110622738433133,-7.247792581767846
198,198,39.3978811791203,7.038938015601931,11.775691955003996,12.194067293587434,-7.443663683115591
199,199,39.3978811791203,7.515900260964986,11.922371602141101,12.256965994599827,-6.635946555686647
200,200,39.3978811791203,6.9169993631554325,12.576195065494248,3.6485126155663,-7.247792581767846
201,201,39.3978811791203,8.008196797793522,12.081451302684522,12.28501072792535,-7.247792581767846
202,202,39.3978811791203,8.91017489373697,12.01735037078737,12.58835394814496,-7.1316985104669115
203,203,39.3978811791203,7.0490710412520325,12.414531436316219,12.269900217026425,-7.247792581767846
204,204,39.3978811791203,7.652808441824603,12.299748035039409,12.34337286507942,-7.247792581767846
205,205,39.3978811791203,7.563115257859406,12.178440422701822,3.6018372984822475,-7.247792581767846
206,206,39.3978811791203,7.54644451259587,12.302711033772642,12.231679004206228,-7.247792581767846
207,207,39.3978811791203,7.467766569306583,12.284985497825874,12.237948617219823,-7.247792581767846
208,208,39.3978811791203,6.483184965289113,12.291850783344842,3.4774203346676575,-7.247792581767846
209,209,39.96304739758637,6.591583112623655,12.48550761116868,3.3868718936119295,-6.71901315438526
210,210,39.96304739758637,6.407332011122204,11.670342520127502,3.58389959779558,-7.270312886079025
211,211,39.96304739758637,5.5077084303423485,12.24467939256732,-2.70805020110221,-7.063903961472068
212,212,39.96304739758637,7.967870567917843,12.330011519626526,12.519361076658008,-7.247792581767846
213,213,39.96304739758637,8.901634744748113,12.255030026329921,12.57727698442057,-7.247792581767846
214,214,39.96304739758637,8.737850641205755,12.903599996593059,12.33011907701948,-7.247792581767846
215,215,39.96304739758637,8.103130260704882,12.618570974445966,12.187453619079513,-7.247792581767846
216,216,39.96304739758637,8.210037584957723,12.370511571612356,12.139213776534135,-7.068172000388042
217,217,39.96304739758637,7.7102453328259575,12.431597847688147,4.026295630202972,-7.270312886079025
218,218,39.96304739758637,7.919748774915605,12.371734471700437,12.289572982625131,-7.247792581767846
219,219,39.96304739758637,7.137310604265407,12.643492715103813,4.156309160713215,-7.247792581767846
220,220,39.96304739758637,8.011303753611948,12.558302909561455,12.527729326328526,-7.562681246721884
221,221,39.96304739758637,9.458791870560221,12.114710085081411,12.58835394814496,-6.643789733147672
222,222,39.96304739758637,8.345579972269482,12.640103861710466,12.244257786413087,-7.247792581767846
223,223,39.96304739758637,8.613282209225536,11.913189307502304,12.270659774941084,-6.505784060128229
224,224,39.96304739758637,6.917375568412666,12.482332502746042,3.521448762363249,-7.249215057114389
225,225,39.96304739758637,7.689365813090986,12.511106034944017,11.936214791312391,-7.247792581767846
226,226,39.96304739758637,6.423644991108213,12.097614738472394,3.296217525343799,-7.247792581767846
227,227,39.96304739758637,4.9489156416266225,12.109177479278555,-2.70805020110221,-7.3098814858247865
228,228,39.96304739758637,6.409701588758531,12.152275938532345,3.6293619718723376,-7.247792581767846
229,229,39.96304739758637,2.592177981101967,11.094553469752567,-4.796848097248123,-7.333676395657684
230,230,39.96304739758637,3.5048842150151622,11.517587018903741,-2.70805020110221,-7.447751280047908
231,231,39.96304739758637,3.9572418068150994,11.689696011198668,-2.70805020110221,-7.373374309910049
232,232,39.96304739758637,4.709359182974573,11.419408022147012,3.191857510019556,-7.247792581767846
233,233,39.96304739758637,5.375416050654737,11.408660911041965,3.269900217026426,-7.1592919047975645
234,234,39.96304739758637,3.895067556294477,11.493864434893274,-2.70805020110221,-7.270312886079025
235,235,39.96304739758637,6.290360191263768,11.518107827994278,3.5722825191908414,-7.270312886079025
236,236,39.96304739758637,5.308873493342828,11.743340692253687,-0.477921391435028,-7.563200592358071
237,237,39.96304739758637,6.26224733174824,11.8171712179676,3.4920315010038703,-7.609862200913554
238,238,39.96304739758637,4.453306741188244,11.636084854431862,-2.70805020110221,-7.247792581767846
239,239,39.96304739758637,4.550532196857197,11.69803448334923,-2.70805020110221,-7.270312886079025
240,240,39.96304739758637,5.834602027036273,11.668949513070878,3.8940545260994197,-7.247792581767846
241,241,39.96304739758637,4.767005644136395,11.693909976519661,-2.70805020110221,-7.0825485693553
242,242,39.96304739758637,5.666473519104657,11.84479180262969,3.216250563052306,-7.2640301428995295
243,243,39.96304739758637,5.2417763830945505,12.152940580709068,3.2764148980476193,-7.247792581767846
244,244,39.96304739758637,6.00088566282481,12.280380775679491,3.4949659945732927,-6.885509670034818
245,245,39.96304739758637,6.48112189771789,12.218100372780812,3.3374254712533453,-7.0630481633881725
246,246,39.96304739758637,6.627290380311931,12.549705131093686,3.250789610616327,-7.247792581767846
247,247,39.96304739758637,6.263697508986961,12.531446636496993,3.2411778431649156,-7.247792581767846
248,248,39.96304739758637,5.123198757590029,11.983200968369765,0.1342511029683784,-7.247792581767846
249,249,39.96304739758637,5.5749248207556565,11.966552988472099,3.191857510019556,-7.67368812926773
250,250,39.96304739758637,7.064686800262925,11.735803505872266,12.228558876869984,-7.247792581767846
251,251,39.96304739758637,7.058857833004912,12.537664998881818,8.512491398162474,-7.247792581767846
252,252,39.96304739758637,4.427162563098702,12.335470716243153,-2.70805020110221,-7.247792581767846
253,253,39.96304739758637,5.461621029851622,12.488372880910621,-2.70805020110221,-7.38025578842646
254,254,39.96304739758637,5.1402304684714295,12.083559016483422,-2.70805020110221,-7.270312886079025
255,255,39.96304739758637,5.736881937443093,12.233579009508416,3.282972298593778,-7.247792581767846
256,256,39.96304739758637,5.657420500755134,12.225523347761886,0.2602543378838871,-6.907755278982137
257,257,39.96304739758637,5.003612419209767,12.41261521018725,-2.70805020110221,-7.27655640271871
258,258,39.96304739758637,7.388276718784758,11.735839878850951,12.194865031083513,-7.247792581767846
259,259,39.96304739758637,6.48314055724322,12.191287213266694,3.3476647369251156,-7.510977752014095
260,260,39.96304739758637,7.3252884706700785,12.323957799911499,12.213102618633293,-7.074963197966044
261,261,39.96304739758637,8.016171123180163,12.061172453082214,12.485288431573437,-7.247792581767846
262,262,39.96304739758637,3.7018522503443045,11.611828189599692,-2.70805020110221,-7.57198844937744
263,263,39.96304739758637,5.033764445380228,12.097009210864849,-2.70805020110221,-6.953684210870537
264,264,39.96304739758637,5.633231417425277,11.776073904384816,3.2764148980476193,-7.247792581767846
265,265,39.96304739758637,5.503351265838019,11.559725972090815,3.228558876869984,-7.247792581767846
266,266,39.96304739758637,5.457428337999973,12.104680162142758,-2.70805020110221,-7.247792581767846
267,267,39.96304739758637,7.760699334067075,12.088019675816437,12.409013019489144,-7.247792581767846
268,268,39.96304739758637,7.515213548470646,11.995104490468037,12.244257786413087,-7.247792581767846
269,269,39.96304739758637,5.124086408997359,12.390232972074884,-2.70805020110221,-7.247792581767846
270,270,39.96304739758637,6.02853796925162,12.426256084384796,3.228558876869984,-7.247792581767846
271,271,39.96304739758637,7.28570963633041,12.224025538417164,12.011745736793479,-7.247792581767846
272,272,39.96304739758637,6.363990261952398,12.731360665003129,3.3357391290140255,-7.247792581767846
273,273,39.96304739758637,7.555751843890422,12.536972150692112,12.162269552834061,-7.247792581767846
274,274,39.96304739758637,8.136668121173507,12.481698915072265,12.548961546434299,-7.247792581767846
275,275,39.96304739758637,4.62849843771677,12.027858277153461,-2.70805020110221,-7.247792581767846
276,276,39.96304739758637,4.800761581040895,12.12018224193642,-2.70805020110221,-6.723832440821209
277,277,39.96304739758637,6.232840984222326,12.25219146299529,0.2602543378838871,-7.247792581767846
278,278,39.96304739758637,3.726990985037088,11.965474050733462,-4.897589124514639,-7.247792581767846
279,279,39.96304739758637,5.668461298083567,12.344736730398978,0.15526779382165468,-7.247792581767846
280,280,39.96304739758637,5.2264155475848035,12.351043159101922,-2.70805020110221,-6.375024819828097
281,281,39.96304739758637,7.8764016635595455,12.28560208545963,12.312272552302915,-7.247792581767846
282,282,39.96304739758637,6.70685189915858,12.408633948570566,3.3652103968307507,-7.247792581767846
283,283,39.96304739758637,6.3194352104334675,12.41850142123623,3.3335733118875677,-7.138073034044347
284,284,39.96304739758637,6.4941152006552905,11.898519594508311,3.401578041001625,-7.247792581767846
285,285,39.96304739758637,8.208056700678966,12.428613942527184,12.575049982518596,-7.275864600546533
286,286,39.96304739758637,6.094976141135744,12.21274593784431,3.228558876869984,-7.270312886079025
287,287,39.96304739758637,5.780926738501294,12.429085732131858,-2.70805020110221,-7.441906728051625
288,288,39.96304739758637,5.776137289557429,12.410203941496716,3.202682762051615,-7.251344983372214
289,289,39.96304739758637,5.643521274765982,12.68715341925589,-2.70805020110221,-7.270312886079025
290,290,39.96304739758637,5.324418786542016,12.346070954688294,-2.70805020110221,-7.247792581767846
291,291,39.96304739758637,5.261577694691536,12.167821169459913,-2.70805020110221,-7.270312886079025
292,292,39.96304739758637,6.315583135653359,12.08793713421493,3.21020819344477,-7.247792581767846
293,293,39.96304739758637,4.85501887027387,12.038858620229089,-2.70805020110221,-7.247792581767846
294,294,39.96304739758637,4.292177540647029,11.956753476324847,-2.70805020110221,-7.247792581767846
295,295,39.96304739758637,5.814972255039439,12.15940007236263,0.15274889680667614,-7.247792581767846
296,296,39.96304739758637,4.723800582934026,12.235211854803993,-2.70805020110221,-7.270312886079025
297,297,39.96304739758637,5.734846380013893,12.132580515600049,3.197881624622937,-7.247792581767846
298,298,39.96304739758637,3.843987655017195,11.922925235189426,-2.70805020110221,-7.247792581767846
299,299,39.96304739758637,5.386352290368418,11.800094265848891,3.228558876869984,-7.247792581767846
300,300,39.96304739758637,4.878254310016102,12.287295403802903,-2.70805020110221,-7.270312886079025
301,301,39.96304739758637,8.044553006433638,12.015742129872496,12.405295530245384,-7.247792581767846
302,302,39.96304739758637,6.328172305812123,11.69655829312129,3.438136335337032,-7.247792581767846
303,303,39.96304739758637,5.646399412958783,11.440843976619584,3.231679004206228,-7.247792581767846
304,304,39.96304739758637,7.511363581739839,11.547705968449646,3.5973226181277207,-7.23561914106675
305,305,39.96304739758637,6.938393548610841,11.96821756191076,3.405288620398161,-7.247792581767846
306,306,39.96304739758637,5.481872332898574,11.803977815696191,-2.70805020110221,-7.247792581767846
307,307,39.96304739758637,7.555752688035833,11.889952299080155,12.266658723102253,-7.247792581767846
308,308,39.96304739758637,7.742236049651157,11.69057229627039,12.191857510019556,-7.247792581767846
309,309,39.96304739758637,5.286035779462568,12.449503617732852,-2.70805020110221,-7.247792581767846
310,310,39.96304739758637,4.975594756025403,11.964017551694228,3.2223476767773436,-7.247792581767846
311,311,39.96304739758637,5.344172049078769,11.899667560749704,0.1427983196480287,-7.247792581767846
312,312,39.96304739758637,4.908105130771002,11.8000014567361,-2.70805020110221,-7.261927092702751
313,313,39.96304739758637,5.823240353153839,11.811956871480271,3.228558876869984,-7.247792581767846
314,314,39.96304739758637,6.321129913357968,12.285646661739403,3.266658723102254,-7.270312886079025
315,315,39.96304739758637,6.367910583668084,11.79352735343702,3.3652103968307507,-6.782192056006791
316,316,39.96304739758637,5.247742532636621,11.921853908870215,3.0026452836242523,-7.44600149832412
317,317,39.96304739758637,4.696406049199411,11.992476169766082,-2.70805020110221,-7.251344983372214
318,318,39.96304739758637,7.233494992906677,11.775668478513305,7.909626003684058,-7.247792581767846
319,319,39.96304739758637,6.827383791989046,12.078777601847667,3.3924438773405057,-7.247792581767846
320,320,39.96304739758637,4.531112696141786,12.107837215419062,-2.70805020110221,-7.501634457883413
321,321,39.96304739758637,4.765721201715751,11.943455931484076,-2.70805020110221,-7.247792581767846
322,322,39.96304739758637,3.172071841911797,11.53255154289151,-5.118244744455288,-7.270312886079025
323,323,39.96304739758637,7.230530511494004,12.124738699429473,4.012980395756464,-7.247792581767846
324,324,39.96304739758637,7.255313643902872,11.91356725488932,12.241177843164916,-7.074963197966044
325,325,39.96304739758637,7.791362911495742,11.924609323940821,12.213102618633293,-7.249925536717988
326,326,39.96304739758637,6.183920660693648,12.25478316390904,3.269900217026426,-7.247792581767846
327,327,39.96304739758637,7.343313979168468,12.395467789596124,7.967493979701388,-6.278521424165844
328,328,39.96304739758637,5.960805365293998,12.519891525120768,0.07388208238607219,-6.7464121285733745
329,329,39.96304739758637,7.495317644266597,12.216693271123782,12.464412534233325,-7.1631723908466425
330,330,39.96304739758637,6.7732151260313795,12.349541072740566,3.3511249583474023,-6.556778356158042
331,331,39.96304739758637,6.962053616728307,12.505600186026776,3.6201026464595403,-7.247792581767846
332,332,39.96304739758637,7.979832176967604,12.390884788950554,12.559751490277506,-7.247792581767846
333,333,39.96304739758637,5.856018117381746,12.16899430300338,3.407150819943652,-7.247792581767846
334,334,39.96304739758637,6.8087286951461,12.660321720069081,3.3425188939068415,-7.247792581767846
335,335,39.96304739758637,8.29984481299002,12.76126330114016,12.282972298593778,-7.247792581767846
336,336,39.96304739758637,4.2065401683415296,12.120149376686015,-2.70805020110221,-7.254177846456518
337,337,39.96304739758637,7.189767980382723,13.069878361702047,3.4018044296942906,-7.247792581767846
338,338,39.96304739758637,5.4884599623392445,12.354211119801539,3.0060385726934307,-7.005789019253503
339,339,39.96304739758637,6.19956293907422,12.47051047885157,3.497286184351544,-7.270312886079025
340,340,39.96304739758637,6.993603591952056,12.322584304904908,3.9062497991932377,-7.247792581767846
341,341,39.96304739758637,4.5946829497874555,12.3007107076494,-2.70805020110221,-7.270312886079025
342,342,39.96304739758637,5.701047523728015,11.983200552918813,3.260207087820766,-7.247792581767846
343,343,39.96304739758637,5.313504215641246,12.433685421298522,-2.70805020110221,-7.270312886079025
344,344,39.96304739758637,6.86690220745065,12.831821221771555,3.383394218916188,-7.097548850614793
345,345,39.96304739758637,6.915075051827383,12.056931293841487,3.6773470787201363,-7.416212639346384
346,346,39.96304739758637,6.81627048716921,12.445286315142042,3.401578041001625,-7.270312886079025
347,347,39.96304739758637,5.846709347737437,12.416297989361752,-2.70805020110221,-7.382124365737512
348,348,39.96304739758637,6.674128890565532,12.530113230784185,3.3175553069285884,-7.247792581767846
349,349,39.96304739758637,4.69488919033399,12.191656250344273,-2.70805020110221,-7.262628600974241
350,350,39.96304739758637,6.424800875094457,11.771236026269326,3.3834669755322078,-7.247792581767846
351,351,39.96304739758637,5.211693191999445,11.32547773034075,3.228558876869984,-7.247792581767846
352,352,39.96304739758637,4.804253775177312,11.598847168332277,-2.70805020110221,-7.247792581767846
353,353,39.96304739758637,3.986622992167018,11.43672352808073,-2.70805020110221,-7.506591780070841
354,354,39.96304739758637,5.937954571825729,11.548130382787324,3.372378886309363,-7.247792581767846
355,355,39.96304739758637,4.718894746395337,10.81905375348058,3.0757442025854678,-7.270312886079025
356,356,39.96304739758637,5.086606048070289,11.504279579278698,0.1502426258949041,-7.247792581767846
357,357,39.96304739758637,3.905827915972228,11.312035396067609,-2.70805020110221,-7.247792581767846
358,358,39.96304739758637,6.432141487005628,11.013022871897789,3.682781914838588,-7.247792581767846
359,359,39.96304739758637,5.6217618062891095,11.19263557630401,3.2764148980476193,-7.247792581767846
360,360,39.96304739758637,5.611648314028891,11.52409922872952,3.228558876869984,-7.247792581767846
361,361,39.96304739758637,2.6394075465206344,10.010826346351148,-2.70805020110221,-6.752270376141742
362,362,39.96304739758637,3.947657076792044,9.953795096149063,3.230118940538106,-7.25063551189868
363,363,39.96304739758637,3.6098557732401675,10.109490484152044,3.1376577712911,-7.247792581767846
364,364,39.96304739758637,4.618265916042475,9.95099936709311,3.315484000202191,-7.247792581767846
365,365,39.96304739758637,6.202283826136872,9.820187727813721,12.59283828313634,-7.247792581767846
366,366,39.96304739758637,6.0992507928162025,9.879890718138768,12.564099343761281,-7.00033446027523
367,367,39.96304739758637,5.528798199244384,10.151564477952663,12.352130432934928,-7.247792581767846
368,368,39.96304739758637,6.001453254806522,10.436658010759906,12.32507916495816,-7.247792581767846
369,369,39.96304739758637,7.551481979025354,11.272213443919517,12.59732261812772,-7.249215057114389
370,370,39.96304739758637,8.273071037380124,12.323453088950451,12.354484433471775,-7.247792581767846
371,371,39.96304739758637,7.076319405749475,12.214918883058738,12.15645558296864,-7.270312886079025
372,372,39.96304739758637,7.148357639958791,12.127151008913433,12.228558876869984,-7.270312886079025
373,373,39.96304739758637,7.124451774236702,11.631288899207394,12.282972298593778,-7.247792581767846
374,374,39.96304739758637,7.164155201375134,12.199974152590896,12.130703086866227,-7.3777589082278725
375,375,39.96304739758637,5.95937467012058,11.942400141066932,3.228558876869984,-7.247792581767846
376,376,39.96304739758637,7.010535213394457,11.898696202967544,12.481435454938183,-7.247792581767846
377,377,39.96304739758637,6.6191151612706625,12.110087366822802,3.6388070307991836,-7.247792581767846
378,378,39.96304739758637,8.044312795156538,11.642543426346704,12.575049982518596,-7.247792581767846
379,379,39.96304739758637,6.289287793314641,11.810898141820543,3.3652103968307507,-7.247792581767846
380,380,39.96304739758637,7.355978730002471,12.079075299307815,8.016245801782691,-7.142827401161621
381,381,39.96304739758637,7.332533413485024,11.937422887715686,5.534264097200273,-6.773080375655535
382,382,39.96304739758637,7.378689238130289,12.245869469172876,12.194865031083513,-7.21890970761906
383,383,39.96304739758637,6.481668860180742,12.11563641500532,3.909326731980427,-7.247792581767846
384,384,39.96304739758637,6.699671273779417,12.048103416157486,3.707213107131676,-7.67368812926773
385,385,39.96304739758637,6.236308988187266,12.40202668498574,3.258601950005642,-7.247792581767846
386,386,39.96304739758637,7.05737845364547,12.270207219453223,12.40528862039816,-7.247792581767846
387,387,39.96304739758637,7.225405432608511,12.255117707445129,4.009567413221264,-7.247792581767846
388,388,39.96304739758637,8.246882726409265,11.747452952387155,12.577257491623154,-7.247792581767846
389,389,39.96304739758637,8.675904634081176,12.049116133946475,12.575049982518596,-6.505784060128229
390,390,39.96304739758637,8.542682642969142,11.996704629458772,12.59732261812772,-6.413458957167357
391,391,39.96304739758637,8.791045313267636,12.077018687901877,12.59732261812772,-7.270312886079025
392,392,39.96304739758637,10.140695169417993,11.850778920381885,12.59732261812772,-7.247792581767846
393,393,39.96304739758637,10.011354709334098,11.801240603388779,12.59732261812772,-7.153833801578843
394,394,39.96304739758637,9.808998784426947,12.028883022174908,12.59732261812772,-7.3752557780097545
395,395,39.96304739758637,9.727169261681588,12.355923053844545,12.59732261812772,-7.247792581767846
396,396,39.96304739758637,8.77552196807577,12.473340065210843,12.59732261812772,-7.249215057114389
397,397,39.97611947915372,10.160893084845954,12.53189644244149,12.59732261812772,-7.3031700512368
398,398,39.97611947915372,8.366621916681607,12.362932532611627,12.416758151344238,-7.247792581767846
399,399,39.97611947915372,8.968809465413676,12.323136316869142,12.575049982518596,-7.247792581767846
400,400,39.97611947915372,9.69680699972067,12.014754530690727,12.59732261812772,-6.871091294610546
401,401,39.97611947915372,7.443979228449624,12.066130342318672,12.561920691076804,-7.247792581767846
402,402,39.97611947915372,6.732903430427706,12.378952166990382,3.3652103968307507,-7.247792581767846
403,403,39.97611947915372,5.38618957743037,12.407911512275488,-2.70805020110221,-7.247792581767846
404,404,39.97611947915372,9.76768950295628,11.859102737092108,12.59732261812772,-7.247792581767846
405,405,39.97611947915372,8.756285356517788,11.7389178837448,12.27641489804762,-7.247792581767846
406,406,39.97611947915372,8.708499771666826,12.417237088925468,12.59732261812772,-7.247792581767846
407,407,39.97611947915372,8.970242861179347,12.606337391176512,12.59732261812772,-7.258412150595307
408,408,39.97611947915372,7.062265014453076,12.118961807041803,3.269900217026426,-7.21890970761906
409,409,39.97611947915372,6.307380208838949,11.212130346746626,3.368794641570057,-7.247792581767846
410,410,39.97611947915372,4.464981530385478,11.41704702099021,0.11060603544765013,-7.247792581767846
411,411,39.97611947915372,8.536776500300704,11.419767190731326,12.59732261812772,-6.391917113392602
412,412,39.97611947915372,6.726157477405337,11.541551896841103,3.5210653668545886,-7.247792581767846
413,413,39.97611947915372,7.9458145746350235,11.931918089024903,12.279688223392588,-6.926577033222725
414,414,39.97611947915372,7.902664016973331,11.421473567219858,12.572852176782078,-6.413458957167357
415,415,39.97611947915372,6.7572387634163995,12.02578468677586,3.586186300323159,-7.057897937411856
416,416,39.97611947915372,8.505214595385047,12.500223088098851,12.228558876869984,-7.2962126393463835
417,417,39.97611947915372,7.424229614760167,12.174513416396831,12.211993533079758,-7.247792581767846
418,418,39.97611947915372,5.715851032584468,12.278661387371457,3.227003665662788,-7.180069874302796
419,419,39.97611947915372,7.433017009321429,11.568179587027597,8.152167371720486,-7.204892510204673
420,420,39.97611947915372,6.211051736015117,12.017801868842879,3.570654371045559,-7.270312886079025
421,421,39.97611947915372,7.5845201126473984,11.66045116635906,12.266789656342763,-7.247792581767846
422,422,39.97611947915372,7.216192646020528,11.960409743907627,3.6721238312104187,-7.258412150595307
423,423,39.97611947915372,7.700114877425247,12.106491168139849,11.937460256839678,-6.505784060128229
424,424,39.97611947915372,7.252559619362046,11.941877499571463,3.8911429098949895,-7.247792581767846
425,425,39.97611947915372,6.203462073640327,11.920031401669494,3.6515337727942816,-7.5688956634069955
426,426,39.97611947915372,7.780057664819968,12.177385946036747,3.906268618471709,-7.247792581767846
427,427,39.97611947915372,9.559666616916028,12.764241644594309,12.59732261812772,-7.310550158534422
428,428,39.97611947915372,9.342792653287917,12.10788964205911,12.59732261812772,-7.247792581767846
429,429,39.97611947915372,7.965105904511723,12.218027704720734,12.330214210920733,-7.140453043101158
430,430,39.97611947915372,7.8474522035555685,12.66064700936783,3.7266061196492544,-7.247792581767846
431,431,39.97611947915372,9.377032723106852,12.263939292013895,12.592828228539881,-6.637258031284457
432,432,39.97611947915372,7.780641713963496,12.538338811395159,3.470130189674674,-6.927557906278317
433,433,39.97611947915372,6.560720502912656,12.511979199182603,3.231679004206228,-7.259116128097101
434,434,39.97611947915372,7.130850187840618,12.452270199865097,3.470130189674674,-6.295266001439646
435,435,39.97611947915372,8.149474074780866,12.542954350494954,3.812614194159245,-7.247792581767846
436,436,39.97611947915372,8.26993229069515,12.379213556211962,11.996854222873573,-7.247080584585756
437,437,39.97611947915372,9.576625019339222,12.603860597633545,12.575049982518596,-7.247792581767846
438,438,39.97611947915372,8.342788380424839,13.063058956286902,12.216174817670263,-7.270312886079025
439,439,39.97611947915372,7.960102833488675,12.803920272423529,3.6022059771954673,-7.275864600546533
440,440,39.97611947915372,6.938381603826462,12.432361114990707,3.467932383938155,-7.247792581767846
441,441,39.97611947915372,9.785389228094635,12.489421073646318,12.59732261812772,-7.247792581767846
442,442,39.97611947915372,7.311547221234913,12.232656854891614,3.4090130194891435,-7.247792581767846
443,443,39.97611947915372,7.5920414210326825,12.100529266794537,3.9761194791537235,-7.247792581767846
444,444,39.97611947915372,8.013909706342757,12.43782197024968,11.835246823652316,-6.833031732786201
445,445,39.97611947915372,8.354241628018043,12.221264038426835,12.263427702520808,-7.673223121121708
446,446,39.97611947915372,9.322237102766731,12.259603871882032,12.55359716352812,-7.247792581767846
447,447,39.97611947915372,7.6093465668928095,12.60136568301061,3.9853806210791562,-7.247792581767846
448,448,39.97611947915372,7.095699852184879,11.991346842804207,3.8491199049686062,-6.748759547491679
449,449,39.97611947915372,7.821636927133615,12.346038471761291,8.056655505153545,-7.247792581767846
450,450,39.97611947915372,7.337828151719835,12.267002629197705,3.4825471035352926,-6.871091294610546
451,451,39.97611947915372,7.987761820541604,13.003284961015188,8.04951445015639,-7.270312886079025
452,452,39.97611947915372,8.128514698908033,12.60737586039421,3.985887933031273,-7.194436851100335
453,453,39.97611947915372,8.413389600247795,12.831696137652209,12.316420232661319,-7.247792581767846
454,454,39.97611947915372,8.049690557390843,12.646722350543849,3.945399968939671,-7.247792581767846
455,455,39.97611947915372,6.973019144005254,12.502097304013942,3.3652103968307507,-7.441906728051625
456,456,39.97611947915372,6.697354446662468,12.848819288320508,3.570654371045559,-7.596212639346383
457,457,39.97611947915372,8.274822603582397,12.718192023297874,12.222347676777343,-7.247792581767846
458,458,39.97611947915372,6.55379762198022,12.46512255550227,3.3652103968307507,-7.256297239690681
459,459,39.97611947915372,5.905049816545963,12.437727398626944,3.231679004206228,-7.270312886079025
460,460,39.97611947915372,6.401045774400619,12.147688314255157,3.231679004206228,-7.247792581767846
461,461,39.97611947915372,8.002610285283843,12.704963434865208,12.56846618374566,-7.063903961472068
462,462,39.97611947915372,9.055552335366377,12.486139116297204,12.59061110796165,-7.270312886079025
463,463,39.97611947915372,8.743159167799751,12.616009000666757,12.425171297219073,-7.247792581767846
464,464,39.97611947915372,6.979605521950169,12.602990906320958,3.1738563363379764,-7.247792581767846
465,465,39.97611947915372,9.45563663454895,12.378144318022454,12.59732261812772,-7.273220387090278
466,466,39.97611947915372,7.285100419777126,12.118427070953452,12.15645558296864,-7.247792581767846
467,467,39.97611947915372,7.377158411441628,12.125362348360914,12.290363045555614,-7.247792581767846
468,468,39.97611947915372,6.727889634671998,11.79126998318062,3.58389959779558,-7.247792581767846
469,469,39.97611947915372,7.9477217356349685,11.80927906050997,12.409013019489144,-7.247792581767846
470,470,39.97611947915372,7.8230344727822745,12.40912957858023,12.351025761838795,-7.247792581767846
471,471,39.97611947915372,7.859446011379363,11.776684652969756,12.136368824401902,-7.247792581767846
472,472,39.97611947915372,5.725122897735229,12.184522087797921,3.231679004206228,-7.4360278163518485
473,473,39.97611947915372,6.948619642231808,11.973698365906552,3.9062497991932377,-6.901737206656574
474,474,39.97611947915372,7.639326738254771,12.294704562057696,12.228558876869984,-6.731018100482083
475,475,39.97611947915372,8.14726630294052,12.018099806170765,12.470476439177006,-7.275864600546533
476,476,39.97611947915372,7.106446615967281,12.533025695039415,4.030186700423999,-7.565793282428515
477,477,39.97611947915372,6.3876884824330595,12.531360169677361,3.230118940538106,-7.247792581767846
478,478,39.97611947915372,7.791965240503769,11.84584756733139,12.144928077797573,-6.76849321164863
479,479,39.97611947915372,8.612207369220497,11.8388723422215,12.561920691076804,-7.247792581767846
480,480,39.97611947915372,6.891981942091316,12.217227753121994,3.575049982518597,-7.247792581767846
481,481,39.97611947915372,6.586784974247194,12.382148480621712,3.260207087820766,-7.270312886079025
482,482,39.97611947915372,6.181536874533008,11.796649154478388,3.269900217026426,-7.247792581767846
483,483,39.97611947915372,7.617924067956875,12.25994986679528,8.171417383581948,-7.247792581767846
484,484,39.97611947915372,5.958239103548563,11.918067267626588,3.250789610616327,-7.247792581767846
485,485,39.97611947915372,4.191898945478849,11.769869959637397,-2.70805020110221,-7.247792581767846
486,486,39.97611947915372,6.314148347096929,12.280706987149431,3.338996469524622,-7.247792581767846
487,487,39.97611947915372,5.651440780410825,11.985120839010408,3.231679004206228,-6.913737350659685
488,488,39.97611947915372,6.112831427737827,11.988258197936611,3.250789610616327,-7.220373836723949
489,489,39.97611947915372,6.869123401781697,12.167201833685041,3.386978463655494,-7.147559271189454
490,490,39.97611947915372,5.432867233970104,11.703293857584386,3.231679004206228,-7.247792581767846
491,491,39.97611947915372,4.720265720527164,11.248243833721169,3.228558876869984,-7.247792581767846
492,492,39.97611947915372,5.6817182113198825,11.743245774226427,3.1363688244019032,-7.247792581767846
493,493,39.97611947915372,4.438172230307621,11.570727672588541,-2.70805020110221,-7.247792581767846
494,494,39.97611947915372,5.616549785563015,11.769702763809601,3.231679004206228,-7.247792581767846
495,495,39.97611947915372,6.462367209389756,11.704145440705593,3.897131005418347,-7.247792581767846
496,496,39.97611947915372,5.613776934633737,12.216342360099747,3.228558876869984,-7.247792581767846
497,497,39.97611947915372,7.630382266656982,12.179790330995223,12.228558876869984,-7.270312886079025
498,498,39.97611947915372,5.853528706015788,11.98218729220131,3.2161748176702627,-6.778784897685177
499,499,39.97611947915372,6.621559539630408,11.87763365555098,3.401578041001625,-7.247792581767846
