1.852451699069319058e-01
-3.846975980853303834e-01
5.491633017445844978e-01
-6.895829508217932169e-02
-9.220906934247961040e-01
-5.546392995079558741e-01
-6.081512681813078247e-01
2.158102499194602064e+00
3.686001892451484241e-01
-1.018765677610956460e-01
4.997023709512285472e-01
3.480283208992594468e-01
-2.027830334746058907e-02
5.454460645673424590e-01
-3.500025866554026810e-01
-9.230438895246451114e-01
1.000000000000000000e+00
-9.189249276393222088e-01
-1.189225243925112085e+00
3.306213074972840227e-01
-3.263785608608580913e-01
-9.202575135966781783e-01
-1.000000000000000000e+00
8.124267026323969132e-01
-4.416702737532414158e-01
1.763093602489140543e-01
-1.868295622291564206e-01
5.654949141794745060e-01
-1.000000000000000000e+00
-1.205494700469133873e+00
1.000000000000000000e+00
1.000000000000000000e+00
5.095178101936175263e-01
6.821055627152992074e-01
-4.568062069293713640e-02
1.025283204053782038e+00
-1.000000000000000000e+00
-8.879178546688589746e-01
-3.252208018646685073e-01
6.526184956501154266e-01
-1.828628102852604687e-01
-1.378301146467576510e+00
-2.438510118937504689e-01
3.259150637806449424e-01
5.997340641757925583e-01
-2.653279299939668157e-01
-1.676039304103442151e-01
4.940933266728516071e-01
3.339062207397567872e-01
-6.588890881915714370e-01
8.567132311998173488e-01
-5.502111686155425341e-01
-3.949795012427598229e-02
-4.383545631558469213e-01
1.183687071127997648e+00
-1.000000000000000000e+00
1.427398322604539471e-01
1.000000000000000000e+00
-3.153807304004945800e-01
-6.208598916699097359e-01
-3.902750440258916098e-02
6.832150494493123283e-01
1.131552946731091636e+00
-8.324313014549691303e-01
4.473082974717267901e-01
-1.000000000000000000e+00
-7.163339844310714355e-01
1.315630601503747776e-02
-2.420556377208268606e-01
1.000000000000000000e+00
9.573306921110441570e-02
1.000000000000000000e+00
-1.000000000000000000e+00
-3.902648680984553975e-01
1.000000000000000000e+00
-7.223809169658494955e-01
-1.094555101418642318e+00
-1.000000000000000000e+00
1.838107943101190966e-01
7.475467587653910062e-01
-1.000000000000000000e+00
5.306495418596367253e-02
9.227163195119973960e-01
4.458910447642144281e-01
-1.000000000000000000e+00
6.280438150210063686e-01
7.258433928531666801e-01
-1.000000000000000000e+00
-3.392456090718100059e-01
7.513228200332816575e-01
3.995908737837425839e-01
-9.025496236550546447e-01
-2.586062765216611270e-01
-9.265339206528877547e-01
-2.933543312470587305e-01
1.000000000000000000e+00
-9.996730333225537501e-01
-1.000000000000000000e+00
1.353829030487709306e-01
-1.000000000000000000e+00
4.870878041037046691e-01
-7.120543220053791034e-01
-1.215957358016980461e+00
1.000000000000000000e+00
2.036994495342116240e-01
-2.446345758782949020e-01
6.234310205122668425e-01
4.312112500598594966e-01
1.064778801447754386e+00
-1.000000000000000000e+00
1.000000000000000000e+00
-6.083214343801945923e-01
-1.000000000000000000e+00
2.409002000527652732e-01
2.581894520080759148e-01
8.927755634199696644e-01
-2.639508750898918524e-02
-7.199733773596835862e-01
1.233314435690010674e-01
-1.000000000000000000e+00
-2.322052333174222938e-01
-1.304720459879450400e+00
-6.063340268068103667e-01
-7.680937046110740685e-01
-1.000000000000000000e+00
-8.990282278244366987e-01
3.701834085811614994e-01
1.412047817109290726e+00
4.397515105009201508e-01
1.000000000000000000e+00
1.899375169563793098e-01
-7.002370457866973208e-01
3.897635528039280484e-01
-1.000000000000000000e+00
-9.755709058255117583e-01
1.049286160592425299e-01
1.301249807543499948e+00
3.407737064824628570e-01
6.206185991521995238e-01
1.000000000000000000e+00
7.198544741244139455e-01
-1.256730412075916625e+00
-2.780113189993589917e-01
-3.604783461674973544e-01
1.000000000000000000e+00
1.000000000000000000e+00
8.578684572834747168e-01
-7.334518420420912399e-01
-5.755942751070188823e-01
-1.000000000000000000e+00
-4.705105481964044767e-01
-9.898016615365510251e-01
-6.291838601849950585e-01
-2.178402129303251278e-01
-1.000000000000000000e+00
-8.435202300902319150e-01
1.210889077627362420e+00
-4.550392332862605027e-01
-3.427164222067988208e-02
9.586321253738043779e-01
2.924668084451482741e-01
4.103121439790743397e-01
-3.031887700358695259e-01
-8.455678498156743439e-02
2.668380441883469456e-01
-2.090293018710019379e-01
1.000000000000000000e+00
-5.620652809828525776e-01
5.879651090214493836e-01
1.602803676497436269e-01
-7.453520361110883563e-01
2.093427793515798552e-01
-7.138347852720254849e-01
-8.081869063028380984e-02
2.207390101459587028e-01
7.185062179815193684e-01
-1.000000000000000000e+00
-7.911950157546309148e-01
7.167149250415439932e-01
-3.494088744851727713e-01
7.342940979068069973e-01
6.054538414350629782e-02
-9.399321453919065039e-01
7.347850845952679233e-01
-1.000000000000000000e+00
-2.157679656732651718e+00
3.444982446707381407e-01
-1.988172421479127983e-01
1.000000000000000000e+00
-6.740851483833718572e-01
4.113766976068107262e-01
-1.025260003481221371e+00
-4.129616120701809501e-01
-1.195121321845270090e+00
5.478323403268511305e-01
6.586535008879068620e-01
-3.775009817132433110e-01
-2.323579578303299753e-01
-2.986336598396383546e-01
-1.000000000000000000e+00
1.490906844239794360e-01
-9.325422319818128525e-01
-8.604520718224217823e-01
7.863570237535134622e-01
7.978032526338566521e-01
-7.650707287387769062e-01
8.806591443179252465e-01
-1.000000000000000000e+00
-4.207722282694892346e-02
-6.257584602892932724e-01
-2.765657838679825287e-01
-1.029635073334673079e+00
1.000000000000000000e+00
1.000000000000000000e+00
4.033757995614556946e-01
-1.074627004777043426e-01
-8.957922774010891320e-01
1.000000000000000000e+00
2.526057999429607293e-01
-1.000000000000000000e+00
-3.062981923977465826e-01
-1.949122582291879180e+00
-1.717559058712151421e-01
1.000000000000000000e+00
-1.636024028905517236e-01
-3.733786299434940781e-02
-8.979342184658319903e-01
7.087506465588004900e-01
3.520929400911821938e-01
1.027766125789745522e-01
1.000000000000000000e+00
-2.576209969493409302e-01
-4.414558576293466374e-01
-4.461088321960394731e-01
2.224967236444325980e-01
4.503000530364337783e-01
-1.095864153439676802e-01
-1.195221060441126470e-01
1.114682353375617607e+00
1.840777894592831865e-01
-1.144059386285580571e+00
-4.933346398469432015e-01
-1.000000000000000000e+00
9.836078062323631022e-01
-5.076086663230219287e-01
-1.000000000000000000e+00
-4.760132422172174693e-01
5.146257923597800099e-01
-1.947490933908981869e-01
1.000000000000000000e+00
1.000000000000000000e+00
1.000000000000000000e+00
1.028028089890832053e+00
6.206778108587501785e-01
-1.674209223493192455e+00
-1.000000000000000000e+00
4.729417525140167666e-01
5.305882376827182334e-01
3.072989927448373563e-04
-2.490364750400345106e-02
-1.000000000000000000e+00
3.054631321755550966e-01
-4.717354910043441985e-01
-9.951155190764506830e-01
4.505048370193913687e-01
