gen,best,mean,sd
0,1.2333333333334338,-75.29533333333329,26.73398614608865
1,1.2333333333334338,-76.77044444444441,25.09478600215247
2,1.2333333333334338,-76.77044444444441,25.09478600215247
3,1.2333333333334338,-76.77044444444441,25.09478600215247
4,1.2333333333334338,-76.77044444444441,25.09478600215247
5,1.2333333333334338,-76.77044444444441,25.09478600215247
6,1.2333333333334338,-76.77044444444441,25.09478600215247
7,1.2333333333334338,-76.77044444444441,25.09478600215247
8,1.2333333333334338,-76.77044444444441,25.09478600215247
9,1.2333333333334338,-76.77044444444441,25.09478600215247
10,1.2333333333334338,-76.77044444444441,25.09478600215247
11,1.2333333333334338,-76.77044444444441,25.09478600215247
12,1.2333333333334338,-76.77044444444441,25.09478600215247
13,1.2333333333334338,-76.77044444444441,25.09478600215247
14,1.2333333333334338,-76.77044444444441,25.09478600215247
15,1.2333333333334338,-76.77044444444441,25.09478600215247
16,1.2333333333334338,-76.77044444444441,25.09478600215247
17,1.2333333333334338,-76.77044444444441,25.09478600215247
18,1.2333333333334338,-76.77044444444441,25.09478600215247
19,1.2333333333334338,-76.77044444444441,25.09478600215247
20,1.2333333333334338,-76.77044444444441,25.09478600215247
21,1.2333333333334338,-75.7425685425685,25.867280703761793
22,2.7333333333334657,-49.69511111111106,35.34185586664581
23,2.7333333333334657,-40.29311111111106,33.10466618036771
24,14.166666666666774,-41.032456140350824,33.53387131761442
25,14.166666666666774,-35.437938596491165,34.57758968354672
26,14.166666666666774,-41.510816777041896,36.43923274233651
27,14.166666666666774,-37.40794701986749,34.642545035594374
28,14.166666666666774,-34.86401766004409,34.916315497278674
29,14.166666666666774,-39.254304635761535,33.99938592180036
30,14.166666666666774,-34.55799999999994,32.249090352947846
31,14.166666666666774,-34.26979865771806,33.80799876723729
32,14.166666666666774,-36.224944812361976,33.41328694100976
33,14.166666666666774,-29.053467561521195,29.97144696857141
34,14.166666666666774,-28.18702460850106,31.212892351394462
35,14.166666666666774,-27.575777777777716,29.665509065221965
36,14.166666666666774,-34.56935123042499,34.14355720170293
37,14.166666666666774,-27.767555555555493,29.715448519101294
38,14.166666666666774,-29.626269315673227,32.55944822951734
39,14.166666666666774,-36.347333333333275,34.655897530285245
40,14.166666666666774,-30.426845637583835,31.318084651157044
41,14.166666666666774,-30.129530201342224,31.645790488359285
42,14.166666666666774,-28.641111111111048,32.487479392589876
43,14.166666666666774,-30.475275938189785,32.57714260358809
44,14.166666666666774,-34.163596491228006,34.8488688505763
45,14.166666666666774,-32.75916114790281,34.43732812503391
46,14.166666666666774,-27.61732456140344,30.785854381136357
47,14.166666666666774,-29.762499999999932,33.99762145801722
48,14.166666666666774,-29.359507829977566,31.600499001090935
49,14.166666666666774,-33.201126126126056,35.10065351400484
50,14.166666666666774,-32.22837837837831,33.12291431812576
51,14.166666666666774,-27.138063063062994,31.29012955165555
52,14.166666666666774,-28.032207207207136,33.008114485001485
53,14.166666666666774,-26.148666666666596,31.684121418686612
54,14.166666666666774,-32.19549549549543,35.804477308362664
55,14.166666666666774,-25.205592841163238,32.111144697147495
56,14.166666666666774,-30.35225225225218,36.08482502423233
57,14.166666666666774,-26.63986486486479,33.70496899296267
58,14.166666666666774,-26.745045045044968,33.16284641515758
59,14.166666666666774,-28.47964205816547,33.036885744691844
60,14.166666666666774,-26.410888888888813,32.6065654594551
61,14.166666666666774,-26.933558558558484,31.965757414715238
62,14.166666666666774,-30.68366890380306,34.118766470453195
63,14.166666666666774,-28.187472035794105,35.51854573842041
64,14.166666666666774,-29.626621923937282,34.78710900204053
65,14.166666666666774,-22.837719298245535,32.91507073284378
66,14.166666666666774,-26.69933774834429,34.05720622868234
67,14.166666666666774,-23.899333333333253,32.97636672707472
68,14.166666666666774,-28.20504385964905,36.06054398850101
69,14.166666666666774,-22.307333333333254,30.466758538640992
70,14.166666666666774,-28.758503401360464,37.48806402975446
71,14.166666666666774,-25.022666666666584,36.36754298159997
72,14.166666666666774,-26.27262693156725,34.99356906883068
73,14.166666666666774,-26.919078947368337,36.1339658539296
74,14.166666666666774,-23.32599999999992,31.45306082261491
75,14.166666666666774,-25.424384787471958,32.24794177013059
76,14.166666666666774,-26.32522522522515,32.90871819225695
77,14.166666666666774,-23.404054054053976,29.601256188699686
78,14.166666666666774,-27.63642384105953,34.87286240077593
79,14.166666666666774,-26.624503311258202,33.80191065783832
80,14.166666666666774,-26.595364238410518,35.39489202903989
81,14.166666666666774,-27.97262693156725,34.940654003947735
82,14.166666666666774,-24.496444444444364,32.374705065819015
83,14.166666666666774,-23.166666666666586,30.585425480968112
84,14.166666666666774,-24.622666666666593,32.361757339088925
85,14.166666666666774,-23.19779249448116,31.83749707958344
86,14.166666666666774,-25.85503355704691,32.451680808023504
87,14.166666666666774,-25.556888888888814,33.36276912449449
88,14.166666666666774,-22.390350877192905,30.93181938965246
89,14.666666666666767,-25.39451754385957,34.05639295681834
90,14.666666666666767,-22.758612975391415,30.722460346448532
91,14.666666666666767,-24.4857777777777,32.72960362246925
92,14.666666666666767,-25.324888888888808,33.476830060708885
93,14.666666666666767,-27.11444444444437,35.90549744695904
94,14.666666666666767,-24.720309050772546,34.351613250959396
95,14.666666666666767,-20.213777777777697,31.147302882264267
96,14.666666666666767,-23.436383442265715,32.45300839599138
97,14.666666666666767,-21.181917211328898,30.618761718328983
98,14.666666666666767,-23.634004474272853,31.37459976417863
99,14.666666666666767,-24.942729306487617,33.11036210546802
100,14.666666666666767,-24.520805369127437,32.79380647507522
101,14.666666666666767,-22.666666666666586,31.46882949252532
102,14.666666666666767,-19.964864864864783,30.39347537057683
103,14.666666666666767,-23.859234234234158,33.1759201679951
104,14.666666666666767,-24.06890380313191,35.31564427088096
105,15.966666666666821,-23.349227373068352,33.38803146485899
106,15.966666666666821,-18.54362416107374,30.32134751012336
107,15.966666666666821,-24.774222222222143,32.92093472114032
108,15.966666666666821,-25.635540838852016,34.652713202382834
109,15.966666666666821,-28.89956427015243,36.78781688446045
110,15.966666666666821,-21.517660044150023,28.872364784350037
111,15.966666666666821,-24.60242825607056,31.55874886406563
112,15.966666666666821,-26.87612612612605,33.95375278133547
113,15.966666666666821,-22.134451901565914,31.705120750773702
114,15.966666666666821,-21.87181208053683,30.970868110391983
115,15.966666666666821,-31.269333333333257,35.3140722176386
116,15.966666666666821,-26.58066666666659,33.17445185458011
117,15.966666666666821,-27.863777777777706,34.10449192455593
118,15.966666666666821,-25.399111111111033,34.06362237901672
119,15.966666666666821,-31.485682326621852,35.68671878882267
120,15.966666666666821,-20.736261261261177,31.640867377874407
121,15.966666666666821,-26.746085011185606,33.88065900181032
122,15.966666666666821,-20.601545253863055,28.246727092376148
123,15.966666666666821,-22.09324618736375,31.762342876026192
124,15.966666666666821,-28.47668845315897,34.559873652605546
125,15.966666666666821,-26.315659955257196,33.86695303588854
126,15.966666666666821,-25.51022222222214,33.57930909369456
127,18.66666666666677,-27.762719298245543,33.54521560917797
128,18.66666666666677,-29.55644444444437,33.66772494412984
129,18.66666666666677,-27.615999999999925,34.097488713871506
130,18.66666666666677,-24.976888888888812,30.336781475973837
131,18.66666666666677,-29.265100671140868,33.719094742734555
132,18.66666666666677,-23.246888888888808,31.36172687438005
133,18.66666666666677,-25.470720720720646,32.3823418647529
134,18.66666666666677,-25.902222222222147,32.62729774321946
135,18.66666666666677,-25.784222222222148,30.458925517068433
136,18.66666666666677,-26.774944071588298,30.737400650474754
137,18.66666666666677,-25.615333333333258,31.301428113201602
138,18.66666666666677,-23.315090090090013,27.572293273742517
139,18.66666666666677,-27.62911111111104,32.810055436228645
140,18.66666666666677,-22.00220750551869,29.613532959559816
141,18.66666666666677,-27.29315673289176,33.647146509835245
142,18.66666666666677,-23.797986577181135,29.555908730955526
143,18.66666666666677,-23.41029082774042,31.831614650613627
144,18.66666666666677,-21.81058558558551,30.45954340336992
145,18.66666666666677,-26.364679911699703,33.670234163221295
146,18.66666666666677,-26.463815789473614,31.966189179262997
147,18.66666666666677,-23.547461368653348,30.499426269247955
148,18.66666666666677,-26.769094922737235,32.527729292274934
149,18.66666666666677,-22.53534675615205,28.00182513178794
150,18.66666666666677,-24.32860360360353,32.63800843720057
151,18.66666666666677,-21.06868008948538,28.360981701015035
152,18.66666666666677,-24.045637583892542,30.592036743899474
153,18.66666666666677,-26.288520971302354,33.223040279173404
154,18.66666666666677,-23.831777777777702,31.332292024462156
155,18.66666666666677,-24.09031531531524,29.4564640966589
156,18.66666666666677,-23.25396825396818,30.07042334740678
157,18.66666666666677,-26.86353467561514,35.21945926397594
158,18.66666666666677,-24.297505668934164,32.2821293342426
159,18.66666666666677,-21.152125279641982,28.561667736058283
160,18.66666666666677,-25.37280701754379,31.645737640859387
161,18.66666666666677,-26.204385964912206,33.08179493621696
162,18.66666666666677,-27.699776286353398,31.66958717173001
163,18.66666666666677,-22.044966442952944,28.28341198265655
164,18.66666666666677,-28.554729729729658,34.29477170821447
165,18.66666666666677,-26.044520547945133,33.04843483915801
166,18.66666666666677,-29.887333333333263,34.364968741330095
167,18.66666666666677,-21.331096196867932,28.414633368687905
168,18.66666666666677,-26.163555555555483,33.48097222949328
169,18.66666666666677,-24.57080610021779,31.7704652037558
170,18.66666666666677,-29.15199999999993,35.41646394294924
171,18.66666666666677,-27.8839002267573,33.469260804532844
172,18.66666666666677,-23.701999999999924,30.291738081529783
173,18.66666666666677,-24.663534675615136,31.73708227584529
174,18.66666666666677,-21.54854586129746,31.1363658907594
175,18.66666666666677,-22.34569536423833,30.590620178616017
176,18.66666666666677,-26.818222222222147,32.56091740145989
177,18.66666666666677,-19.27064017660036,31.21148680246101
178,18.66666666666677,-25.481777777777697,34.628137047176345
179,18.66666666666677,-25.362162162162086,32.20485005549364
180,18.66666666666677,-29.318918918918843,35.11479162722539
181,18.66666666666677,-23.15622222222214,32.93335608111378
182,18.66666666666677,-17.410810810810727,28.93918891223704
183,18.66666666666677,-25.473601789709093,34.706796656506945
184,18.66666666666677,-18.80495495495487,28.132971840485535
185,18.66666666666677,-21.935794183445108,32.12128583413928
186,18.66666666666677,-22.124944812361946,31.365407053867372
187,18.66666666666677,-20.242982456140272,30.531419113648507
188,18.66666666666677,-27.22105263157887,35.32496563533478
189,18.66666666666677,-27.03267108167763,35.348423090909776
190,18.66666666666677,-23.392935982339875,32.004704540414515
191,18.66666666666677,-21.213555555555477,32.48406517542085
192,18.66666666666677,-23.64679911699771,34.255066533367255
193,18.66666666666677,-23.403090507726187,33.77095912061606
194,18.66666666666677,-25.01567328918314,34.19633392602328
195,18.66666666666677,-23.23885209713016,33.576207331321754
196,18.66666666666677,-24.9977777777777,35.68656032254052
197,18.66666666666677,-26.030905077262613,33.49255023517755
198,18.66666666666677,-22.10109649122799,31.081373207978043
199,18.66666666666677,-25.371777777777698,34.712163037837826
