2.700107143099156337e-01
-2.944604379898320690e-01
6.268426210447884950e-01
6.195137576187172840e-02
-2.668614159370930050e-01
-1.000000000000000000e+00
7.231395592313644149e-01
6.224461297171102192e-01
8.368325814142653363e-02
-7.749199764884348030e-01
3.622317753906771354e-01
1.000000000000000000e+00
4.169826404132652153e-01
5.038013322197979482e-01
6.165214269079957177e-01
-1.178251565072537532e-01
7.160148395967623758e-01
3.401529553245518089e-01
4.646215999257191087e-01
4.994191834249807060e-01
-9.648015960433311555e-01
1.000000000000000000e+00
-1.540472373532107142e-01
2.347126416908142665e-01
-1.000000000000000000e+00
3.453522092795134890e-01
-6.943476937554567963e-01
-8.497438072875836967e-01
7.420594902870176757e-01
-6.244284946755066512e-01
1.000000000000000000e+00
-7.487480881916611652e-01
-7.281985771626819925e-01
-2.696607225660085927e-01
-6.226158573497383442e-01
4.800036709704622595e-01
-4.455329767881279213e-01
8.054210241399608616e-01
6.638007641026137939e-01
6.572445911958869624e-01
-2.939159753582243698e-02
8.438095639011077287e-01
-7.451491623734093350e-01
-6.722904662935369480e-01
-5.310518475548676731e-01
8.969695987194542530e-01
9.057385347681877752e-01
-1.053624696178191156e-01
-3.018564647535535439e-01
-9.096740394349192016e-01
-1.000000000000000000e+00
4.393454698596808150e-01
-7.704379442341192652e-01
-5.197036816721087860e-01
6.378809078216248762e-01
-6.754045186768189990e-02
-9.497022615107103549e-02
5.684192741732850829e-01
5.726964922053775497e-01
-6.355757513871744535e-02
-3.353225483930141748e-01
8.540075202592287695e-01
8.214606427703508018e-01
-2.555292918690700299e-01
1.000000000000000000e+00
-3.213407972071316565e-01
-4.297704243556983439e-01
-4.772275447348879318e-01
2.556036718573850841e-01
1.589626475412185547e-02
2.632303828236930432e-01
2.694074076327092060e-01
-7.646971529185631056e-01
-2.480467096231222801e-01
5.213353678522989615e-02
-5.408016895412365299e-01
-2.986236668576098263e-01
-3.407626829725309281e-01
5.937870071495100488e-01
1.000000000000000000e+00
2.897337358998958723e-01
7.667150542645795319e-01
-5.124769457213643742e-01
-3.203685961673064519e-01
5.286727691930735995e-01
1.878827409421987282e-01
-1.959274571537948650e-01
-9.363235185526732618e-01
3.755985256729691968e-01
5.375334480876512444e-01
-6.312326146950172565e-03
-7.659147646643224006e-01
9.266816623748481696e-01
8.739262987822979389e-02
-1.689919808795406486e-01
-5.421672566364783563e-01
4.772656754308085558e-01
2.576189043565203438e-02
-5.627276766668156682e-01
7.714380563608198571e-01
-2.399848642041534919e-01
-4.766048295856696315e-01
-8.284459850076598686e-01
7.022288325708352374e-01
8.432116623526732246e-02
3.245175718227594208e-02
-1.852631939935779626e-01
3.121449500070791472e-01
6.926447373500688176e-02
-3.406236684946848947e-01
-1.353044829170853003e-01
5.225042603714952216e-01
-6.304808392582297305e-01
-1.987406623731689248e-01
-7.635295366128462546e-02
-5.677550337093387745e-01
-1.710315952917036975e-01
-6.479992459252089665e-01
-1.456300100053817548e-01
7.378425337053149402e-01
-6.265874921517150531e-01
-7.508954655305782877e-01
-1.000000000000000000e+00
-3.681320705441309959e-01
5.706731309965034082e-01
9.620765844667147348e-01
3.222179264558413525e-01
-7.923573594485404659e-01
8.010742020419180376e-01
-5.293194742378755091e-01
-1.534257857621452448e-01
1.737812604600806610e-01
-5.982663673512498281e-01
-7.542837499810725044e-01
1.504574272802408907e-01
3.646784045652722711e-02
3.509425924157661414e-01
5.566477122895985286e-01
6.628254102382258317e-01
1.713165886273148864e-01
-7.759826188149638870e-01
8.990983172005082569e-01
4.533083810715955730e-02
-4.881673999930643548e-01
3.291955958976888752e-01
-4.307132696331764654e-01
-8.030480786621386757e-01
-6.148957223654721860e-01
9.021203047669453801e-01
-7.060524274677141277e-01
4.734636279371964851e-01
4.566206096093469724e-01
2.244364154659517496e-01
9.425769098472215335e-01
8.726628215804169697e-01
-4.983792855890055717e-01
-2.659795515025129564e-01
-2.517366223387367818e-01
2.323878292268223011e-01
4.115370520042645475e-01
-7.928325313611132019e-01
-8.935575681766089184e-01
-7.867037303836453832e-01
7.731834368265614321e-01
9.525739587594737046e-01
1.457848586081370856e-01
-6.829479221808106848e-01
-2.538341130817180491e-01
3.437986945081548673e-01
5.555702371007216200e-01
-5.594616564284642379e-01
7.844163989279574478e-01
3.299144420617678569e-02
5.612216163061273244e-01
-8.792351718787189130e-01
6.403950557086296458e-02
-2.834796328753220185e-01
-4.708893947710056649e-01
-4.419389254376056564e-01
3.201459022026239554e-01
8.414327031209317687e-01
7.510394769234823853e-01
-6.494890851132411047e-01
-7.343207835587457488e-01
-8.585534354567609938e-01
5.831922831100124771e-01
-8.029000319907362293e-01
-8.116265496179374539e-01
1.151016235989958669e-01
3.577748909935398181e-01
-6.416851711140840742e-01
2.037438596191429863e-01
1.386106430046034517e-02
9.676564696235796514e-01
6.559779964279999209e-01
1.239872645878140056e-01
3.420051460679952027e-01
4.179287148316876976e-01
1.000000000000000000e+00
-1.000000000000000000e+00
-7.533011184724362763e-02
2.678662234456120200e-02
-7.957527397552908166e-01
-3.500339149469906541e-01
-5.685452759130859013e-01
8.561802868569803326e-01
4.490649936184066271e-01
3.347582746410938115e-01
3.838500644376508508e-01
2.342443179081106219e-01
-7.333087866982523906e-01
3.500046131696796237e-01
-7.762189447858176550e-01
6.666040630899593422e-01
6.738930403891691956e-01
1.000000000000000000e+00
6.185128078000616814e-01
-6.496989744206286277e-01
1.654293473989266738e-01
9.744446434133450241e-01
-8.903218148730297488e-01
8.524548539445045980e-01
6.177181987346850311e-01
3.017628642932280170e-01
1.505349413777725964e-01
1.000000000000000000e+00
-1.225705659078032972e-01
-6.621089494357055294e-01
-4.092071153749513024e-01
4.785758772662243032e-01
3.554833774561724086e-03
9.814379262481632837e-01
-3.473170341793643812e-01
9.647062422494456779e-01
1.000000000000000000e+00
2.423058740819636625e-01
-5.731599190302837377e-01
2.845735765023798547e-01
4.359475942629464362e-01
5.148290535985765581e-01
-7.750096156902279709e-01
-5.843791704157877964e-01
4.524592836049727285e-01
-4.110061521377212923e-01
1.539892616325474473e-01
-1.278306847769755950e-01
1.561802903426081635e-01
4.273726232979701001e-01
-2.567922783856578239e-01
-8.976132727165462288e-01
9.812368195021453632e-01
-2.829406683109739196e-01
-3.220535851022505724e-01
3.325278880058267772e-01
-1.223751243471497691e-01
-2.244546834119097722e-01
8.914251139956245185e-01
-2.589010284228848158e-01
5.630665997102275444e-01
4.008880378900009367e-01
8.847289104793195635e-01
7.847017933655869859e-01
5.113049477985406321e-01
1.248514612136812224e-01
3.200633500477079729e-01
