-3.069204634911780749e-01
-5.429469400975817095e-01
-8.231168029366370265e-01
3.295586722023566839e-01
-7.656821150812787025e-01
3.291900495984602104e-01
-7.572165338501075649e-01
-7.305067690204528619e-01
6.383241212376409290e-01
-3.926706965263945803e-01
-2.740137203337413285e-01
2.920166106957568578e-02
4.481069956216502947e-01
-6.827509295265316025e-01
1.784518130735351649e-01
-5.930036698280781726e-01
4.508711605632831354e-01
-9.245124849837231817e-01
2.367168200834527947e-01
5.754242089588705866e-01
-5.174993916429876384e-01
-5.801017055689164925e-01
-9.987443006822167568e-01
3.684326943140261990e-01
6.335659950706911125e-01
5.464404238263484981e-01
6.494210427456974521e-01
1.773818082575802091e-01
3.024172008159609071e-02
5.058901286839067035e-01
-9.336918057785923430e-01
8.265182243197080059e-01
-5.281846370290393944e-01
2.034138189532128660e-01
-1.533433353572097313e-01
-2.271877729456528161e-01
-9.785020799633274979e-01
6.210890084099055519e-01
-9.908675946652265587e-01
-4.853413715868514222e-01
-1.588343214344105914e-01
6.553297333213266018e-01
7.851283402024400448e-01
-2.775129681546468774e-01
-3.142069321453132003e-01
6.763604924883638292e-01
-4.873256597409186264e-01
-2.638812964887759516e-01
-5.980717398209800528e-01
8.087495105192520350e-01
-7.447232352838961678e-01
-5.993383957756648339e-01
4.096076928010063956e-01
9.842505014517771711e-01
-2.432771245975610397e-01
-1.557390301780966491e-01
2.966819095782087801e-01
-4.642832807678832219e-01
1.000000000000000000e+00
-1.410485959158551406e-01
5.296381940945871225e-01
4.824963598934726150e-01
-7.461115601331363978e-01
-1.784754231138884206e-01
-4.951396676127118313e-01
-1.000000000000000000e+00
-4.652691161106103368e-01
8.531418187759606253e-01
-4.621237596861921815e-01
7.933400375032195750e-01
4.802969352091727706e-01
8.422645709916015688e-01
7.605748403366090482e-01
3.675865306616926675e-01
1.000000000000000000e+00
5.221899626892589907e-02
-8.050305920086501255e-01
-1.572968319762778067e-01
-9.542924864576729505e-01
1.524915842607968974e-01
-6.223122967299868913e-01
-7.410225915913926098e-01
7.874868375863044445e-01
-8.383930513752478886e-01
-7.603283298691680958e-01
7.629255619810938471e-01
2.981695959685455866e-01
6.475555508848334155e-03
-6.687401298052799703e-01
-5.892976400737298670e-01
5.788550823872198881e-02
2.544538122491274423e-01
4.046519868217338667e-01
-1.000000000000000000e+00
4.848668129844017627e-01
1.035161476940492931e-01
4.044476111841684984e-01
-1.483553585736618052e-01
5.655258621229201088e-01
-2.037670339588526780e-01
-3.115680776211390834e-02
8.199874158971103277e-01
6.294714051393700549e-01
-1.454057935623280506e-02
-8.860177581753183595e-01
7.147426281308875140e-01
-3.116395220042970648e-01
-8.777287696697176900e-01
2.183117992421409193e-01
-1.010108469948296228e-01
-5.937409629876468919e-01
-7.387560716803072136e-01
-2.096594636055531535e-01
7.450758046362903064e-01
-7.752415377898898008e-01
3.104576575271731920e-01
5.888712603046014626e-01
5.885592322102047858e-01
-5.064744721808149830e-01
-1.000000000000000000e+00
9.630982803597218922e-01
7.456040582334703126e-01
6.728371727136556180e-02
-8.141076143315726377e-01
-1.000000000000000000e+00
9.599281059321522758e-01
-2.878845913448792662e-02
-6.448413954351556177e-01
3.710759087400963829e-01
-5.965137729801629485e-01
3.097206734470328016e-01
-3.976935273141894989e-01
-5.934268303853232895e-01
-3.931748238535890394e-01
-6.057256634149980057e-01
1.027755164081702310e-01
-9.882477464851823212e-01
-5.676081316352665079e-02
-7.586739042689057966e-01
7.649027191012374161e-01
4.708335888006396908e-01
7.889492779357500929e-01
-4.859442263909514725e-01
-1.199836299383155308e-01
1.000000000000000000e+00
-4.048529005239235312e-01
4.205713449344566368e-01
5.900449969949564943e-01
2.642002126660583095e-01
7.903830530581835989e-02
-1.000000000000000000e+00
9.901585056429174081e-02
-4.061003566245751650e-01
8.613404411200493715e-01
-6.187196200540229230e-01
1.086259727062241498e-01
-9.729153690604451510e-02
-3.337336649187593873e-01
5.158172442340691610e-01
6.585494027568320474e-01
4.275053566262852489e-01
7.787663390078517489e-01
-6.576664001164667095e-01
-4.414938798884801563e-01
-1.740699802128944235e-02
5.298659189085316301e-01
-7.565617147703619372e-01
7.625970379682623923e-01
-8.075415843893614110e-01
-1.000000000000000000e+00
-1.000000000000000000e+00
4.175920197747353679e-01
5.089386846452923496e-01
-9.431549575177395894e-01
1.000000000000000000e+00
9.068942410537972343e-01
3.315928040749613892e-01
6.272708981248552584e-01
-9.621046187696092877e-01
-1.250431378879487965e-01
8.371760147023774024e-02
-2.324319632871086738e-03
5.033296642699265633e-02
3.546045325641026813e-01
3.532961070060738895e-01
-7.810624441298964493e-01
4.823543253924879592e-01
9.807893373277091348e-03
3.339664787404871271e-01
5.508617218429343598e-01
-8.012803441503294488e-01
-8.933880917616422446e-01
8.112694814449027403e-01
-7.881215996477088093e-02
-4.547186542788945185e-01
7.012249197989121052e-01
7.679511730521924040e-01
9.117977961551795296e-01
2.460072816927948158e-01
-2.303147340202419402e-01
-4.251603483595086663e-01
-1.309629331926485951e-01
2.499861793462071213e-01
-1.000000000000000000e+00
-1.811450424329870690e-01
1.000000000000000000e+00
4.844999735007785024e-01
4.882138342167114953e-01
-7.458738687213480878e-01
-6.970761610722868706e-01
-5.961537053582278700e-01
4.269362107089319514e-01
-2.048296875355339053e-01
8.625254300025322340e-01
-9.687309560639001393e-01
9.286643418525203364e-01
-5.979734926799511463e-01
3.441262084957323886e-01
5.903997286246289722e-01
-3.269872563386150288e-01
-7.245489577756156763e-01
-7.854666791978712759e-01
2.032047825433341004e-01
4.466240373355832571e-01
-1.790531459030867967e-01
-1.000000000000000000e+00
2.824691360446920929e-01
2.140724222011799460e-01
3.058503619725354561e-01
8.605734117369074898e-01
-5.515546332860543632e-01
-5.304083355885775841e-01
3.589144656508497233e-01
4.528801171451356522e-01
-6.673568961741895844e-01
1.270765557113642807e-01
-7.188361899266881849e-01
7.245647016367863236e-01
-9.739137605325846048e-01
-1.000000000000000000e+00
-4.080281079463084493e-01
6.855060874032985474e-01
-3.989142537219235729e-01
9.188239257062882359e-01
2.603058779014849611e-01
6.490236854056274929e-01
-4.496478380417711154e-03
4.570022622383926869e-01
1.000000000000000000e+00
1.000000000000000000e+00
-2.685892893178776220e-02
-6.085367673014513423e-01
8.145502148407796073e-01
-6.892773091500909999e-01
9.273577977339119149e-01
2.431973875173009947e-01
4.128606946562441427e-01
8.360766114580319153e-01
4.887199438381513161e-01
-5.507174939665716584e-01
-4.598535498934149812e-01
-6.309108813992360121e-01
5.746591643717723352e-01
-6.880979437976459945e-01
-1.946170632404232437e-01
