5.207358445696275151e-01
-5.707524011711579970e-01
-7.442071698703853766e-01
2.171737491960692434e-01
-2.607564871526025785e-01
8.260692250133931935e-01
-1.937115186897753749e-01
8.130075935682051780e-01
-6.232554386411370828e-01
1.000000000000000000e+00
-1.000000000000000000e+00
6.271267312726978016e-01
-5.033109534378168437e-01
9.363602558960300026e-01
1.000000000000000000e+00
1.000000000000000000e+00
-4.919217782509285319e-01
-6.198099512127472899e-01
1.000000000000000000e+00
-7.181278962170568603e-01
8.415319585888992870e-01
-5.999191179706260257e-01
2.202960928218859471e-01
-2.757890478504008702e-01
-5.638494078466377291e-01
-3.429693422829115934e-01
-2.715145653447133545e-01
1.000000000000000000e+00
4.276353425438899070e-01
-1.222496987311624261e-01
-3.385078853901096196e-01
-1.000000000000000000e+00
-5.364898031236537967e-01
-1.377539520959291663e-01
3.662497713974741664e-01
1.000000000000000000e+00
-8.674434825398346094e-01
-9.977106226068829797e-02
-1.000000000000000000e+00
-3.550790425290756280e-01
-7.200697414103902627e-01
-1.000000000000000000e+00
-4.468688446880695331e-01
-2.504883834534279430e-01
1.000000000000000000e+00
-3.590247689896106098e-02
-1.000000000000000000e+00
5.568535615410540318e-01
-9.674173199713624882e-01
9.963095317811286877e-01
1.000000000000000000e+00
1.000000000000000000e+00
8.904661409842211661e-01
7.491845308083385779e-01
9.372553678003201494e-01
5.072892285356556119e-01
-6.751464669971091181e-01
-1.000000000000000000e+00
4.989507205158886793e-01
-9.662055474804969180e-01
2.854822090942974455e-01
1.000000000000000000e+00
-1.000000000000000000e+00
-7.361642734781461694e-01
1.000000000000000000e+00
-1.000000000000000000e+00
1.000000000000000000e+00
1.000000000000000000e+00
-1.000000000000000000e+00
2.427099725210064007e-01
2.232191005366119807e-01
2.054460072028777007e-01
-1.000000000000000000e+00
9.979465613964343396e-01
2.295270761014678307e-01
-5.283811436050864785e-01
-5.346411509387027916e-01
1.000000000000000000e+00
4.362529259685317129e-01
5.872054342548089778e-01
6.726715196483357140e-01
-1.000000000000000000e+00
-1.000000000000000000e+00
3.405042907501041327e-01
1.000000000000000000e+00
-1.000000000000000000e+00
2.244326797009623675e-01
1.000000000000000000e+00
1.000000000000000000e+00
1.000000000000000000e+00
1.000000000000000000e+00
-1.000000000000000000e+00
1.000000000000000000e+00
-1.000000000000000000e+00
1.000000000000000000e+00
-1.000000000000000000e+00
-5.789924816383003048e-01
6.266294742797656747e-01
-1.000000000000000000e+00
1.518413451876882425e-01
1.000000000000000000e+00
8.614263697184695867e-02
-7.044721183576774237e-01
-1.000000000000000000e+00
2.922525636389147197e-01
-9.083928473127251824e-01
-2.069991906054697850e-01
-4.402048110217442467e-01
-1.000000000000000000e+00
1.000000000000000000e+00
-1.923274280154647631e-01
-9.010611727950990080e-02
5.319023535931707292e-01
-1.000000000000000000e+00
-8.006468907617803055e-01
-8.109742951551561774e-01
4.737460211097834772e-01
-1.000000000000000000e+00
-9.284357001675704879e-01
-6.972801875325267407e-01
-6.790817300362612663e-01
-1.000000000000000000e+00
-1.000000000000000000e+00
-1.000000000000000000e+00
1.000000000000000000e+00
1.000000000000000000e+00
-3.767397669134584515e-01
-1.000000000000000000e+00
1.000000000000000000e+00
-2.007577518751433587e-01
1.000000000000000000e+00
1.000000000000000000e+00
6.656603759983248381e-01
4.260028974832659743e-01
6.544822133459737845e-01
-9.054524482522977591e-01
1.000000000000000000e+00
-4.296630966562742238e-03
1.000000000000000000e+00
4.849678779726297462e-01
-9.069632592304534002e-01
6.134542288196613846e-01
-1.000000000000000000e+00
-6.404574478900112444e-01
8.947952546104489535e-01
3.010556132966376586e-01
-1.000000000000000000e+00
-1.000000000000000000e+00
8.458769618339418983e-01
7.051964976805532581e-01
1.000000000000000000e+00
-1.000000000000000000e+00
-1.000000000000000000e+00
-2.591471452906403128e-01
-9.775767822331744572e-01
1.705112000540193185e-01
1.000000000000000000e+00
-1.000000000000000000e+00
4.994507794372962106e-01
1.000000000000000000e+00
-8.662256386950600850e-01
-4.824794838534370855e-01
-1.000000000000000000e+00
-3.417029721793074515e-01
-1.000000000000000000e+00
1.000000000000000000e+00
1.000000000000000000e+00
-3.101717225190361304e-01
3.524192561273788993e-01
-1.758089271181569879e-01
-4.837824051075170217e-01
-1.000000000000000000e+00
1.000000000000000000e+00
-1.000000000000000000e+00
-1.000000000000000000e+00
4.441674448278605247e-01
-3.038440547647215939e-01
4.729008933823865002e-01
8.992115300491770880e-01
-1.000000000000000000e+00
4.098238273531725206e-01
4.516050548309695767e-01
1.937008846670646572e-02
-9.491945519453394153e-01
-8.291640739411118011e-01
1.000000000000000000e+00
-9.296397984503506073e-01
-7.011277589725731785e-01
-7.787940784580942299e-01
-8.033079713624821094e-01
5.197446059401741314e-01
-4.049867950663461058e-01
1.000000000000000000e+00
2.856992382717740697e-02
1.400807116497989058e-01
1.000000000000000000e+00
-1.374523791340287460e-03
-1.000000000000000000e+00
1.000000000000000000e+00
-1.000000000000000000e+00
-3.368449620373201170e-02
-1.000000000000000000e+00
-1.202606458987035276e-01
5.144376976033754323e-01
-1.000000000000000000e+00
-4.887480309799271949e-01
-4.693755992289613266e-01
9.976895736519250102e-01
-3.159098321496917050e-01
-3.484271961175133270e-01
-7.580459043107958816e-01
3.823083987843900466e-02
1.000000000000000000e+00
-6.198782710533368157e-01
1.456874693030315582e-01
-1.000000000000000000e+00
-1.000000000000000000e+00
9.405638983121692442e-01
1.000000000000000000e+00
8.034388589337140285e-01
-1.000000000000000000e+00
1.000000000000000000e+00
-1.000000000000000000e+00
1.000000000000000000e+00
1.000000000000000000e+00
-5.619667504985744744e-01
-1.000000000000000000e+00
1.000000000000000000e+00
1.000000000000000000e+00
1.000000000000000000e+00
-1.000000000000000000e+00
3.631892428169535836e-01
1.762960686238944641e-01
8.786734064400752997e-01
9.115514390584678051e-02
2.486147208898505934e-01
-1.000000000000000000e+00
-1.000000000000000000e+00
1.000000000000000000e+00
-9.108684900609784751e-01
-1.000000000000000000e+00
1.000000000000000000e+00
1.000000000000000000e+00
1.000000000000000000e+00
-4.971104973901276924e-01
1.000000000000000000e+00
-9.135996639909504946e-01
1.000000000000000000e+00
1.000000000000000000e+00
4.910384742506224698e-01
-1.000000000000000000e+00
-1.000000000000000000e+00
8.864821462523149176e-01
3.290238963449687581e-02
8.302366837626689033e-01
-1.000000000000000000e+00
6.874264203049522681e-01
1.000000000000000000e+00
-8.438100205847539614e-01
3.584723890657420808e-01
-8.446823845374940021e-01
-5.932606853705467698e-01
1.000000000000000000e+00
1.000000000000000000e+00
-2.091623095317259873e-01
