-5.326383414152329188e-01
6.048879127139012990e-01
3.318716646429437089e-02
-4.984427711336280042e-01
1.000000000000000000e+00
-2.707063295584904439e-01
-4.447116014119963934e-01
2.585477243795231139e-02
1.730922386968054560e-01
-4.713623121736544297e-01
-1.966052281865424134e-01
4.780505911583853851e-01
-7.010606947784648879e-01
6.199833127355011686e-02
-1.000000000000000000e+00
4.778156075257444235e-01
9.812950091949000919e-01
-1.000000000000000000e+00
-1.000000000000000000e+00
5.830306921054205782e-01
4.735505170803688824e-01
-9.994639589118874401e-01
4.882740632578430606e-03
-5.606376813487506938e-01
-4.008662344638578290e-01
8.582380557262433429e-01
-5.361395904679019386e-01
1.000000000000000000e+00
-5.143125673536809161e-01
-8.806614932605011381e-01
-4.455620980209296089e-01
5.688417924656644642e-01
-1.000000000000000000e+00
1.000000000000000000e+00
-2.939634804248241196e-01
-1.000000000000000000e+00
2.004678055322910435e-01
8.845321033233606300e-01
7.484856222002389536e-01
5.603631966783488849e-01
-3.790707358908720903e-02
1.000000000000000000e+00
-5.647865036427622831e-01
-1.000000000000000000e+00
1.486367066243894919e-01
-7.652153565070554109e-01
1.000000000000000000e+00
9.678052622281199113e-01
-9.437961737499078740e-01
1.000000000000000000e+00
7.852840842754088557e-03
-4.857924322310302467e-01
2.760304074435036004e-01
9.565359715235506322e-01
-2.133750968660715897e-01
1.000000000000000000e+00
1.000000000000000000e+00
3.028890678247833090e-01
-1.000000000000000000e+00
-1.000000000000000000e+00
1.000000000000000000e+00
6.646045840470397037e-01
-6.089750674537457442e-01
-7.817342514088370109e-01
1.000000000000000000e+00
-5.255701263610437213e-01
-1.000000000000000000e+00
6.726065749530372173e-01
-1.530115024802918278e-01
-2.980819442603466207e-01
-1.000000000000000000e+00
-3.567933799814259066e-01
1.000000000000000000e+00
1.000000000000000000e+00
1.000000000000000000e+00
-4.276211038166742862e-01
5.814375363679119557e-01
-1.000000000000000000e+00
8.961361686448121588e-01
8.240300431451963448e-03
-8.202712646685386133e-01
1.000000000000000000e+00
4.289433712004928623e-01
4.745092605557810206e-01
-1.000000000000000000e+00
-2.163004995640016581e-02
2.204604773729659239e-01
7.391528823147358596e-01
9.632260293819469021e-01
7.617799928577051460e-01
-1.000000000000000000e+00
-1.000000000000000000e+00
1.828243328515298805e-01
1.000000000000000000e+00
6.194255771275597455e-02
1.566185719852719871e-01
-1.000000000000000000e+00
-4.455093782542214331e-01
-4.509918770528802412e-01
-9.578633585770536252e-01
-1.000000000000000000e+00
1.000000000000000000e+00
1.000000000000000000e+00
-1.000000000000000000e+00
-6.184503402619825341e-01
4.566794015668228512e-01
-1.000000000000000000e+00
6.789295480107944147e-01
1.000000000000000000e+00
-1.000000000000000000e+00
2.194452110723740523e-01
2.673718566044106515e-01
-9.273049435544309382e-01
-3.637278115021683744e-01
1.927022720982249915e-01
1.000000000000000000e+00
-1.000000000000000000e+00
-1.000000000000000000e+00
-8.967583198198932903e-01
-9.450439958871375001e-01
1.000000000000000000e+00
1.000000000000000000e+00
-5.251063906754646071e-01
1.000000000000000000e+00
1.000000000000000000e+00
1.000000000000000000e+00
-5.083097234621660743e-01
-4.375606445988382276e-03
-6.353026520813913613e-01
9.662744871991026940e-01
1.000000000000000000e+00
1.000000000000000000e+00
-1.000000000000000000e+00
1.000000000000000000e+00
-1.000000000000000000e+00
1.051613715462852428e-01
-9.297693154246842173e-01
-1.000000000000000000e+00
1.000000000000000000e+00
2.375390478751963075e-01
1.000000000000000000e+00
1.000000000000000000e+00
-4.610246813735985327e-01
1.000000000000000000e+00
-1.993603700203960827e-02
5.987141054805671381e-01
3.714168037779937426e-01
2.493617721269754117e-01
-1.000000000000000000e+00
-4.006411804793628684e-01
1.000000000000000000e+00
4.548001593034767254e-01
-9.150111125464091000e-01
-1.000000000000000000e+00
-1.000000000000000000e+00
3.245016486107161757e-01
1.251899442132528018e-01
-1.000000000000000000e+00
4.394056943364009760e-01
3.785015123096075462e-01
1.000000000000000000e+00
1.000000000000000000e+00
6.596180083022532559e-01
-1.085601587665816492e-01
3.814829137569449857e-01
-1.000000000000000000e+00
9.003008285810971678e-01
-3.074055544979644727e-01
4.577170566081732034e-02
-4.434218247157417081e-01
-1.879820012511668192e-01
1.000000000000000000e+00
-7.757664578679466238e-01
9.589116870396386938e-01
-1.000000000000000000e+00
1.000000000000000000e+00
-4.921799705191190477e-01
1.000000000000000000e+00
-1.000000000000000000e+00
1.622810865490439403e-01
1.000000000000000000e+00
8.378071255161101405e-01
1.000000000000000000e+00
1.000000000000000000e+00
4.344413321699257535e-01
-6.437648662367884134e-01
-2.322897966358147270e-01
-8.178741693053818151e-01
-1.000000000000000000e+00
1.000000000000000000e+00
-8.506027381123448805e-02
4.444967542616280465e-01
1.360668115779172238e-01
6.904602173605428606e-01
-2.779886260341294379e-01
-8.708477318427105818e-01
-7.918288141910652111e-01
7.988362676960693021e-01
-1.026580277600442764e-01
-1.000000000000000000e+00
1.000000000000000000e+00
4.424723863134628621e-01
8.339485551585779088e-01
-6.078110288963938235e-01
-1.000000000000000000e+00
2.601018086575966337e-01
-1.637742341238509480e-01
1.000000000000000000e+00
-1.000000000000000000e+00
8.560482614177511440e-02
-5.030455028877994783e-01
-1.000000000000000000e+00
1.000000000000000000e+00
2.424968134326602187e-01
-1.000000000000000000e+00
-4.580264007103987400e-01
6.861129221774695530e-01
1.000000000000000000e+00
-2.416646618887118292e-01
-4.510367007124820860e-01
-2.567470612226609994e-01
2.841801199842224901e-01
1.000000000000000000e+00
-5.327484751972321186e-01
3.863385091094875268e-01
6.426005403972528951e-01
-3.750061800789469824e-01
-5.484855883999323334e-02
4.103007742273856451e-02
-1.000000000000000000e+00
-6.912859697290595351e-01
-8.125347427219000718e-01
-1.000000000000000000e+00
-2.389906155726557180e-01
5.360751238459243728e-01
-1.000000000000000000e+00
1.460948224530096429e-01
1.607304112012115649e-01
-4.098610756245479880e-02
1.000000000000000000e+00
-3.293723773880541383e-02
7.886968589411404995e-01
-2.038851490499529184e-01
4.951525784706369837e-01
-3.061367537640125036e-01
-9.214955391082420011e-01
1.328003018395201296e-01
3.185422008939134964e-01
1.000000000000000000e+00
1.000000000000000000e+00
-8.321702984567433958e-01
-7.533692885372795800e-01
8.662881223432239430e-02
5.812301444121921179e-01
1.000000000000000000e+00
-3.110148898492605118e-01
-1.000000000000000000e+00
2.609299683000048109e-01
1.000000000000000000e+00
-3.251336990083776302e-01
-8.385204564064279165e-01
1.000000000000000000e+00
-9.426296421496357381e-01
7.988588104628712161e-01
-2.108803856152150491e-01
