-1.580456932803895598e-01
-8.426800582442461884e-02
-7.557191613116660545e-01
3.755338844588488878e-01
4.969623077742574835e-01
4.072518189940015770e-02
-3.705193418237689440e-01
-2.230171579691440087e-01
6.902759132861956415e-01
2.806906522111240476e-01
6.718206371475101690e-01
-6.810710035406011276e-01
4.678547123462260537e-01
-4.406624922779113218e-01
-8.944137693674194534e-01
-1.446896421352313611e-01
-1.486892967759539941e-01
8.267503336722393792e-01
6.732578172446491704e-01
5.777407252479682676e-01
-7.494583305445965404e-01
7.956247067129044170e-01
1.949493388050173581e-01
8.749736755496599905e-01
-4.652033809456532221e-02
-2.320198960364286064e-02
6.933526002744316852e-01
7.580749167264309030e-01
1.770659553001355246e-01
-2.942030451536984947e-01
7.405816286026517536e-01
8.197057661102733483e-01
3.198666586279566015e-01
-6.115847931261892967e-01
2.923701816210483306e-01
1.000000000000000000e+00
-2.240439504765213141e-01
-8.000301306121112566e-01
4.114130150019459919e-01
-6.453752797657791307e-02
-3.098428713115792266e-01
-5.319298683465110145e-01
-8.723168214153291800e-01
3.350835240724462927e-01
4.730525507235694982e-01
-8.614266372121938131e-01
1.577253422444260811e-01
-9.427300695105755857e-02
1.973588070968859409e-01
-7.342831993103262622e-01
-6.862877698114281388e-01
8.427754154263249475e-01
9.098348606529244043e-01
1.103896816455610386e-01
1.445675771723804737e-02
5.696659982574449055e-01
1.906254109963145815e-01
-3.331157370616778524e-01
-3.312154048547126250e-01
1.784930225438005613e-01
8.397941004702851320e-01
6.880416128846641444e-01
6.610214359525503625e-01
2.538304253816396905e-01
-4.558544798903045314e-01
7.217549290055342848e-01
-1.956726199073785533e-01
-1.768908428654517861e-01
3.761269864261486129e-01
-7.606752987397447097e-02
-3.597513492975490390e-01
-5.058589798044048624e-01
8.145536591907359680e-01
-1.000000000000000000e+00
-7.417546546824148601e-01
3.482983401235396625e-01
5.054283090372025944e-01
9.736628774358189187e-01
-4.650729518899632819e-01
5.634359054111927056e-01
-1.617699988269154510e-01
8.982956752608792783e-01
4.820703194995640262e-01
-8.072700150222961168e-01
-4.377222683272061210e-01
-7.788074599023409039e-02
-5.246317865734296815e-01
-2.946735686322715098e-01
-8.435187689009634449e-01
8.648602708085122437e-01
-4.187831532627037112e-01
-5.979206959163531065e-01
5.805703830434713053e-01
6.719994508289602875e-01
-7.768491165455855274e-01
-5.325547766571865349e-01
-2.746811693709671487e-01
-3.902473346325099346e-01
-1.361885047490407619e-01
4.266160104716382878e-02
4.601065273575580261e-01
-6.340947276934265631e-01
-6.052748293120112644e-01
-7.598457709248013919e-03
7.385062481925066535e-01
-1.162509162932073986e-01
-6.887778315656438721e-01
2.899943913853406108e-01
-9.136420679106461717e-01
-5.349931399380982722e-01
1.313189645585221554e-01
-7.452827296524976441e-01
-3.171811123461675680e-02
-9.704282787130170951e-02
-5.177756443236136707e-01
-1.339148247123187752e-01
-3.835595577468824957e-01
-1.723417229525009142e-01
-7.691235790444378440e-01
4.763281656467219238e-01
-2.231078827882448934e-01
1.199332516338878496e-01
-1.000000000000000000e+00
3.854143372287283098e-01
5.817631218677475902e-01
-4.047319880208339327e-01
1.000000000000000000e+00
7.042347730432080288e-02
5.944459153028760490e-01
4.654195202637069761e-01
-6.427293239091591559e-01
-3.099823344452552407e-02
-7.125265339697611777e-01
1.560166991516724333e-01
5.011079287578229513e-02
-1.335267803515402807e-01
-1.705186826246401187e-03
-2.492389537861837701e-01
-3.782653571380683588e-01
6.477560558799806412e-01
1.000000000000000000e+00
-6.619416697899260793e-01
-2.460723937785919690e-01
1.580216688862027263e-01
7.331576429862399213e-02
5.857912321066340855e-01
9.304128134401853378e-01
-1.006299062080064088e-01
3.714681613021906803e-01
-1.130380379110086375e-01
9.055095410031930303e-01
-7.354585846638777014e-01
-2.691603007307689227e-02
1.682254278912576340e-01
5.537130465114409317e-01
-4.629525865264919049e-01
1.517685731453020104e-01
3.490587288022444223e-01
-9.297107997652384048e-01
2.863489990111325323e-01
-7.368424130203867772e-01
-4.595586102244754168e-01
2.532971573144138788e-01
-1.000000000000000000e+00
-2.049588314331242944e-01
2.529412125619847074e-01
-5.354547823105561266e-02
2.081085287728071387e-01
-9.661997383677278783e-01
-6.677189491998207771e-01
6.509523659236702287e-01
-2.625078534808148942e-02
3.016994604368189101e-02
-5.756514960748281284e-01
-2.647033515792878711e-01
-1.016796350215995320e-01
1.295759876922721043e-01
1.758540721032424980e-01
4.062764560272467684e-01
1.000000000000000000e+00
-4.939729564223675484e-01
5.846598271092282584e-01
9.635564922077530792e-01
8.223237534989111808e-01
-8.291381487906320791e-01
3.999277302684886570e-01
-6.770146270644855635e-01
7.459647532937884185e-01
2.856535591323207390e-02
-1.592102995190989301e-01
6.569610959770983971e-01
7.086977878423288135e-02
3.792050913529808609e-01
-7.418190695850328531e-01
-5.176860726464771467e-01
1.000000000000000000e+00
4.547806442538677718e-01
-4.360292115032871757e-02
-7.688013083950998583e-01
-8.258964864226053804e-02
5.684065377600364677e-01
2.281287160038292794e-01
-7.404852138985471566e-01
-3.782181533420955755e-01
6.676607323133069150e-01
-3.972084319121098606e-01
8.264171647612311711e-01
1.939376193267752790e-01
-1.331932479922127988e-02
4.343022770766246099e-01
-1.234673082898606195e-01
-6.255859603741885377e-02
7.260430957081965841e-01
6.900039852498118798e-01
-9.097125313093905319e-02
-6.836388034549424342e-01
4.148565389911115786e-01
-5.907638725324090290e-01
-7.565426840489044569e-01
8.197614137147501978e-01
-2.262420934139314499e-01
2.702852105684776518e-01
9.874665795854085104e-01
7.515569652592131167e-01
-6.360087911561018714e-01
3.797263814546881361e-02
-4.590726641682954523e-01
7.349651176048022094e-01
7.102550450041962282e-01
2.157200954085421729e-01
-1.335695144106044119e-01
-1.884710020804142572e-01
-2.323540729023551854e-01
-1.000000000000000000e+00
-8.218343224763643429e-01
-5.436670100869323008e-01
-8.145709764213372381e-03
-7.430835617817426186e-01
-5.139067633549243563e-01
7.727257509319236384e-01
6.341249581756566722e-02
-8.595391759794235309e-01
4.229578877593875297e-01
-4.937086040794209929e-02
-1.836207131402415038e-01
-5.320504583831149326e-01
1.306869175673365524e-01
1.000000000000000000e+00
2.162834291723016999e-01
8.984515727609854174e-02
6.627566738697202586e-01
-7.167826397201886302e-01
3.155061622456999948e-01
2.753166506242232803e-01
8.164193205550689392e-01
-5.762303227302237874e-01
9.222809709834542957e-01
1.000000000000000000e+00
3.580540690838837081e-01
-3.757148004710669786e-01
-3.543188354282961194e-01
1.082709470565398208e-01
3.297750926869922466e-02
1.014326791489273683e-01
-8.266135033391674991e-01
