3.031371353017914619e-02
-5.810517205904762728e-01
-5.884337516984263772e-01
-1.000000000000000000e+00
4.116849710300257703e-01
-1.565004293761208531e-01
6.466939419171497949e-01
5.626707410898013073e-01
-2.219197999760587070e-01
-1.666169748604442447e-01
1.285065547226514615e-01
7.553184868151469056e-01
6.257608607324162131e-01
6.105593752475615421e-01
-8.709388673731899289e-02
3.822973306453306130e-01
1.594435145272134202e-01
4.510865318365511190e-01
9.582048130226046290e-01
1.000000000000000000e+00
-1.431316407576349592e-01
-1.000000000000000000e+00
-2.768911560905538694e-01
-1.691239531699549603e-03
8.872334668772678679e-02
-1.545533456420894736e-01
-1.000000000000000000e+00
-7.334125115904872594e-01
8.144166398391482486e-01
-1.559008433015449946e-01
5.350454160293548894e-02
-1.195316211012548147e-01
-4.376504125537176715e-01
2.492908861047397617e-01
3.207864054726384251e-01
-4.483367467748680113e-01
5.806786620902574247e-01
6.062214403025137366e-04
-5.539591980928717518e-01
6.967514370721569206e-01
2.046118544666746808e-01
1.000000000000000000e+00
5.785336296190372041e-01
-4.259004858474037536e-01
6.018699096621451528e-01
-8.966630060060497565e-01
3.396659789950040031e-01
5.135908278377366853e-01
-1.877387671262937402e-02
-4.577540451636017971e-01
-4.501552880683113433e-01
4.821546035404547514e-01
1.000000000000000000e+00
3.114007954476702422e-01
2.864218363210641605e-01
7.416566570054898833e-01
9.546229747253937373e-03
-1.000000000000000000e+00
-9.871127052871262464e-01
6.029061630539251926e-01
1.709414774751608079e-01
-7.087290160840754583e-01
-5.167342251778490603e-01
6.398015247856783105e-01
9.744929779345548604e-02
1.992470286873267160e-02
5.101975420693439789e-01
5.451562516745908082e-01
-3.125498086659803665e-01
-7.737539317248902371e-04
-2.391502114290018355e-01
-4.464820064070558203e-01
3.349132045272046887e-01
-5.398172793458283492e-02
-8.940489271395132276e-01
-8.515229856898848260e-02
-6.959437294443097943e-02
3.448384043574208579e-01
3.689481413332191262e-01
-2.073229836550102845e-02
-1.373507928994404104e-01
1.338649405498429645e-01
-9.224536329164870763e-01
5.021883507395948909e-01
6.718066379802623000e-01
-7.875469016007758949e-01
4.783793744753316868e-01
-1.402474051802027055e-01
-6.455662707260356736e-01
-1.218950684789616712e-01
-1.461488164136760526e-01
1.967955272338107325e-02
-3.631384305212685404e-01
8.015574719838757245e-01
-7.171523318601225050e-01
-1.000000000000000000e+00
-1.022552624840974145e-01
6.578273747270794169e-01
3.315641856927385028e-02
4.557550986970483886e-01
1.350797946154414508e-01
-4.982453680375533156e-01
5.686210282466217514e-01
6.202330243169947854e-01
3.067581566110199054e-01
1.975437711108306571e-01
8.888800852034705047e-01
-6.474930520842663295e-01
-5.121717525805328242e-01
-2.844807552775291404e-01
5.482648710369270040e-01
-7.647439882142678669e-02
2.609030596419976700e-01
-1.000000000000000000e+00
4.801796454562184402e-01
-1.979356170904644774e-01
4.595878039484776467e-01
1.000000000000000000e+00
5.617782422271941911e-01
2.213819994389276125e-01
3.703939052802255327e-01
-3.321040821908858853e-01
6.738086437469870127e-01
-4.203645779906538538e-01
3.207432993541176613e-01
2.635185252227589259e-01
-9.055052296162074965e-01
-8.452553092461794204e-01
-2.480523992822661339e-01
-7.773021712629718527e-01
-2.560449603395422713e-01
-3.163566074075702672e-01
-5.519499420339009088e-01
2.916893635541014662e-01
-3.594324903983656117e-01
1.453310614045800163e-02
-8.210613307025823593e-01
-1.000000000000000000e+00
8.245502263795769782e-01
-6.299358059901745133e-01
-8.004104152440839615e-01
-5.396581954993651120e-01
-7.408863408576044085e-01
4.015790672567646213e-01
1.745916993352659707e-01
5.667884401908518388e-01
9.966001931867987107e-01
4.809485257047371731e-01
1.236784464546282492e-01
-6.167565028458867893e-01
-9.626750310929321763e-01
4.411850379191170624e-01
3.830151128173512887e-01
1.266680615884231698e-03
-1.194882152865395231e-01
-7.250080059223697020e-03
5.139876180066047517e-01
5.673353177281950099e-01
-3.391557208732829953e-01
-3.494778057166951779e-01
-7.687904481616448793e-01
1.706827775834263705e-01
8.569607183665641781e-01
4.247189232152774330e-01
2.186176013385402184e-01
-1.050894188851325822e-01
4.343386077810511559e-01
5.248099920775442517e-02
-4.578599900833944525e-01
5.273493610623308792e-01
-3.037356623981542492e-01
-7.637904581882432042e-01
1.691075136261565304e-01
-1.000000000000000000e+00
6.354322851801034178e-01
4.022608632601758910e-02
6.496252104052150367e-01
9.952662744270750206e-02
9.641493572271400136e-01
-4.470452478525983042e-01
1.000000000000000000e+00
-4.422180467369460910e-01
1.000000000000000000e+00
-2.822052199914226733e-01
-4.366490170688946959e-01
-5.973842674754398230e-01
-1.000000000000000000e+00
-9.104458589562818283e-01
4.833472656930823397e-01
-6.124861575855781171e-01
-1.929138780836795741e-01
3.205833904986760130e-01
3.563346691593681781e-01
1.937190954020318878e-01
-2.622825877241332648e-01
-3.678366577642940005e-02
2.406530082168373830e-01
-3.157010388476645946e-01
8.497516265809447189e-01
9.542820455984920569e-01
-4.943816923193702362e-01
-4.448215092844098328e-01
5.775715146278167511e-01
-7.081473472578820871e-01
-4.732943727370074738e-01
9.776929290225178093e-01
-6.070314857078195070e-01
-1.000000000000000000e+00
-9.399943131831115517e-01
-6.428938507777804956e-01
-1.000000000000000000e+00
1.000000000000000000e+00
6.643073450079081677e-02
3.202266462125479274e-01
8.004560850170443498e-01
7.613754460819779357e-01
-1.000000000000000000e+00
-6.958280814671999881e-01
8.356831750449267293e-01
5.951083525520298734e-01
7.529310330674315876e-01
-4.677342590315763937e-01
5.376847894743885803e-02
-8.728670173061911508e-02
-2.847517493954456747e-01
3.831004941074172554e-01
-3.658263132606091594e-01
-2.552229737632828385e-02
-7.004882556234914848e-01
-3.439157245455752299e-01
-5.915931917139533036e-01
5.175044565888685666e-01
-7.986967265786704129e-01
8.684575381897079449e-01
4.949307447813542371e-01
-6.929619836875127170e-01
-4.791720927559312004e-01
8.435246299321489394e-01
1.000000000000000000e+00
-5.030744585369223421e-01
-4.853659463896797255e-01
-6.157748197621808195e-02
4.170884362646193333e-01
-5.255686990654613311e-01
1.689239675766506243e-01
-3.698746843294086761e-01
-1.000000000000000000e+00
1.204536603721712423e-01
5.809852119788350144e-01
3.103238187818025962e-01
-5.922013215395864894e-01
6.951027522566056993e-02
-7.744787732924062196e-01
-8.318521883317993304e-02
7.407718742653311983e-01
-9.842436204818113543e-01
-7.329106038664208178e-01
7.578602978812639668e-01
5.608488364982765484e-01
3.444062930257595356e-01
4.439887512599961783e-02
8.274248957307093200e-01
-3.349800838529947145e-01
-1.718126771483141635e-01
4.696278392703377991e-01
