4.758343090369134831e-01
-1.000000000000000000e+00
1.649715000855508928e-02
-8.092926657854753181e-01
3.293452808068072502e-01
-9.511070900275344631e-01
-3.464403966785039035e-01
7.938674243892479554e-01
9.216721309410793594e-01
4.958413427139035656e-01
4.534860989161642597e-01
-6.386314014435682251e-01
7.159948526395796264e-01
-8.058080838444899863e-01
-4.941039320997748230e-01
3.331031091241738462e-01
1.000000000000000000e+00
7.230304056584183625e-01
-9.479822505781495545e-01
4.047941031303057269e-01
-1.000000000000000000e+00
-7.162110934714145394e-01
2.064899359853462346e-01
1.000000000000000000e+00
-1.000000000000000000e+00
-7.819955857152661727e-01
7.584057430675527067e-01
-2.493925444048947782e-01
-2.629322755628473174e-01
4.748102345717264416e-01
9.224196145722619589e-01
-1.000000000000000000e+00
-1.000000000000000000e+00
-1.000000000000000000e+00
-5.016148482932665242e-01
-7.103585759727573112e-01
-1.000000000000000000e+00
1.000000000000000000e+00
1.241523576927694300e-01
-6.089117092512165152e-01
-6.893411126060898786e-01
-7.891262799890711443e-01
-6.806608085476795189e-01
-1.586803021730059937e-02
-2.605430300887774386e-01
-5.615426348867315065e-01
9.516399550386344108e-01
-6.902600333451539560e-01
-9.159102794634877975e-01
-1.000000000000000000e+00
1.912043789259175453e-01
6.143998697026600286e-01
9.379505166798790539e-01
-1.000000000000000000e+00
1.000000000000000000e+00
7.301662969965456718e-01
1.000000000000000000e+00
8.754012465455783820e-01
1.000000000000000000e+00
-1.000000000000000000e+00
9.329257043770989855e-01
8.909681700736357124e-01
-7.605000314812357942e-01
5.075587715569478409e-01
-8.732723109681123086e-01
7.843696851054203778e-01
-1.000000000000000000e+00
-7.214215724760709714e-01
4.923307397261419416e-01
3.365676289731628357e-02
-1.205318626998747866e-01
1.000000000000000000e+00
-1.000000000000000000e+00
7.537582753915668121e-01
-1.000000000000000000e+00
-9.391931417269289151e-01
4.334739687275219744e-01
4.488872825144929468e-01
-1.000000000000000000e+00
-7.869093779734070981e-01
7.954424380374431891e-01
-1.000000000000000000e+00
-2.605872018688893954e-01
-7.204950601819908318e-01
-8.883237512204260611e-01
-7.620796081258854882e-01
4.357929383535878998e-01
-6.946412612991468283e-01
9.391452114443055166e-01
-1.000000000000000000e+00
9.881311617503607536e-03
1.000000000000000000e+00
7.779986222353763026e-01
-3.041108523898400362e-01
-1.984705285987706513e-01
-8.981163959559994581e-01
-2.543929092371154388e-01
6.740984715690681028e-01
1.000000000000000000e+00
-1.000000000000000000e+00
1.000000000000000000e+00
4.412123508608825073e-01
6.042738408021423036e-01
-1.000000000000000000e+00
1.000000000000000000e+00
1.000000000000000000e+00
1.000000000000000000e+00
-7.596615226348343297e-01
1.000000000000000000e+00
7.292704124945228461e-01
-7.956491134337350113e-01
1.000000000000000000e+00
8.060740534251197298e-01
-1.000000000000000000e+00
-7.317818686351149626e-01
-1.000000000000000000e+00
1.000000000000000000e+00
-1.000000000000000000e+00
-8.575145899228465707e-01
9.370528083036221423e-01
-1.000000000000000000e+00
1.000000000000000000e+00
-9.294411172524138509e-01
9.801923751047487698e-01
8.842583081983660387e-01
-4.655095706285955481e-01
5.321505399497341582e-01
-5.268825695934843401e-01
3.859433452285379040e-01
-8.035502194060231140e-01
3.772876153820154399e-01
-3.531899959959922120e-01
4.840961020048474284e-01
-8.936737872080871004e-01
-2.954007528705739766e-02
-9.133071678607979083e-01
-5.352740079755366476e-02
9.595246653055051755e-01
4.375979957786597652e-01
-7.797313776104449756e-01
2.452505122271058102e-01
-3.839280862204630385e-01
-7.122916327179011908e-01
-8.404158313672660530e-01
-7.723786612064498236e-01
7.220708074984101277e-01
9.644398915816013163e-02
-1.000000000000000000e+00
-1.000000000000000000e+00
1.000000000000000000e+00
4.211201965915620793e-01
9.505485458771717466e-02
-1.457988466685573026e-01
-1.000000000000000000e+00
-1.000000000000000000e+00
1.171968586593142292e-01
1.000000000000000000e+00
1.000000000000000000e+00
1.288774269943268880e-01
2.047128623089569943e-01
-4.679106598094601166e-02
-4.501699158015709523e-01
-3.733521964259088888e-01
1.052087671895278742e-01
-8.730177666553664562e-01
3.965667612194436198e-01
-9.539197056289585586e-01
-1.100889452472738894e-01
-9.335641650424775229e-01
9.561023250962330522e-01
-9.633337195751286997e-01
1.000000000000000000e+00
-1.000000000000000000e+00
9.813440403187884131e-01
-7.683508358480152234e-01
-4.897147497215418865e-01
-6.152094081717216500e-01
-5.338838070741125374e-01
1.000000000000000000e+00
7.983523510795300648e-01
6.703428869884489050e-01
8.596964528334396505e-01
6.562136038480292921e-01
-7.533071626695606593e-01
-2.314201265507548344e-02
-1.000000000000000000e+00
-3.181155134305408971e-01
1.000000000000000000e+00
-1.000000000000000000e+00
1.849112019781624927e-01
3.126966657022173246e-01
8.220923290471615630e-01
-5.073395933609111674e-01
1.000000000000000000e+00
-7.292704124945228461e-01
-1.000000000000000000e+00
7.811766576825365238e-01
-5.832274368604507542e-01
-6.999439444147455003e-01
1.000000000000000000e+00
-1.000000000000000000e+00
-6.757629369876730352e-02
1.000000000000000000e+00
-2.658152721431193966e-01
1.963326266632759581e-02
-1.027004062915390092e-01
7.319835524688113049e-01
-4.572239402799622709e-01
-9.563015716019681589e-01
4.386204777882841133e-01
-5.966271989699292178e-01
1.139470039878116570e-01
-9.090779751588344837e-01
7.211258205778415808e-01
-1.659167403896438797e-01
2.147269505059699324e-01
-7.561772528325561016e-01
1.000000000000000000e+00
9.252832328325235611e-01
-5.687078122931419344e-01
1.000000000000000000e+00
-1.037754711623094794e-01
-1.720139655656230671e-01
4.454388451537831806e-01
5.498473104374488329e-01
-6.295333986622971834e-01
3.832609340371649354e-01
-1.142280008315270934e-01
7.073739484800336541e-01
-1.000000000000000000e+00
-9.345784012535472973e-01
-1.000000000000000000e+00
-6.681089379847512388e-01
1.000000000000000000e+00
5.044498845009319776e-01
-1.000000000000000000e+00
1.000000000000000000e+00
9.631053215607993101e-01
1.000000000000000000e+00
-1.000000000000000000e+00
-7.292704124945228461e-01
6.207008111142239271e-01
-3.283159025407340059e-01
-3.955953863166065121e-01
1.000000000000000000e+00
-8.361040326468269779e-01
-8.792781242392342378e-01
6.518524355948625004e-01
-2.612663745506580426e-01
-3.678277575788972686e-03
-8.570158755682799612e-01
-9.366005835113365707e-01
9.951371531399626491e-01
-1.000000000000000000e+00
-1.000000000000000000e+00
-1.629865841405076787e-01
9.854863898454254700e-01
6.828296621184178905e-01
-7.228139542917216831e-01
2.015583284443391299e-01
1.588709687442724228e-01
9.062714199558145056e-01
9.710661199377085273e-01
1.000000000000000000e+00
1.000000000000000000e+00
