1.000000000000000000e+00
1.000000000000000000e+00
-8.530360496844172635e-01
-1.000000000000000000e+00
-5.843958056703603132e-01
-1.000000000000000000e+00
-6.166100278488508835e-01
5.511549401912561041e-01
1.000000000000000000e+00
1.000000000000000000e+00
6.815430390315276865e-01
1.041502582838998436e-01
6.478362376677836432e-01
-9.636837963408428909e-01
-4.597464850979920414e-01
-5.334128594207107610e-02
-4.776473223612682784e-01
6.872269492956181169e-01
-1.000000000000000000e+00
-1.000000000000000000e+00
-1.000000000000000000e+00
8.605415869386998651e-01
1.900883178312895716e-01
1.000000000000000000e+00
-5.568851976017926697e-01
-6.336519823130677409e-01
9.191260585450228282e-01
-1.532636456140368253e-01
-1.914670037295312655e-01
7.533187814835062834e-01
1.000000000000000000e+00
-1.000000000000000000e+00
1.617063303343038716e-01
7.261476457516132799e-01
5.448515433734191227e-01
-1.000000000000000000e+00
-2.755719198215153543e-01
1.000000000000000000e+00
1.901762185632951963e-01
-7.930505089519221951e-01
-9.572705274617041571e-01
-9.725677919222570633e-01
-8.728006867534713331e-01
2.550907268271398465e-01
-4.589816139892390900e-01
-6.340548869227301543e-01
-1.000000000000000000e+00
-1.000000000000000000e+00
-1.000000000000000000e+00
-9.021821110734575822e-01
3.602769470416318787e-01
7.659961450756532786e-01
6.115785691563285775e-02
-1.000000000000000000e+00
1.000000000000000000e+00
3.178671772651454619e-01
1.000000000000000000e+00
1.000000000000000000e+00
1.000000000000000000e+00
-1.000000000000000000e+00
1.000000000000000000e+00
8.757613391265445246e-01
-4.795501553999433342e-01
4.994696334817355643e-01
-6.853423729178780288e-01
7.823934487615612499e-01
-9.904926816329278072e-01
-7.898815752745144136e-01
-1.000000000000000000e+00
5.668504715445943365e-03
-2.104128847861649887e-02
-1.000000000000000000e+00
1.000000000000000000e+00
1.000000000000000000e+00
-1.000000000000000000e+00
-9.322949745564644841e-01
4.915243877182575716e-01
1.000000000000000000e+00
2.940800002766380539e-01
1.000000000000000000e+00
5.513148213193485025e-01
-3.185195125050973575e-01
-2.062283897342098993e-01
-7.346321266935762484e-01
-1.000000000000000000e+00
-1.000000000000000000e+00
8.019741576816115103e-01
-7.004769456112318604e-01
1.000000000000000000e+00
-1.000000000000000000e+00
-1.000000000000000000e+00
1.000000000000000000e+00
1.000000000000000000e+00
1.000000000000000000e+00
9.016688575653818427e-01
-1.000000000000000000e+00
-4.819818279487914081e-01
9.050532343742012653e-01
-1.000000000000000000e+00
-4.712462634221368241e-01
-2.001401354019556322e-01
-1.000000000000000000e+00
8.646567419964925616e-01
-6.212256345312794359e-01
1.000000000000000000e+00
8.711442711217332047e-01
2.290102900031250610e-01
-6.768129251623667963e-01
7.955743403096292576e-01
4.124520758880116933e-01
1.234621253098220905e-01
-1.273244349718337665e-01
7.354625712948790195e-01
-6.537810248620169462e-01
-1.000000000000000000e+00
-3.406604241597262911e-02
1.000000000000000000e+00
1.000000000000000000e+00
-3.589199463092902498e-01
8.500143671530706602e-01
-2.056451115270105379e-02
1.000000000000000000e+00
-1.000000000000000000e+00
8.311233165534244183e-01
2.436266061283146600e-01
-6.990394392543868296e-01
-7.200541294981858131e-01
1.000000000000000000e+00
4.139730320031058675e-01
-1.000000000000000000e+00
1.000000000000000000e+00
-7.220233022021971259e-01
9.168622489748425863e-01
-9.280841968194932790e-01
4.405439606090655325e-02
-1.000000000000000000e+00
2.073439406061233781e-01
1.000000000000000000e+00
2.974094522603175639e-01
-1.000000000000000000e+00
-3.440347230052409611e-01
-1.804130389883489838e-01
-1.000000000000000000e+00
-9.101554481448372869e-01
-6.233764828253249846e-01
9.352978538928313768e-01
7.497768919766978346e-01
-2.479990783495267248e-01
-1.000000000000000000e+00
6.907341900153241010e-01
7.496208636424254168e-01
1.438546635946383323e-02
4.514615232061502947e-02
1.000000000000000000e+00
-1.000000000000000000e+00
-1.100856256709410452e-01
-3.771480237718690676e-01
9.457616133879453990e-01
6.808024974350664060e-02
5.614568058216842239e-01
-1.139093233514227310e-01
-4.369502380975625044e-01
-2.029786085893273417e-01
6.163063359838496374e-02
-1.000000000000000000e+00
2.478359847870235944e-01
-4.418126345037536318e-01
-3.555377583315393886e-01
-9.377875801315964654e-01
1.000000000000000000e+00
-1.000000000000000000e+00
1.000000000000000000e+00
3.661057913838157152e-01
1.000000000000000000e+00
-5.318442825795859363e-01
-5.630692300212855050e-01
-8.179695435392123626e-01
-6.961604574169426574e-01
2.163530917223990269e-01
1.000000000000000000e+00
7.211893043945214465e-01
-2.396218947152807532e-02
-4.159214183059962155e-01
-9.539976557166666149e-01
1.214631544714282335e-01
1.859299488922607768e-01
-2.076901761562797155e-01
-1.737041099673373723e-01
3.495219501732771961e-01
1.000000000000000000e+00
-6.683267206473635369e-01
2.374978545082748749e-01
-4.969372455754340612e-01
4.056760894166516751e-01
-4.364180722772009191e-01
1.000000000000000000e+00
-1.000000000000000000e+00
-2.635750923137387680e-01
-1.000000000000000000e+00
1.000000000000000000e+00
-4.387357965889132627e-02
-3.083406494244626539e-01
2.993096908637450371e-01
1.892655160638211098e-01
9.044775223483771109e-02
-1.000000000000000000e+00
8.939158960101249995e-01
-4.318261415857385099e-01
-1.000000000000000000e+00
4.287342995669591872e-01
-8.891151466972601058e-01
-2.472597487835880570e-01
1.000000000000000000e+00
7.552882178596495022e-01
-1.112994957804267909e-01
-1.000000000000000000e+00
-9.947436477929560983e-01
1.000000000000000000e+00
-2.879195478696116028e-01
-3.472177666553650788e-01
5.495141032127170977e-01
-7.521732901733683974e-02
-4.521249016917736618e-01
3.923286125249068612e-01
7.525531388713579961e-01
-4.120968270062752570e-01
6.016240851437714143e-01
-9.895617748019665261e-02
5.572800245512753436e-01
-1.000000000000000000e+00
-8.943891295848743761e-01
-1.000000000000000000e+00
-5.018082582165357408e-01
-1.000000000000000000e+00
8.666887625349257718e-01
-4.287382389436994456e-01
1.000000000000000000e+00
1.000000000000000000e+00
7.133029844575613510e-01
1.785488136405868342e-01
-3.231899309772674478e-01
7.553713689989375313e-01
-1.000000000000000000e+00
-7.655349901868124807e-01
1.000000000000000000e+00
-7.364829197608497857e-01
-1.000000000000000000e+00
8.649366040098123154e-01
9.403131535157540632e-01
4.736663339293019359e-03
-6.521776831141223862e-01
-1.000000000000000000e+00
1.000000000000000000e+00
1.000000000000000000e+00
-9.812590187516352369e-01
1.000000000000000000e+00
9.620244749583700683e-01
-8.789916989420176741e-02
-1.000000000000000000e+00
3.558127115205959035e-01
-1.083921602462180195e-01
1.000000000000000000e+00
1.000000000000000000e+00
1.000000000000000000e+00
1.000000000000000000e+00
