-9.914965102658968021e-01
-9.278877668509755150e-01
7.291814804257819305e-02
5.917065573179083326e-01
-3.562789045966795187e-02
6.702476046679997079e-01
2.762949424037550172e-01
4.865919610102585890e-01
-9.931619322281519668e-01
-4.916124742892097887e-01
-5.277187452002354145e-02
-9.749265153422174146e-01
-7.005378932556449723e-02
-4.787741454225915017e-01
6.358090031189185254e-01
1.000000000000000000e+00
7.081697826695716458e-01
-6.287143399210967099e-01
7.928033797103671843e-01
6.694143560255298997e-01
-3.591413969056206357e-02
-9.637867710603250648e-01
9.734645138390505270e-01
-7.772096389335803046e-01
7.860369041160764070e-01
3.478037572374855224e-01
-2.160375183926284692e-01
4.114167204354613472e-01
-2.605276664681490106e-01
-1.553491828003217834e-01
1.000000000000000000e+00
-1.685365665040738925e-02
1.070875588919268373e-01
2.588018989263334291e-01
-2.860232928610186021e-02
-9.782289067319516196e-01
-6.217914451913206797e-01
-4.454082564073259115e-02
-7.777431016544076314e-01
1.000000000000000000e+00
8.426759923110982431e-01
-1.609255809970050466e-01
9.574471964769557530e-01
-3.579528028423184516e-01
-2.941926667583085186e-01
8.716218189224427260e-01
-4.646277305564103927e-02
-1.000000000000000000e+00
-8.554101122996256024e-01
1.000000000000000000e+00
1.173021638220445167e-01
9.499460848306069405e-01
-2.373495206078780895e-01
-9.734320226662475095e-01
8.890469495995174665e-01
-8.868923788133999953e-01
-1.000000000000000000e+00
2.863974890718581356e-01
-7.412841332008789363e-01
2.255857995753269840e-01
-9.650442239428522195e-02
-9.664367314532258391e-01
9.590232490815174815e-01
8.225817718170339576e-01
5.622207498969771233e-01
-2.275281635567429628e-01
-5.805876777375769127e-01
1.301058159476516929e-01
2.718648274379869556e-01
5.697608549481197882e-02
3.784783244650288259e-01
8.419883539785206761e-01
-9.296607770573188378e-02
9.167199759311097651e-01
6.400324464111198375e-02
-6.998748536383959662e-01
6.752759026762501504e-01
1.995004846905401863e-01
-1.007337959585860587e-01
9.644295349419307328e-01
-3.146673870685195995e-01
5.808748931342424537e-01
-5.699860165897083220e-02
-4.603014053448427623e-01
3.645159400183860254e-02
5.124393321078503094e-01
-7.627651663865941956e-02
9.125421662228578867e-01
4.507407915490123096e-01
-3.368618274553187297e-01
4.680685691945845051e-01
-6.573421198220533723e-01
-7.252813063703507090e-01
1.473610503508782366e-01
1.000000000000000000e+00
2.401611057069998889e-01
-8.982794703020667848e-01
7.236341957953280613e-01
2.429189915449333215e-01
-8.018561571572068170e-01
-1.000000000000000000e+00
-2.504671391206046982e-01
-9.985792356378385692e-01
4.411203322178121056e-01
-5.607843889309761520e-01
-2.035741791714356930e-01
-4.663067198275960834e-01
-4.669778080438056200e-01
-5.965354620508113159e-01
-8.584805463333633480e-02
6.301921765477274118e-01
5.002071909250264126e-01
-8.143114190558486953e-02
-1.000000000000000000e+00
-3.317440226975603701e-01
1.758262188706652962e-01
5.519806992903373288e-01
-4.592695361063771076e-01
9.705456429328752632e-01
7.688437197430350034e-01
-2.416828146446848846e-01
-3.371058813000723520e-01
5.248391974512247593e-01
-7.324564734568078661e-01
-2.279399519306688979e-02
1.679925216794131426e-01
1.739241139099521050e-01
7.913201054293146283e-03
5.840156480156887264e-01
1.259066199579713663e-01
-8.990390786441605497e-01
1.929229549272821753e-01
-3.480541411271006469e-01
5.651106858179864023e-01
2.612353724806369959e-01
4.383087508228470375e-01
2.614615096209909062e-01
6.132692615333548147e-01
2.655444557248281545e-01
2.064998705038309512e-01
4.328192089740824922e-01
9.849282378749378841e-01
5.672648823768398074e-01
-4.745145473606915409e-02
2.056390483913773104e-01
-5.432971679219099348e-03
1.000000000000000000e+00
5.591302071512030958e-01
-6.206573262580226125e-01
-1.000000000000000000e+00
-5.416336847343367067e-01
-6.437882839042430305e-01
-4.572738446544259427e-01
-4.891774178865334055e-01
-3.102908691361273563e-01
2.367689001116526359e-01
-5.141225145415591058e-01
-7.011432876931722458e-01
3.850156316388632649e-01
8.657641376392799515e-04
6.290789487963137638e-01
-4.910769574639540780e-01
8.345910086171567377e-01
-6.740843710046849624e-02
-1.864396482053568005e-01
-1.354528018767659769e-01
-2.390763442812617323e-01
3.127603805836398632e-01
9.684479557067995348e-01
-3.352243467892535023e-01
7.047101312877306345e-01
1.412640403369062325e-01
-4.355515406415717550e-01
6.890919001761069973e-01
1.603443215671819244e-01
-5.477064929177788422e-01
-4.993209866250805651e-01
-6.789047173361335563e-01
6.933869067821811782e-01
1.682717304349865550e-01
-4.377757435256000862e-02
8.569418881119313935e-01
3.767852409762376120e-01
7.491848309307103104e-01
3.290072624668647916e-01
-5.868940315343356140e-01
-2.634318552418739023e-01
2.837960805737203135e-02
3.205413503658166019e-01
2.125677475233039848e-03
3.879744021532056664e-01
-1.000000000000000000e+00
7.262172623124286686e-01
2.663665119823362820e-02
4.351533441314676676e-01
-7.486363041978878474e-01
1.000000000000000000e+00
-5.095799077627075624e-01
-4.339535645897975580e-01
-2.293261912149957005e-01
-1.037328440001961949e-01
6.803511348211872811e-02
-2.192101405163434102e-01
2.526364857125602548e-01
-2.183232337672801060e-02
-1.151712681634696755e-01
-2.434770653243796268e-01
4.694721675864392818e-01
8.622037126684636288e-01
-1.000000000000000000e+00
-1.218031099419430718e-01
-6.294969623840056261e-02
2.481611425680101957e-01
9.258565260344375769e-01
-1.362869125970001261e-01
8.723980248419443972e-01
1.480086614330212297e-02
-1.000000000000000000e+00
-1.000000000000000000e+00
4.760915242667094205e-01
8.248127275372691969e-01
-2.485191572940478877e-01
6.772599442250776258e-02
3.749000720195037051e-01
6.692115500126012417e-01
-2.034886180928962007e-01
1.000000000000000000e+00
2.645879507118104046e-01
3.603109608130588004e-01
2.037527778348168228e-01
-6.398791860549980504e-01
9.815933017197576715e-01
6.031643938720462200e-02
9.320944249740027443e-01
3.509411240345835514e-01
-4.296485000436440771e-01
-4.905407357568384308e-01
3.095961274749131631e-01
4.760599207258762178e-01
-6.898978077208566262e-01
-2.625396417397248827e-01
6.170404114636890425e-01
6.270478954264560034e-01
-3.034115357097652010e-01
-9.830166225929692914e-01
-1.139016811092734283e-01
-7.110919613626428548e-01
-2.574684557086077130e-01
6.177454467363506785e-01
1.000000000000000000e+00
-7.820275960168935336e-01
-6.151400030174600797e-01
-6.167815097227627996e-01
-2.392257576176849421e-01
1.316752051829983908e-02
9.263902921052434847e-01
-3.341873183386884771e-01
9.989363406303580772e-01
-5.511751135509748156e-01
-6.491560983358302117e-02
-6.012565419791966459e-01
-1.000000000000000000e+00
3.002315854300192099e-01
9.425391788969869067e-01
-3.434258206053840690e-01
