1.796274051290221718e-01
-4.712005364422167109e-01
3.627524991558637169e-01
-4.213770705541635131e-01
-6.248928752455750191e-01
-1.000000000000000000e+00
7.406277221221028162e-01
-3.062355528956497430e-01
-3.659813182949718247e-01
-4.323352935764223082e-01
9.523769629981991836e-01
-9.298447326587667705e-01
-1.201930407964185155e-01
-4.631977887623835999e-01
2.538526317355526696e-01
-6.558477390987300648e-01
1.662028433177766273e-01
-3.628721196918116565e-01
4.943663644595541751e-01
-4.195121666141050643e-01
-6.453224516604644245e-01
7.993967559075352280e-01
-7.515632776979954688e-01
-5.353754235725316502e-01
3.355934260262502522e-01
9.915774123226984704e-01
-1.316729151924883878e-01
-3.515569232366011487e-01
2.054986748996626145e-01
-2.309307106221809569e-01
1.748619261954839355e-01
5.714123602177005601e-02
1.204850750923976976e-01
4.099456975066601006e-01
1.000000000000000000e+00
-3.533444069825360523e-01
9.344783675150286628e-01
2.162795405315794395e-01
-1.000000000000000000e+00
-5.055661315522840260e-01
7.668978960376334753e-01
6.508590397922859871e-01
-9.029594820884031536e-01
-4.700050966382111617e-01
3.784690651253624916e-01
-2.704163838316316903e-01
-2.676574884181438518e-01
-9.366219689208822308e-01
-9.808997681930716750e-01
7.531280141870694278e-01
-6.845345222441974187e-01
1.000000000000000000e+00
-2.567705837225154331e-01
7.992366948501343771e-01
-1.000000000000000000e+00
-2.209988173984198546e-03
-7.380099012427754346e-02
-4.134593283118717100e-01
7.240465155888275994e-01
-8.519748277603138298e-02
3.890454165045946211e-01
9.005837458753328528e-01
-1.000000000000000000e+00
-1.820561945879855814e-01
-1.820222491439211776e-01
-1.334043655302928066e-01
3.321998560959875113e-01
7.706695419988630613e-01
-1.640347320314379242e-01
-1.631477969236167502e-01
4.181216007303686921e-02
7.578510271812244348e-01
2.063429064551425274e-01
-7.148001982320803527e-02
7.440975740787478809e-01
-5.778522904601611776e-01
-9.598070802537347346e-01
-1.701126344515256905e-01
-2.610319470064146330e-01
1.000000000000000000e+00
-6.870296344729139859e-01
5.089241971710600776e-02
4.916759489409219253e-01
8.465404777820362270e-02
1.326590327396894309e-01
-6.628333295208449494e-01
3.963702189038529333e-01
-6.851187862931200634e-01
4.383385959459783210e-02
4.129939114728081728e-01
1.000000000000000000e+00
-1.640781926357305909e-01
-1.727801894740178812e-01
-6.361094063469527882e-01
-9.060888137657119312e-01
-6.695376517772662073e-01
-2.976948456019821165e-01
3.662415293844970554e-01
5.484429644587593966e-01
-9.342239435261802116e-01
-1.000000000000000000e+00
-3.535118183344820864e-02
2.001033080873468872e-01
-1.721184524544985273e-01
-4.005810711814060676e-01
2.227849393080574281e-01
-5.213783005797858472e-01
-7.483032646357807849e-01
2.232643451007032195e-02
-1.000000000000000000e+00
-8.826409150603872211e-01
-2.768351561645323589e-01
2.743013541846436310e-01
-1.000000000000000000e+00
9.381556807019353350e-02
5.198641229022191723e-01
2.366666817327140460e-01
-4.300380893983601904e-01
5.013906978495965561e-01
-3.689579726301556173e-01
-6.689437587892064219e-01
-2.483222821826147619e-01
-6.258392166328641260e-01
-9.957254618961328685e-01
1.000000000000000000e+00
1.274892340347009712e-01
7.955215002109035094e-01
-7.421888798150574340e-01
6.885041042428646785e-01
-7.640589405916594634e-01
2.742740894585649625e-01
-2.574516589817750223e-01
-2.845528142056618082e-01
1.000000000000000000e+00
4.536439380895096463e-03
1.000000000000000000e+00
-1.464625948945278422e-01
3.815134058446945087e-02
1.841971340122369738e-01
-7.506285901477444122e-02
1.294104659749109043e-01
2.705568630723376167e-01
-3.723004949739893155e-01
6.083516504927946045e-01
-2.414343569536325784e-01
-1.526659873719597993e-01
1.769371561709411900e-01
-1.659560680696425261e-01
-4.114562548784785889e-01
-8.155948440786086051e-01
-3.983985397281386009e-01
-7.218509466539165809e-01
6.289316045552462153e-01
3.310039840763776553e-01
5.135017339655029156e-01
-1.684920847475452899e-01
-8.153195104280116512e-01
7.246033911514274117e-02
8.852977718168247856e-01
1.000000000000000000e+00
-1.000000000000000000e+00
-9.830874836470449019e-01
6.297743047956473328e-01
-4.427602952376716861e-01
-1.488758318226260924e-01
1.309225035624083378e-01
4.970954901292836681e-01
-4.079922588053491728e-02
-9.960292267279037270e-01
4.832726927567160269e-01
8.828651921145327375e-01
-1.000000000000000000e+00
2.879600319998875668e-01
-8.425281984839606553e-01
4.757101426496154750e-02
2.471662045795179896e-01
8.027893396522879366e-01
1.649379191963986635e-01
1.441307202093500273e-01
-3.651407569958038390e-01
1.282427411514735771e-01
3.363133480686372745e-01
2.637081635672589019e-01
2.338721191909904629e-01
-4.778604317681318103e-01
-5.864933000869348989e-04
-1.000000000000000000e+00
2.315379646758613241e-01
-7.525719043401420949e-01
-9.264399475007736862e-02
9.177741988450471844e-01
-2.296928806946224033e-01
4.683843941799066823e-01
-1.000000000000000000e+00
1.115121673652543777e-01
1.000000000000000000e+00
-4.762667235187861836e-01
7.888832074065132982e-01
5.622997087781965719e-01
-9.360429741289882921e-02
-1.000000000000000000e+00
-6.393358741400947398e-01
-3.688603378214181938e-01
-2.558527654912307048e-02
3.199221325103331903e-01
3.527440358996987158e-01
1.991226309795115224e-01
4.807291642311684043e-02
-1.000000000000000000e+00
-8.174169689859159815e-01
-8.489899524277486620e-01
-6.849086564921128550e-01
-3.169756200635347465e-01
3.379119203987553943e-01
-5.838924876586639723e-01
-1.920617670140900568e-01
-4.065365372802869359e-01
4.016913557665922618e-01
-1.000000000000000000e+00
-2.666837700682695989e-01
8.259620432226226772e-01
-1.000000000000000000e+00
3.341073663392618576e-02
7.161983716968945979e-01
-6.563017238517339091e-01
-4.750128234264011651e-01
-6.843146250948527187e-02
7.217247494253060669e-01
4.315196687482624194e-01
-7.841764166134676528e-02
4.035051575150891967e-01
1.118186253004140873e-01
6.446953795110785812e-01
8.679919255942584178e-01
-5.899510364322828604e-01
-9.181066869656595575e-01
-3.832182085050631626e-01
4.466486303460468488e-01
7.304128614332191516e-01
1.000000000000000000e+00
-8.038467017555763761e-01
-6.600253947895884377e-01
9.308028898657075834e-01
7.049578465080889034e-01
4.405751030927554934e-01
-8.932441087480298414e-01
-1.878737582530962680e-01
4.431888497650401382e-01
3.451939195919166981e-01
2.666304068079414225e-01
-1.000000000000000000e+00
-1.440696367197894234e-01
5.120937184264648945e-01
2.514183428139921128e-01
-1.849359161580541866e-01
-9.826755237622057937e-01
-1.000000000000000000e+00
6.922485489404280046e-02
-5.950424949279947695e-02
-8.851404017684496583e-01
-1.233423128952697567e-01
-1.000000000000000000e+00
9.871464004192751496e-01
3.573187767657695635e-02
-4.066980890838833851e-01
