

gen best mean std gain diversity
0 -14.233333 -78.395111 22.235506 -14.233333 0.577339
0 4.366667 -45.771778 24.75614 -16.833333 0.607427
1 4.366667 -40.996667 27.087739 -36.533333 0.606389
2 6.1 -37.718667 22.986545 6.1 0.578115
3 6.1 -40.360222 28.597544 -14.233333 0.587406
4 6.1 -34.359778 26.966991 -30.533333 0.552251
5 5.166667 -37.089333 24.841651 0.166667 0.488933
6 5.166667 -37.291778 24.27622 -30.533333 0.450781
7 2.766667 -38.442222 23.661622 -30.533333 0.492752
8 2.566667 -38.084444 22.360528 -30.533333 0.403843
9 2.666667 -38.749111 23.504874 2.666667 0.390023
10 2.666667 -36.714222 20.797686 2.4 0.322109
11 2.666667 -36.610444 21.830979 -30.533333 0.275881
12 2.4 -37.648444 18.737079 -30.533333 0.262262
13 -4.233333 -37.726222 18.76502 -4.233333 0.281226
14 -7.533333 -39.591111 19.596818 -7.533333 0.266614
15 4.366667 -36.789778 16.706333 -30.533333 0.397896
16 -5.866667 -42.814222 20.818514 -30.533333 0.31629
17 -5.866667 -38.978889 18.366607 -36.533333 0.307485
18 -10.133333 -39.551333 17.064391 -10.133333 0.248631
19 -23.933333 -41.239333 18.98907 -23.933333 0.218545
20 -20.533333 -42.794667 20.487881 -20.533333 0.252422
21 -23.133333 -41.358 18.440099 -23.133333 0.26692
22 -15.033333 -40.972 18.492338 -15.033333 0.264239
23 -10.1 -39.164889 16.973922 -10.1 0.203951
24 -7.066667 -41.678 19.752566 -7.066667 0.260671
25 -23.733333 -40.844222 18.832142 -23.733333 0.274845
26 -17.266667 -40.897333 18.907509 -17.266667 0.258967
27 -22.266667 -42.326667 20.290985 -22.266667 0.252413
28 -15.666667 -41.658444 19.558202 -15.666667 0.30725
29 -23.933333 -41.242 19.645832 -23.933333 0.277797
30 4.366667 -41.366444 21.31435 -30.533333 0.411755
31 -11.0 -41.723111 19.895363 -11.0 0.313216
32 -27.5 -43.330222 20.627694 -27.5 0.336072
33 -22.4 -40.500222 18.948537 -22.4 0.301961
34 -14.233333 -40.619556 18.552345 -14.233333 0.330384
35 -3.5 -40.459333 19.353855 -3.5 0.300317
36 -28.333333 -44.640444 22.955633 -28.333333 0.30703
37 -14.033333 -41.924444 20.59096 -14.033333 0.299986
38 -25.533333 -43.548222 20.750947 -25.533333 0.290035
39 -12.4 -44.408667 21.939892 -12.4 0.30659
40 -18.666667 -43.75 21.668916 -30.533333 0.298734
41 -14.933333 -42.660444 21.060731 -14.933333 0.299582
42 -22.1 -44.365556 21.419808 -22.1 0.315713
43 -22.066667 -41.704667 19.378489 -22.066667 0.310334
44 -22.733333 -43.84 21.475027 -22.733333 0.305813
45 4.366667 -41.446667 21.834009 -30.533333 0.360996
46 -5.866667 -40.687556 20.033544 -30.533333 0.251802
47 -17.633333 -41.951333 21.030093 -17.633333 0.256423
48 -28.566667 -40.81 19.098663 -28.566667 0.268436
49 -25.833333 -41.002444 19.000174 -25.833333 0.273986
50 -13.166667 -41.658889 20.68327 -13.166667 0.288958
51 -12.866667 -42.654444 20.774141 -12.866667 0.300207
52 -16.766667 -42.208667 19.906721 -16.766667 0.320725
53 -25.466667 -43.357556 21.270669 -30.533333 0.304982
54 -23.566667 -42.970667 20.083005 -23.566667 0.313527
55 -21.433333 -41.412889 18.91142 -21.433333 0.298379
56 -18.533333 -45.768889 23.204865 -18.533333 0.293329
57 -28.566667 -42.929333 20.893496 -28.566667 0.301667
58 -11.666667 -43.019778 22.215305 -11.666667 0.308685
59 -17.466667 -38.979556 17.180861 -17.466667 0.28612
60 4.366667 -42.712 23.12846 -68.0 0.455039
61 -7.466667 -45.606 22.553392 -7.466667 0.357402
62 -10.866667 -43.279556 21.395575 -10.866667 0.329972
63 -10.866667 -44.914222 21.987045 -30.533333 0.341128
64 -12.466667 -42.575556 20.310278 -12.466667 0.320789
65 -21.433333 -42.007778 19.770785 -21.433333 0.299317
66 -26.5 -43.192889 20.63917 -26.5 0.288028
67 -14.933333 -43.352889 21.478781 -14.933333 0.313254
68 -15.233333 -44.438667 22.230171 -15.233333 0.336942
69 -15.233333 -45.314444 21.57786 -68.0 0.366938
70 1.366667 -41.209333 19.897869 1.366667 0.340402
71 1.366667 -42.902667 22.062692 -68.0 0.33547
72 1.366667 -43.285556 23.1097 -30.533333 0.362509
73 1.366667 -44.000667 21.421956 -68.0 0.365925
74 -23.2 -41.547333 19.220624 -23.2 0.33485
75 4.366667 -39.898222 22.041658 -68.0 0.438743
76 6.766667 -40.668 22.724231 6.766667 0.389522
77 6.766667 -42.109333 22.686001 -30.533333 0.312411
78 6.766667 -39.159556 20.675016 -30.533333 0.287533
79 6.766667 -40.034667 19.939619 -30.533333 0.271278
80 -12.3 -40.817333 19.573047 -12.3 0.201098
81 -23.933333 -42.369333 20.176616 -23.933333 0.201139
82 -26.733333 -42.185556 20.955419 -26.733333 0.199939
83 -15.3 -40.251333 17.915803 -15.3 0.255697
84 -22.266667 -41.805778 20.022484 -30.533333 0.264136
85 -16.7 -42.111556 20.099544 -16.7 0.265323
86 -13.5 -41.065333 19.209575 -13.5 0.245973
87 -17.5 -41.461556 20.474644 -17.5 0.23285
88 -15.833333 -40.270444 19.713107 -15.833333 0.242829
89 -3.833333 -42.745778 20.960484 -3.833333 0.284549
90 0.033333 -41.048 21.358269 0.033333 0.396831
91 9.433333 -42.552667 24.35224 9.433333 0.329008
92 9.433333 -39.500222 24.200257 -30.533333 0.336677
93 15.533333 -37.696667 22.047551 15.533333 0.311989
94 15.533333 -36.290222 23.007742 -14.233333 0.304294
95 15.533333 -42.718444 26.855803 -30.533333 0.303619
96 9.433333 -40.712889 19.223657 -30.533333 0.202049
97 -4.233333 -43.574 23.006496 -4.233333 0.223267
98 -18.433333 -40.043111 19.787343 -18.433333 0.217503
99 -10.1 -44.665556 23.685606 -10.1 0.225538
100 -2.9 -39.401778 18.550008 -2.9 0.202876
101 -18.5 -39.479556 19.178927 -18.5 0.205233
102 -22.9 -42.606667 20.778793 -22.9 0.216662
103 -8.566667 -41.232222 21.111514 -8.566667 0.203439
104 -25.233333 -42.872667 22.152391 -25.233333 0.229783
105 4.366667 -40.604222 22.687765 -68.0 0.446866
106 -12.6 -44.160222 22.72784 -68.0 0.323383
107 -9.266667 -42.001778 21.954209 -9.266667 0.292829
108 -12.566667 -42.145333 21.180124 -12.566667 0.245925
109 -18.733333 -41.215778 20.216545 -18.733333 0.243486
110 -18.733333 -43.720667 21.835217 -30.533333 0.278062
111 -23.533333 -42.265333 20.439268 -23.533333 0.306784
112 -15.233333 -45.435556 23.37279 -15.233333 0.31797
113 -14.433333 -41.917556 21.723606 -14.433333 0.305124
114 -23.533333 -42.553111 20.626738 -23.533333 0.314845
115 -9.9 -42.614667 21.373163 -9.9 0.293762
116 -16.8 -44.378889 22.351689 -30.533333 0.308904
117 -5.233333 -43.521111 22.932712 -5.233333 0.300636
118 -22.866667 -40.796667 19.924986 -22.866667 0.296046
119 -22.933333 -43.432889 21.140429 -22.933333 0.316083
120 4.366667 -40.041111 22.171308 -30.533333 0.431541
121 -1.766667 -44.104 22.793935 -30.533333 0.346254
122 -4.233333 -41.679333 20.901705 -4.233333 0.306049
123 -11.566667 -43.158444 21.679801 -11.566667 0.297271
124 -7.566667 -44.668667 23.039569 -7.566667 0.307177
125 -7.566667 -42.808444 21.465669 -68.0 0.289035
126 -13.9 -43.063111 22.12842 -13.9 0.281904
127 -18.7 -44.891111 22.680799 -18.7 0.311808
128 -19.7 -42.636889 21.143746 -19.7 0.325766
129 -14.266667 -43.740222 22.174422 -14.266667 0.263004
130 -11.466667 -41.842889 19.602678 -11.466667 0.286378
131 -7.4 -40.692 19.822525 -7.4 0.248547
132 -19.733333 -41.880667 20.867138 -19.733333 0.320327
133 -21.8 -41.632 19.584495 -21.8 0.29814
134 -14.6 -41.892222 21.02786 -14.6 0.279145
135 4.366667 -40.089556 20.257274 -30.533333 0.425691
136 -5.866667 -42.747333 21.38832 -30.533333 0.314761
137 -9.233333 -43.414 22.168461 -68.0 0.285545
138 -23.633333 -42.558 21.087135 -23.633333 0.258829
139 -15.666667 -41.642667 21.868702 -15.666667 0.259869
140 -27.033333 -39.742 18.257487 -27.033333 0.273864
141 -15.933333 -41.225333 20.895808 -15.933333 0.262652
142 -20.9 -41.882222 19.037295 -20.9 0.270304
143 -18.566667 -41.199778 19.59067 -18.566667 0.240959
144 -24.333333 -43.076 20.748369 -24.333333 0.275267
145 -15.766667 -40.666667 19.48778 -15.766667 0.27465
146 -12.833333 -41.218222 20.097774 -12.833333 0.305969
147 -10.966667 -43.183778 22.885382 -10.966667 0.312158
148 -7.3 -43.404 23.011434 -7.3 0.274075
149 -20.9 -43.051556 21.2945 -20.9 0.292581
150 4.366667 -41.848444 23.060471 -30.533333 0.43288
151 -2.6 -41.093778 21.500888 -2.6 0.352243
152 -6.533333 -41.242667 20.588187 -30.533333 0.299137
153 -20.066667 -42.448667 22.06903 -30.533333 0.284451
154 -28.666667 -43.604222 21.735461 -28.666667 0.311006
155 -14.233333 -43.106444 21.97501 -14.233333 0.310918
156 1.366667 -41.070444 19.800351 1.366667 0.295759
157 2.3 -39.541778 20.634478 2.3 0.301726
158 2.3 -40.492667 21.662415 -30.533333 0.264979
159 -20.433333 -42.368889 21.030644 -20.433333 0.307451
160 -13.733333 -44.14 22.078178 -13.733333 0.313406
161 -13.733333 -43.839333 23.020234 -68.0 0.257196
162 0.766667 -41.466 20.389626 0.766667 0.292927
163 0.766667 -43.013556 21.869261 -30.533333 0.33197
164 -23.333333 -43.025556 21.080341 -23.333333 0.284427
165 4.366667 -42.209556 24.408558 -30.533333 0.427457
166 -24.033333 -43.908222 22.259036 -24.033333 0.334212
167 -10.566667 -44.570667 23.409658 -10.566667 0.319573
168 -2.266667 -41.976222 21.495751 -2.266667 0.318333
169 -24.033333 -42.432 20.885176 -24.033333 0.290904
170 -0.233333 -41.884889 20.718023 -0.233333 0.302387
171 -0.233333 -39.813333 21.227584 -30.533333 0.308617
172 -0.233333 -42.305556 21.936913 -5.033333 0.297994
173 -5.033333 -41.550667 21.482545 -30.533333 0.296425
174 -9.266667 -42.087556 21.588842 -9.266667 0.306784
175 -26.0 -41.396889 20.313147 -26.0 0.28494
176 -15.266667 -42.262444 21.281488 -15.266667 0.35771
177 -9.466667 -42.306889 21.308192 -9.466667 0.331439
178 -15.466667 -43.632889 22.294108 -15.466667 0.332225
179 -11.0 -44.755333 21.961425 -11.0 0.333758
180 4.366667 -40.374667 21.738503 -30.533333 0.421435
181 -12.266667 -42.556222 22.447491 -12.266667 0.301944
182 -5.9 -42.416889 22.388072 -5.9 0.245326
183 -3.966667 -41.734444 20.793217 -3.966667 0.281422
184 -22.633333 -43.126889 19.889902 -22.633333 0.30835
185 -11.733333 -42.796667 21.351997 -11.733333 0.303577
186 -19.8 -41.313556 20.688527 -19.8 0.306941
187 -17.9 -42.995111 21.232504 -17.9 0.31567
188 -16.533333 -40.389778 18.707753 -16.533333 0.317834
189 -19.133333 -42.156889 20.909653 -19.133333 0.331688
190 -17.033333 -42.696889 20.134085 -17.033333 0.302745
191 -23.2 -45.443778 22.245025 -23.2 0.288599
192 -19.533333 -43.694889 21.137055 -19.533333 0.293218
193 -20.766667 -39.436222 18.849031 -20.766667 0.314016
194 -22.433333 -42.279333 20.143026 -22.433333 0.300622
195 4.366667 -42.004889 22.131726 -30.533333 0.399927
196 1.0 -40.767111 21.981317 1.0 0.321262
197 1.0 -44.690222 25.469273 -30.533333 0.325774
198 1.0 -42.395778 21.612899 -30.533333 0.304974
199 -7.866667 -42.480444 21.20781 -7.866667 0.308801