-1.676528759624640874e-01
-7.505241210819093567e-01
-7.578560170521965178e-01
-1.000000000000000000e+00
9.263121337846889070e-01
-6.159661450039263242e-01
-1.000000000000000000e+00
3.562706796802808662e-01
1.000000000000000000e+00
-5.616975082025480459e-01
-2.144350602274701645e-01
-5.545983741411205648e-01
9.546952333856434381e-01
5.982673594132603689e-01
1.000000000000000000e+00
-1.000000000000000000e+00
-5.145405061264991531e-01
-9.638184729816438034e-01
-2.853836511584516566e-01
3.861775955486496104e-01
-3.321337898360095520e-01
-3.053301225737181102e-01
1.312730548832878041e-01
8.622905744959186158e-02
-7.649995055267770905e-01
9.710120106325914602e-01
-4.654236194859132647e-01
2.858041374977477456e-01
-7.915935638630993143e-01
-8.927498744405294728e-02
-1.000000000000000000e+00
5.407211121690050915e-01
-6.165007276050733509e-01
-7.623292516002304620e-01
-7.725291387109954888e-01
7.805080426789852144e-01
-3.162757425775357123e-01
4.702723120197556117e-01
-9.561952249987218933e-01
-2.831431638252324690e-01
-9.997227686742806707e-01
3.916875081654614954e-01
-9.949422344538163543e-01
3.744649515204315215e-02
-2.112455441870279838e-01
-5.545285918265669967e-01
-2.244256741121132548e-01
-1.558281544931344742e-01
7.432464974875075958e-01
6.329091766231851324e-01
-9.730011651420652496e-01
-6.050418579176253253e-02
3.003372492835081342e-01
-1.000000000000000000e+00
5.779565266377370003e-01
8.332066224344587546e-01
-9.868336559817736386e-01
-9.973496261707431865e-02
-7.913504294278531637e-01
-5.743368850633872036e-01
-9.797756608359213804e-01
-2.157472165627016270e-01
1.092901856743292988e-01
4.029872695512336511e-01
-5.376209328643234420e-01
3.472063500455128127e-01
-2.984446430402141193e-01
-8.685786701839016966e-02
1.989663501211341723e-01
7.154963120411792499e-01
-8.885347535598090429e-01
-5.425830609201975907e-01
2.578765400790029860e-04
-3.514723526163464618e-01
-5.438751265971309978e-01
6.461080732689683526e-02
9.634845690253881489e-01
-8.930890919152528751e-01
-1.000000000000000000e+00
-3.400772487552196077e-01
-1.582662456157055697e-01
8.412119434403264595e-01
7.847952600870108375e-01
-5.623154252857098800e-01
-9.091918960891064438e-01
8.362154312216328877e-01
-7.942039661743582890e-01
6.391715907720821876e-01
7.662107914448806900e-01
-2.990544297974264132e-01
-9.860651914156265407e-01
-8.566959525947773768e-01
-6.275624591194856050e-01
-9.841995540207200133e-01
-2.150114115504320189e-01
-5.404201679334648123e-01
-1.497748778472852149e-01
-4.574210304534101490e-01
-8.621717019398398296e-01
-1.810429927237620362e-01
6.343394367532719791e-01
5.091441130063898424e-01
-1.000000000000000000e+00
9.291598475592277584e-01
5.344414305266320664e-01
-9.956224150542932749e-01
-9.795974005790990535e-01
-1.466017221402160509e-03
-1.000000000000000000e+00
-7.302680706998238014e-01
-1.787233318591087694e-01
-2.053192289025326245e-01
-4.166492243467048717e-01
6.674647389422209143e-01
1.303156905713740571e-02
-1.300648270131329887e-02
-2.844809627197868451e-01
1.525238028961441172e-01
2.633405907292964976e-01
-1.000000000000000000e+00
1.000000000000000000e+00
-8.373506674126802718e-01
8.723103118928183797e-01
8.389299543090152911e-01
-1.000000000000000000e+00
8.452602346697850599e-01
1.000000000000000000e+00
9.940245661618730688e-01
4.773196437393523728e-01
-7.346965464106087751e-01
8.657381768935022981e-01
-6.641724654065688238e-01
1.194844025043119706e-01
4.700601512026418294e-01
-7.498152974560079453e-01
3.129771662744071925e-01
4.150989828876258114e-01
1.000000000000000000e+00
-1.075654697613969285e-01
5.795826999104153332e-01
7.177060526742262692e-01
8.800747444882679738e-02
-3.692337862560526318e-01
6.619539370886072804e-01
-9.782481590648843817e-01
4.106708451732220544e-01
-8.062243898414881427e-01
1.277399184454769132e-01
-5.080551040647302008e-01
-8.206919699492153386e-01
-8.541312394172842493e-02
-2.234454623834513654e-01
9.887527320064148917e-01
1.835710804761579440e-01
-4.891403860332974030e-01
-9.222229691357237691e-01
9.829864562957343344e-01
-1.000000000000000000e+00
-7.593896494347474047e-01
7.416881146756348908e-01
-1.307818068172308251e-02
3.602119033751295385e-01
-1.000000000000000000e+00
-5.077051656921295342e-01
9.970096665041681128e-01
9.570805607712489227e-01
-6.809872061982310543e-01
-5.339852375921773087e-01
-7.453697256237516999e-01
-5.823513760208756107e-01
1.623848354765345114e-01
7.150119869030630015e-01
-9.767657514812911890e-01
7.231213691764918350e-01
1.000000000000000000e+00
-9.831132102488097102e-01
6.836589746381932509e-04
9.726962285199528546e-01
-7.038952026373400672e-01
-7.051092275488529681e-01
-2.310119372579959030e-01
3.324572152083097309e-01
4.659408568030678488e-01
-2.218524968221762816e-01
-1.000000000000000000e+00
-1.000000000000000000e+00
5.002683965195976468e-01
-3.754664106980562521e-01
-4.388361037893559469e-01
8.361399041869596038e-01
3.731753787504632491e-01
-1.000000000000000000e+00
5.287298979095361728e-01
7.289090756295403262e-01
-5.634403547563008319e-01
-9.801006095301842969e-01
5.393975919886383474e-01
1.040703998791791263e-01
1.784101813196081188e-01
9.493533843729448085e-01
-4.575965995949923260e-01
4.533611746456974734e-01
6.030676630642344271e-01
-3.692977817333076979e-02
6.062548826621502185e-01
2.298350022921334390e-01
-4.537063273359042137e-01
-6.934411487329202872e-01
-7.202324974028994076e-01
1.000000000000000000e+00
-9.914382200635860620e-01
-8.862206891886373894e-01
-1.872423295308456581e-01
8.699953773118380695e-01
7.697808843005258250e-01
5.107650336168353400e-01
6.783996677072773318e-01
-3.391645558219656964e-01
-2.025674437310756928e-02
-7.698731362874490225e-01
-7.657762464846320505e-01
7.186669420140675557e-01
4.096479979238017155e-04
4.599791289170546693e-01
-7.363198937183512705e-01
1.648980702734607062e-01
-1.407215689806129433e-01
2.580862189331906142e-01
5.708653396235777722e-01
-1.000000000000000000e+00
-3.265444296494357523e-01
8.211711185903768362e-01
3.490757542175669803e-01
1.959852385148721510e-01
3.150387034268281039e-01
7.773571396884326745e-01
-7.778767615355371978e-01
-9.089034609811654786e-01
2.072469406918058255e-01
-1.000000000000000000e+00
1.000000000000000000e+00
-7.347599471200745302e-01
2.254421473010897181e-01
7.506916340038201074e-01
-9.839775027007479080e-01
8.490519821089537178e-01
9.423212349100600349e-01
7.105009244702257254e-01
-5.463679654612080272e-01
8.317549901250645972e-01
-8.853110946138811332e-01
7.076835284701961104e-01
4.285646706153459218e-01
3.899502356147355742e-01
2.040670537944122009e-01
-9.598844950270590815e-01
9.465449306899023085e-01
1.000000000000000000e+00
-9.918009706088064537e-01
-2.449603159429061816e-01
2.696185994948681851e-03
-6.062856900057828069e-01
5.650221271615009089e-01
1.887883335551805430e-01
5.437421847202079661e-01
