4.795551245634154247e-01
-9.811456936462126244e-02
1.000000000000000000e+00
6.465691663685443347e-01
6.475502456022321773e-01
-6.010725104492390392e-01
-7.276674512405409967e-01
-1.751620767969737646e-01
-7.935429546644388044e-01
8.863882890668440817e-01
5.644082407123997003e-01
-9.254026094630702914e-01
-8.131082061646945913e-01
-1.000000000000000000e+00
2.710012290440312888e-01
-4.607407652298817213e-01
2.024694109117323726e-01
5.306454855952844607e-01
7.672286440469483493e-02
2.838264258919686034e-01
7.352041787166754272e-01
-4.905759592202155184e-01
4.543541253271939362e-01
-6.156461151182917035e-01
-4.999189601214849565e-01
2.527825745342375807e-01
-7.961791159367688220e-01
-1.010073054205211096e-01
-5.008226016196840602e-01
-8.345652285150240157e-01
4.986151516283496843e-01
-6.747568509178755169e-01
6.378075041942778967e-01
-1.515416240254396918e-02
3.971834040089270434e-01
-5.735619105848287491e-01
-1.122123166018481055e-01
-9.530199750945325121e-01
-1.761918622597420936e-01
-6.135146533316295780e-01
-6.763946638114871623e-01
-3.829638349288672083e-01
6.736932468198641999e-01
9.477820455508850772e-01
6.391891885192521050e-01
6.488628672053227131e-01
-5.577407252680444127e-01
-7.737265678672640146e-01
6.374789866244593428e-01
9.116807456875790638e-01
-7.161298790754058174e-01
-5.506326095327678249e-01
7.712525618494663338e-01
7.608628022642737188e-01
1.470296881517163534e-02
9.760220054875569373e-02
9.156358538685743786e-01
5.590264163111118290e-01
-5.044733743170070062e-01
-2.316025690281747762e-01
1.000000000000000000e+00
9.833487813541167410e-01
-6.536432964953244884e-01
9.004041049246587214e-01
2.252133233235424359e-01
8.112135938007624114e-01
-1.335500352215535091e-01
7.347115758379725303e-01
7.694124557601564884e-01
5.107749923732667341e-01
-9.295478559639399618e-01
-7.410735661093887927e-01
-1.638596913253928811e-01
5.198115581751970860e-01
7.043767755481217252e-02
4.442514856648242111e-02
-4.593540788526252472e-01
5.576400967430983346e-01
-8.285970109741406242e-01
1.000000000000000000e+00
-1.000000000000000000e+00
-5.525255403077056204e-02
3.773645186592778922e-01
3.777597120080884996e-01
1.681056736462313572e-01
7.892613745194166919e-01
5.079299698480560510e-01
-7.206247155623600742e-01
-2.856073673549167080e-01
-5.824715268054555528e-01
1.486838879615255404e-01
-8.748583703995179706e-01
-5.374179066598154808e-01
6.176442745135514167e-01
-2.174645138738879047e-01
5.912673537574761329e-02
-1.024491244847883509e-01
3.374628503832027837e-01
-1.000000000000000000e+00
4.063167539011110496e-01
1.682026457627820160e-01
3.989475229957168412e-01
-1.797581550727413990e-01
3.418830692797155679e-01
4.550272594290328820e-01
4.682213532417001667e-01
6.075204316787410352e-01
3.182598126815712747e-01
-9.140621935059249914e-01
-1.864844715129156949e-01
-1.654561845549004928e-01
7.221034743056177208e-01
3.124194228161063513e-01
-2.095177395709811041e-01
4.249064937184680868e-02
-2.200378035870263482e-01
3.493542289297850711e-01
-2.834034211300711092e-01
-7.459555731439810877e-01
-5.423071573684008495e-01
6.029489886488380579e-01
-6.920978078290929147e-01
4.539553489540184561e-01
-4.916185455000526838e-01
7.409582842516000412e-01
1.115247845213762634e-01
-6.930429481160587102e-01
-6.750017904441597549e-01
-1.000000000000000000e+00
1.625309645934974734e-02
-2.755871179857402598e-02
1.000000000000000000e+00
-4.911408862898870575e-01
-6.846365356868544527e-01
2.374222385758641418e-01
-8.431853530385506890e-01
1.335617676536520193e-01
-4.830386015422408197e-01
-4.980043820750070793e-01
-2.418811003561143202e-01
-7.923672414242576012e-02
-1.000000000000000000e+00
-1.000000000000000000e+00
-2.808806383815637964e-01
6.906363165823075079e-01
-6.420850958197337199e-01
-2.327047612538414856e-01
-3.560126224416706453e-01
-2.813839995626650770e-01
-3.725815375584164840e-02
-5.976099972759361112e-01
1.626105302454025625e-01
-3.468725588146088223e-01
-9.976974755056616795e-01
-3.953974017345970315e-01
-7.738179959777762296e-01
5.125368930385193478e-01
-3.138393946155044328e-02
6.778220055102651687e-01
-7.057919163911998695e-01
-2.009946022742638561e-01
8.859373110002521923e-01
-6.021431230533895729e-01
5.951469701151906877e-01
-5.538615360164758084e-01
-1.207104764919442186e-02
1.118867220202059143e-01
9.335809711403589839e-01
-6.407862623494913201e-01
7.168675415336692724e-01
-1.104256046055784035e-01
1.283556132450526244e-01
5.542226626103023968e-01
5.423783249027367415e-01
7.364064988954012181e-01
-2.353201546771822583e-01
9.251375506735310950e-01
-5.332532719584601733e-01
-9.512374356079451587e-01
-1.000000000000000000e+00
4.772408784889547451e-01
-5.108735657603402647e-01
-2.463864601844070190e-01
2.986999921555190118e-01
8.555869039290904254e-01
-7.102106946692857692e-01
-3.350845599707488187e-01
4.603158084360269853e-01
-9.148704716016741179e-01
7.275128902206235981e-01
-6.785775120846074815e-01
8.621150747053699659e-01
6.395523293153311251e-01
9.940193062640151345e-01
-8.194992113026160485e-01
-9.515193400643364718e-01
-2.541284874952665640e-01
-8.654081768531408647e-01
1.644850593584002985e-01
9.136819072542610165e-01
-5.367899667313149603e-01
-1.016671801634948247e-01
-1.753086433377980535e-01
9.617049535202107924e-01
3.750004188270995575e-01
-5.422236052012904262e-01
-8.759343334337515996e-01
8.712603946517942788e-01
-2.153358230690655128e-01
-9.590425559664925714e-01
-7.725135631610976494e-01
-5.872782186526307457e-01
8.025576325517187470e-01
-1.000000000000000000e+00
2.796364726931361844e-01
-9.619780263732188308e-01
-2.899609107631655469e-01
7.142657863827761577e-01
4.716187705016112730e-01
-7.891170557211546477e-01
-3.446264207869546015e-01
2.578546916573211667e-01
-8.134504583300136149e-01
1.000000000000000000e+00
-4.081968608490756933e-01
-7.704908912749368344e-02
-6.094372981194758898e-01
5.020790859895425395e-01
4.404363270159328825e-01
4.638515467822879046e-01
-7.621495105644016110e-02
-1.700431430753216178e-01
-4.945280391038451295e-01
2.314609036856631330e-01
-1.090923372882402764e-01
-8.203533115026130362e-01
-5.142522509474526382e-01
-3.088795430389546515e-01
5.150084064885119828e-01
-3.906735976801480881e-01
3.863550778886001846e-01
-2.341664203693051560e-01
1.000000000000000000e+00
-5.525111320328025544e-01
3.086978201353431789e-02
-3.893235071125855651e-02
1.024904390878427218e-01
-2.751079137748086434e-01
7.955865487254544233e-01
2.188570935733925582e-01
-4.695556941353818958e-01
-2.840170703304099598e-01
9.455341136081674147e-01
-5.270662956758671580e-01
-7.156384921346754524e-01
-7.535672836862680191e-01
4.172903293291315707e-01
4.662579598294162020e-01
4.367530499459738591e-01
1.556702356118799813e-02
-1.192279339575212510e-01
-4.584197530251479247e-01
6.528022417364570673e-01
9.682539756860612801e-02
5.708909015417604760e-01
