5.943951825096874808e-01
-2.692403122678400651e-01
5.001277328886045703e-01
6.352286642142774831e-01
4.634820290807312171e-01
1.000000000000000000e+00
-2.759399680423070267e-01
1.345959792141783462e-01
-5.335860242059234926e-01
8.441036419122471823e-01
-4.904833005324116812e-01
-7.941943917826251864e-01
-7.904424902844353618e-01
-3.650810974416619503e-01
8.963676428172726585e-01
-4.572902354459884577e-01
1.480307892846625117e-01
1.000000000000000000e+00
-2.112474944646681729e-01
-9.067752726068322167e-01
6.190109609707045157e-01
-2.006917435705464769e-01
-3.260751306681222150e-01
-8.505422140033692679e-01
-8.669610667760777600e-01
-2.855790244952809420e-01
-8.070249473117031558e-01
1.907968582808394487e-01
-7.992461783598416858e-01
-6.422568099057472946e-01
-1.000000000000000000e+00
-7.431409024913979700e-01
7.368538673441421549e-01
6.993520165640255692e-01
-2.415761575834054486e-01
-8.109540437918483224e-01
4.719934736107201934e-01
-8.008077876747435875e-01
-1.000000000000000000e+00
-6.686829005032853823e-01
-6.952127682150892607e-01
4.531506788498930183e-01
9.545517917263671159e-02
9.942542049667582038e-01
7.528615927553575227e-02
3.404770740332416223e-01
-7.825917762680196788e-01
-8.504392206977506863e-01
-2.207114404289898246e-01
1.000000000000000000e+00
-7.015843187503503220e-01
2.470310480411927467e-01
5.534061169855102325e-01
1.000000000000000000e+00
6.596210020577973898e-01
-3.013321353973207328e-01
6.369932619432699950e-01
6.864002409056043641e-01
-9.999997275129182683e-02
-5.972131597218862664e-01
2.235873474404697636e-01
8.837578231531183492e-01
-9.784944313437421437e-01
-1.000000000000000000e+00
-3.359314104147942404e-01
5.921801631295288137e-01
-4.122052496362246243e-01
2.329092268611195338e-01
9.096867536993840098e-01
6.679573433125586268e-01
-7.892705670152636577e-01
1.000000000000000000e+00
1.694771058878479786e-01
5.165907186688845076e-01
-1.000000000000000000e+00
-7.710213995991164193e-01
8.483202610943025856e-01
-5.168502359115973582e-02
9.383346560090297661e-01
6.726539520024117369e-01
1.687989900968874663e-02
2.277667822179050838e-01
1.005200292803329482e-01
-1.435020065753936924e-01
-4.122202855549535472e-01
6.945290826410447371e-01
6.047830878448270386e-01
-5.882174991957231924e-01
-1.000000000000000000e+00
6.890908125991153099e-01
-3.755773952350407452e-01
6.798785239846005801e-03
-3.172086175366934935e-01
1.184363387414326674e-01
1.937285730797090877e-01
-9.496268273449326447e-02
2.810248339801345585e-01
-5.325440914770951384e-02
1.861436162607477129e-02
6.441277577063044824e-01
1.703800804116233358e-01
-2.308631491343275666e-01
6.135821440319185749e-01
-4.230706170186585707e-02
4.346498110346833643e-01
6.317246830887979225e-02
2.158204582584986042e-01
3.067425450066725845e-01
-8.097199913660350079e-01
-3.958423439348449646e-01
-1.769805158598368733e-01
5.768891249925234277e-02
-3.963405178653894301e-01
5.597690122512990474e-01
-5.167863381226256436e-01
-3.550045873407842167e-01
-5.234357072242930009e-01
-4.002158643504239999e-01
3.439350610798169727e-01
-3.989376361370711721e-01
4.054946416155290612e-01
-3.965517014364561277e-01
1.858504283899693466e-01
9.858619614497032835e-01
2.464539950554363867e-01
2.967266291964693048e-01
3.293424751464761324e-01
-8.216041032034214764e-01
9.161563147503297699e-01
-6.382130024318822814e-01
8.854243472184948616e-02
6.271867458330421252e-01
-7.717126560029947679e-01
-6.743868068985803266e-01
2.030010025835608523e-01
-4.661470561367669907e-01
-2.794307543902329050e-01
-1.176418470854432297e-01
-2.632486791485619815e-01
-6.807587417512279970e-02
-6.029415646229231429e-01
9.398299258751540153e-01
-7.872443323435471818e-01
-1.590152825486818022e-01
4.413237977270932366e-01
-6.349924772827584274e-01
-6.024836587305580915e-01
-7.762800725462859486e-02
-2.039230252750323102e-01
-6.805048712909175790e-02
-7.669853638271372231e-01
-1.335274964003677622e-01
-8.008082457581156000e-02
-4.109375172448393454e-01
-1.823790677381877667e-01
-9.696728546464790099e-01
-6.297358283058541728e-01
-5.033013775633812248e-01
3.331452395867654515e-01
-9.667537852568729440e-01
2.666923124721639615e-01
5.967407005992487745e-01
-8.995834949417803594e-01
9.619390288486633356e-01
-6.033301487613472736e-01
-4.754183436925895068e-01
-6.817777809774163700e-01
9.221389637101474746e-01
-7.942360888825185095e-01
7.863883484131799495e-01
-3.937527989198079115e-01
-2.948918462428111731e-01
4.276864526689734269e-01
1.245243514998006645e-01
4.625812464724014528e-01
3.933743662856801770e-01
-1.889106897736186896e-01
-3.556706382893428109e-01
-3.104052311767820371e-01
-6.021042944353207638e-01
2.901627216670932263e-01
-4.971380272505233622e-01
-7.340109373411377591e-01
7.006394186273748881e-01
9.116433271214771095e-01
-3.717462170337637595e-02
-4.133888463769591626e-01
3.146577390542609765e-01
-8.540358083887645835e-01
-3.217680893695846756e-01
-1.000000000000000000e+00
3.449419733278493161e-01
9.022283815584051236e-01
4.548313799133049118e-01
-8.959885894950704310e-01
-3.780548823951987436e-01
-5.056242238958598145e-01
-8.037776691867413170e-01
-1.892307823926696331e-01
1.326264788006244200e-01
-3.320728434242095073e-01
1.079501280114078254e-01
6.552637689697049517e-01
3.080333564763479970e-01
4.953924061981650473e-01
-6.801922351146971746e-01
-7.887981395995169454e-01
8.519994201015061996e-01
-4.556688909343495908e-01
-5.841785169004536371e-01
-9.970817844766191040e-01
-8.181969454416232468e-01
3.616562064255979259e-01
2.138190992132912305e-01
-7.637050352163095024e-01
-3.430350110421718779e-01
1.000000000000000000e+00
3.120949032854282712e-01
5.895936499292274702e-01
-1.786616831311761411e-01
-7.066013276673909216e-01
-5.339159639342421215e-01
-7.428362100867618167e-01
9.989060376502533201e-01
-2.650452386803947014e-01
2.936564494133819814e-02
-8.214582068405850215e-03
4.444029627633772628e-01
6.634258628654815526e-01
2.216381207470850823e-01
7.414554813776252917e-01
-4.976530293743410827e-01
-2.705443110736061030e-01
9.479064021876030255e-01
-7.199362042428486541e-01
-6.386538359030788925e-01
-5.762419167615342452e-01
-2.875889274925010897e-01
2.853361074904706141e-01
6.875210096279005256e-01
1.000000000000000000e+00
-9.321149602215883512e-01
1.000000000000000000e+00
1.178219627744499926e-01
1.000000000000000000e+00
8.527588805293490060e-01
2.445712280505591973e-01
1.000000000000000000e+00
1.851434358885812870e-01
1.053442368586603867e-01
-7.454893173627167302e-01
-3.643333354200838925e-01
9.705532580808997611e-01
8.378914719191843385e-02
-9.150417181494632235e-01
-4.580617589166307013e-01
4.043465903558421948e-01
5.041690735889373665e-01
2.184191596440346883e-01
-4.392891411143194369e-01
7.125541326150712507e-02
-6.390365499740584543e-01
6.657607725285450417e-01
1.428227402375304433e-01
9.226075567760267937e-01
