2.096794812461064694e-01
-5.702363992703809448e-01
-9.372451516818075534e-02
-5.434252000662309623e-01
-5.121430886380577974e-01
8.649938151245775142e-01
-8.640026392781556819e-01
-1.906104587486370516e-01
9.920162837281614188e-01
8.330697774688315960e-01
-1.208166061178892747e-01
-5.232874387042818487e-01
4.867838110321746625e-01
3.624903363380543864e-01
-1.000000000000000000e+00
-3.658931138714790476e-01
1.910101066694873395e-01
-2.067046384851798924e-01
-7.069378155736806280e-01
1.000000000000000000e+00
9.652238377361054278e-01
9.759861539893963656e-01
2.777277356203225467e-01
7.821753116222508462e-01
-8.071195738026776256e-02
1.000000000000000000e+00
1.009522940533864599e-01
-9.871722902053578497e-02
-2.164801330728934325e-01
-4.099150416015703846e-01
7.539312350261164752e-01
-8.520633603998700734e-01
-5.676237261707115511e-01
-4.886045955741856184e-01
-1.387798184929822654e-01
4.360143529193782341e-01
1.000000000000000000e+00
1.000000000000000000e+00
6.122574076673534260e-02
-9.741290592404546755e-01
-1.375528287150369622e-01
-1.206599417363680149e-01
-1.270392056690901605e-01
-3.963450152868246423e-01
-2.310133278233163223e-02
-4.935158406228729588e-01
2.529093412687384856e-01
-4.045920792178082093e-01
-5.209229702293786124e-01
-8.394593126409741757e-01
5.176757808036169806e-01
8.964524946717951082e-01
6.566392857528774440e-01
-9.287536327691513216e-02
-6.703591338547838507e-01
3.132910693603685459e-02
-5.950568043866384382e-01
-1.000000000000000000e+00
-7.366769835161639524e-01
2.844892049510050480e-01
-8.481719324006623539e-01
-6.689084071974845669e-01
-8.724463591089557379e-01
1.874830028705951057e-02
1.000000000000000000e+00
7.615696322784351602e-02
2.547622039058790033e-01
-1.764649139167830116e-01
8.940129263328633336e-02
9.098372286873895876e-01
-1.171676175947855697e-01
1.134316901453968074e-01
-4.419275528113285612e-01
-8.370473579649023721e-01
-2.998705624577981399e-01
4.566806085521472047e-01
7.794982705774992082e-01
7.533086879435670902e-01
-5.061075672784271645e-02
-3.147533260966379753e-01
3.641432281123387904e-01
-5.349355291081477892e-01
-2.222821954523038768e-01
2.532093774181320978e-01
-5.902606155713971958e-01
5.736236814418866903e-01
2.973273727935962230e-01
-4.205574578253769014e-01
1.217716424314559398e-01
-5.178861843152995359e-01
9.255359417568967406e-02
-4.936294065312359924e-01
-6.552115844004825496e-01
-1.306374322230903495e-01
-1.000000000000000000e+00
2.776372720483075152e-01
-2.115653195007496934e-01
-1.790629245564781535e-01
-4.846562781365510442e-01
-2.815303479706734446e-01
-3.912721195970231824e-01
2.220981066485330779e-01
-4.191703776096799006e-01
-4.084484960859378622e-01
-1.000000000000000000e+00
8.706270802129257858e-01
-1.781359039279220569e-02
-6.675431568703861507e-02
-5.181017702031204264e-01
-6.144425331849591165e-01
5.327501947937169913e-01
-1.000000000000000000e+00
7.517096791145426726e-01
5.181226646450479700e-01
-1.004868889303583840e-01
-8.862490714181786577e-01
8.094122609038331140e-01
4.384212379224993739e-01
2.539781861618775061e-01
-8.915338027990988845e-01
-4.345391435407769398e-01
3.178918428875945890e-01
-5.435757041069047002e-01
5.066117301282304641e-01
8.316006333879469858e-01
4.316863357140680035e-01
8.447552463694535385e-01
-2.375149589104325054e-01
1.213777189620219299e-01
5.162163674185804574e-01
-5.050045818430811684e-01
1.970661273120551948e-01
3.260206765538506413e-01
-9.894903739756253369e-01
-4.127003963023652411e-02
-6.764451548388841773e-02
9.441438559076616999e-01
-4.066923086356593053e-01
1.503567186123914712e-01
3.556573292895697236e-01
-3.661903068544611339e-01
-8.955289813660216591e-02
2.081695630046793699e-01
-2.671015825255793619e-01
-5.547421761454011113e-01
-9.737100737468040723e-01
-4.632100803450035498e-01
2.681755578512927674e-01
6.624394758639436942e-01
8.615725474593516342e-01
-3.105533072105006592e-02
-1.241967979588977644e-01
9.565305892912581154e-01
5.313058680553658375e-01
1.191998606536643635e-01
1.000000000000000000e+00
8.197650143375709852e-01
8.517791927848810118e-01
-8.626935052809898974e-02
-2.322507261734945427e-01
1.325687217799636497e-01
-5.524775129454776446e-01
2.618112361969888169e-01
4.050718544856700687e-01
-6.941340026852246270e-01
-2.494642673228150975e-01
3.353769283299243287e-01
3.984597196783857265e-01
7.432151978885122301e-02
-1.213019747133551873e-01
2.801357045728595785e-01
-1.721457063124453429e-02
-2.865973077743102504e-01
7.814550167406584258e-01
4.995154557247339366e-01
3.265948706269650725e-01
3.757619088487102466e-01
8.704768683743147051e-01
-4.745089844029733439e-01
1.859457433395220183e-02
-8.385433384967054815e-01
8.364656959714524831e-01
-8.034717825284777293e-01
8.104860345463305027e-01
-3.261821104807508531e-01
-1.674427215392042534e-01
6.969406048533669518e-01
3.239414332137338648e-01
1.901789431411065601e-01
2.143300829910893823e-01
1.842828054084078848e-01
-8.087528765085696403e-01
3.263308122407268530e-02
-5.856667667349252371e-01
-5.461421643911311685e-01
-3.226018015547441609e-01
-3.072746581068963034e-01
-7.772456577501931640e-01
9.209862632161930351e-01
-9.169907030819932636e-01
-5.044022245538520854e-01
-6.219552889667383511e-01
9.333634580922799129e-02
5.986160971762124472e-01
5.275053997848397902e-01
-3.852871238871301979e-02
5.926860571923198151e-01
-6.209255093584759022e-01
-2.588689147195179507e-01
2.428384410434899776e-01
-8.939420028103463034e-01
-7.002424920375294182e-01
8.840054109477427646e-01
5.814659927410663620e-01
-6.040203367758233410e-01
8.924825928489703575e-01
-8.058375103621389091e-01
1.632405292572838840e-01
4.159188420272964537e-01
-7.301379064602417923e-01
1.045378539455043693e-01
-5.643658496696746241e-01
8.342884782362641749e-03
-5.579918284495799519e-02
-7.873895497644511909e-01
5.682421261585786088e-01
-4.537014768917470020e-01
2.082932169800291722e-01
5.072221730244864668e-01
8.686588177520765397e-01
1.621947817382917711e-01
-8.428884747010765288e-01
6.375219436493699543e-02
2.177221066203863797e-01
3.454064391987464733e-01
9.767753246117215626e-01
2.266168993657632358e-01
-6.488275100210092461e-01
-2.232716731340804797e-02
-1.570129332822133295e-01
-3.474490887672747053e-01
-2.450994202840685865e-01
-1.718750212251502762e-01
5.102076163831149591e-01
4.642458406814699567e-01
-5.954772915048426318e-01
-7.579456020807293082e-02
2.656675463683990102e-01
-2.197598838624328366e-01
8.884133199387915514e-02
4.436454384608388146e-01
-8.209577296045490469e-01
5.111800593111857083e-01
5.045789316940541003e-01
4.775238263186346588e-01
-8.391733543991006794e-01
9.684853784709493429e-02
5.457970524418463976e-01
2.476517933088753787e-01
-1.275357556837105610e-01
5.702069546387643628e-01
1.913941526606590671e-01
8.437807852202611203e-01
5.490304548823141673e-01
-8.270272629551831400e-01
