9.533653598203621904e-01
-2.236892652389737279e-01
-2.423199474848096446e-02
6.066833837870564405e-01
-7.358318761504618610e-01
8.527893288998062982e-01
-2.663705444959135749e-01
-2.290231878980866775e-01
1.000000000000000000e+00
5.708257235852025602e-01
4.896758076324815578e-02
-7.742644396180591304e-01
6.793196734926543190e-01
8.020975937316316973e-01
6.181363233461070750e-02
-5.007442409049918108e-01
6.329473079912124600e-01
9.230739862738673862e-01
8.488673042263418234e-01
8.259775037175156598e-01
9.468678068101737955e-01
9.795232655881457307e-01
1.348353810252915785e-01
2.747789083818800715e-01
-9.565825963835773438e-01
2.071283552894010171e-01
-3.237662154063526976e-01
-1.688243161289486316e-01
-2.250818046209107637e-01
-4.583011869796612681e-01
9.577273444687944837e-01
-2.595600580349661235e-01
-8.662052861799901526e-01
-2.391802966797212382e-01
-1.656846368614622034e-01
1.743749504688913432e-01
1.000000000000000000e+00
7.928889768720331910e-01
6.032937607530792778e-01
8.209711370383176998e-01
-3.675990927573601907e-01
5.793049602179081159e-01
8.256521346778843418e-01
-8.434870032007231178e-01
9.641445238946375063e-02
-1.056523067369143781e-02
4.432016855234341413e-01
6.465784890988278411e-02
-9.498575005628355772e-01
1.045088105518870158e-01
1.489125908379686503e-01
-3.473505233616909216e-01
5.571837197923275031e-01
-1.261205684657644432e-04
-5.347217687184467605e-02
-3.376754178940172268e-01
5.141923221246222364e-02
4.819299917664541799e-01
-7.772378470443380705e-01
9.184889623230219069e-01
-5.078061389852603913e-01
-7.908384632295798466e-01
-5.250024621157773907e-01
6.264366976649444752e-01
3.474410291583442945e-01
3.754530146755737374e-01
2.616023633440161533e-01
-9.731555423430890417e-02
-3.578260752457394778e-02
5.295598360979368868e-01
-1.000000000000000000e+00
1.118489299038686602e-01
-9.923971642857264408e-01
-6.351018212313396250e-01
-1.508300589144269122e-01
2.216944616369033449e-01
-7.114541649733643336e-01
8.195458468101499139e-02
2.197437685085656400e-01
-5.044989525695890986e-01
1.974023597568466681e-01
-8.035946291469464597e-01
1.000000000000000000e+00
-3.255311875832809371e-02
2.980225946209700827e-01
4.845899809887583287e-01
-6.807718103215094629e-01
-6.479522402658124403e-01
8.946195151477220886e-02
1.614602087244499107e-01
6.413524987696833657e-01
1.490375549736136507e-01
-1.000000000000000000e+00
-2.039362459678666639e-01
-6.263882571495699159e-01
6.165826361384467713e-01
-4.957054906328975941e-01
-2.183288710188666659e-01
2.632833931027389607e-01
1.114506117190009749e-01
-4.843538656429689782e-02
6.927068111558736252e-01
-7.686227632638262808e-01
-1.557186148063391118e-01
2.279454207382214381e-01
8.559229048005394525e-01
1.410998747398851672e-01
-7.687197421958179566e-01
-6.596454090940716553e-01
-1.038613917037743972e-01
5.267305435267221059e-01
-6.595707874779475066e-01
2.357516034905109414e-01
-8.790836466781545289e-01
2.091204712787047004e-01
-1.000000000000000000e+00
-1.784618901135802682e-01
3.841684514103697046e-01
1.798711626044063872e-01
-5.283607333482899238e-01
-7.228612223058772379e-01
9.850814959191341869e-01
-4.900169947661943137e-01
4.849659188565171308e-01
9.357867315162762267e-01
1.768031583925750924e-02
2.019360289825394283e-01
-1.871031537444120263e-01
7.163464517198692150e-01
-7.091806728068670296e-01
-7.728330874778250870e-01
8.715104555236783401e-01
-9.499276174666693162e-01
-8.939221915640273020e-01
-7.159118599791108872e-01
8.980615494131574672e-02
7.715049236432114377e-01
-1.727878460762662660e-01
9.326827715942263008e-01
-6.144162905424299659e-01
1.000000000000000000e+00
-1.618968360846781418e-01
2.802642952111444319e-01
-4.817201601596568517e-02
-4.055949991320534354e-01
-9.363567158823906666e-01
1.129865141718637278e-01
-8.888616773966431794e-02
7.378758336188917522e-01
8.590151390107151341e-01
-7.287934638702988632e-01
-8.320387670033853045e-01
6.276478362109828568e-01
9.928843132035051200e-01
-8.267748154032812380e-01
-4.534747170669832794e-01
9.906214550208400915e-01
1.000000000000000000e+00
4.918911033974568414e-02
-3.172438271972083945e-01
2.658429055843080091e-01
-4.051162306348236042e-01
-7.425369390046540063e-01
3.230464060207873245e-01
1.000000000000000000e+00
-8.155651865511226450e-01
3.961055610389339621e-01
-3.972367496861195502e-01
6.600192319694063725e-01
-5.055584722063845016e-01
3.885974311154978822e-01
4.286973169507023868e-02
7.197180524145285752e-02
6.148443256937360379e-01
-2.259093896256415129e-02
3.346886697230270352e-03
1.304878726379703202e-01
6.903946933973861277e-01
-5.131659625178206507e-01
1.826212862049966246e-01
-5.940789912138273454e-01
4.260085117223532669e-01
-7.896196697516049134e-01
-6.568955475053929183e-01
6.605759790713863766e-02
2.598545824026180506e-01
8.326451073521977664e-01
-6.735116685905730982e-01
1.000000000000000000e+00
-3.617155179513579233e-01
-6.496217350727366557e-02
-1.000000000000000000e+00
-1.143633901457646040e-01
-3.529826170654282169e-03
3.108551718226658656e-01
-2.021298490531316383e-01
-5.359647393144336691e-01
-4.732260598598581058e-01
1.000000000000000000e+00
-9.811264642194943431e-01
-2.524612906141717183e-01
-1.000000000000000000e+00
5.072076750898233399e-01
-9.734891819150298664e-01
-2.805105701055379125e-02
3.192460422154723698e-01
8.269084592960925795e-01
-5.694455822608724960e-01
1.000000000000000000e+00
2.281294679200741027e-01
-7.447643496485412129e-01
-9.212376014589639395e-01
7.226295224044124721e-01
-3.126755282358159582e-01
1.057503452098517982e-01
9.973018724555481329e-01
8.991082579771092487e-01
6.671084430423878109e-01
2.139104177866241185e-01
-4.914622705857568108e-01
1.203936492706589867e-01
-2.939013138854619789e-01
2.478149553144320394e-01
-7.886812765223830679e-01
-9.241347062078073549e-01
1.000000000000000000e+00
2.025313842860666791e-01
3.167638175150530588e-01
8.950842936358607282e-01
5.911527192997670932e-01
4.337011561391005965e-01
-8.270100064399092954e-01
5.844013509546309715e-01
-9.638150900421896816e-01
-5.296687303593842211e-01
6.261274125716270733e-01
5.000427699413539928e-01
-9.749947713334410349e-01
6.487015993885301146e-01
-1.451879664802660785e-01
-4.271358140471715470e-01
-4.028534051626955215e-01
1.000000000000000000e+00
6.278499472800269654e-01
-2.771502536283496632e-01
-5.659137325582438427e-01
-1.093256988883771902e-01
6.509704566331151465e-01
-4.522865176773246954e-01
6.051048206143477826e-01
-6.971573174559761443e-02
-6.911553688702407605e-01
5.315051506502580514e-01
4.661688376201809647e-01
4.667683951958382926e-01
-7.918103618522901455e-01
-1.613705397378986661e-01
1.000000000000000000e+00
8.466977218165313568e-01
2.017165538917499723e-01
7.610394490659159183e-01
-5.031874745033733387e-02
9.562771719330290798e-01
1.312827555667617219e-01
-5.136035214990974929e-01
