-1.000000000000000000e+00
-4.656952345687402905e-01
-1.036022608845281190e-01
-4.976549556322427126e-01
-1.000000000000000000e+00
3.494390938236452415e-02
1.000000000000000000e+00
7.676372374717438385e-01
1.000000000000000000e+00
8.228775190108875703e-01
5.972568035523543317e-01
-3.310914390797597973e-01
-1.000000000000000000e+00
1.105577330479266818e-02
1.000000000000000000e+00
-8.800455239321279821e-01
-1.000000000000000000e+00
-8.135903560937295387e-01
-1.000000000000000000e+00
1.000000000000000000e+00
1.000000000000000000e+00
-7.386142264484393261e-01
-9.460750130157143944e-01
8.728988885377875206e-02
-1.000000000000000000e+00
-8.643956059791484403e-01
-1.000000000000000000e+00
-6.989022353774695384e-01
-9.916177373039873899e-01
-8.335135340997794628e-01
6.269433973020643869e-01
-5.164965542532569398e-02
1.000000000000000000e+00
-5.318914165480925771e-01
-6.606003066994183825e-01
1.000000000000000000e+00
5.397766663602719950e-01
1.000000000000000000e+00
-6.043114575486239204e-01
-1.000000000000000000e+00
-1.000000000000000000e+00
-1.000000000000000000e+00
2.893366033455658237e-01
-1.000000000000000000e+00
-3.699907411289771186e-01
-9.271240319510520855e-01
-2.362380787253861580e-01
9.257530495112276103e-01
-4.036019456550965501e-01
-1.000000000000000000e+00
-1.000000000000000000e+00
9.416553040527856355e-01
5.642295089788065265e-01
9.482985723197441263e-01
4.586872923073052055e-01
-9.458592507366656577e-01
1.000000000000000000e+00
-9.708009551359364497e-02
-3.867154718481676801e-01
-1.000000000000000000e+00
1.000000000000000000e+00
-1.000000000000000000e+00
3.927147841703282349e-02
3.562043288124275842e-01
1.000000000000000000e+00
6.299372856698461920e-01
-7.668900717778825982e-01
-4.839103148764234419e-01
1.000000000000000000e+00
5.106314485736350717e-01
1.000000000000000000e+00
-5.932069502804211414e-01
-1.000000000000000000e+00
3.585514545124172670e-01
-2.498124833765577035e-01
-1.000000000000000000e+00
1.000000000000000000e+00
-2.070273284628440513e-01
-1.000000000000000000e+00
5.136676418658601140e-01
1.605888266794877617e-01
1.000000000000000000e+00
1.000000000000000000e+00
1.000000000000000000e+00
-1.000000000000000000e+00
-7.506571588151025320e-01
-7.222479944012474284e-01
-7.517057576330793411e-01
-8.843459564246117788e-01
1.000000000000000000e+00
1.000000000000000000e+00
-1.000000000000000000e+00
-1.000000000000000000e+00
2.570279782011102299e-01
-9.604175682935462977e-01
-1.000000000000000000e+00
-1.000000000000000000e+00
-3.974681107120799917e-01
6.853908112966442534e-01
-2.309227998931245307e-01
8.535052476648789799e-02
7.666296802808691968e-02
-8.456866177224764414e-01
3.003177180219051001e-01
1.000000000000000000e+00
7.893114129331407769e-01
-5.293569538220987969e-02
-9.752707703614339474e-01
7.708725862543871488e-01
-3.893221099795198259e-01
-7.231163471354153938e-01
3.357283618413950954e-01
1.000000000000000000e+00
1.000000000000000000e+00
-1.000000000000000000e+00
-7.740455016500070728e-01
-8.580568873931997409e-01
2.449723955041820944e-01
2.777336254641796787e-01
1.971304214918445652e-01
-1.000000000000000000e+00
-8.571317553972753744e-01
-4.655408358777122779e-01
5.487276437371371163e-01
8.757163566555115075e-01
-1.000000000000000000e+00
-2.704603322751861216e-01
-6.177778107882125891e-01
3.003665366633512246e-01
-1.000000000000000000e+00
-8.087064005184826931e-02
4.463289243544197871e-01
-4.215815429343630072e-01
-5.079153731962428031e-01
1.143000226766402450e-01
8.215206706231050759e-01
4.693765168482648686e-01
8.163668356933886372e-01
8.951416029326338952e-01
-7.769549912229671840e-01
5.693567626890547739e-01
2.545963409479462536e-01
-2.329772317997491904e-01
-1.000000000000000000e+00
-3.179609468036238007e-01
1.000000000000000000e+00
-7.008888790302889582e-01
4.477913175910223087e-01
-7.683163334983769133e-01
8.910457263731468291e-01
4.224863601958026016e-01
-5.958730126196430943e-01
-7.512079643857245692e-01
1.562605898253650316e-01
-6.240737989712273892e-01
1.000000000000000000e+00
-2.121071074468978135e-01
3.967949114720240589e-01
7.054699695734502063e-01
1.000000000000000000e+00
-5.094027903616242803e-01
1.000000000000000000e+00
1.000000000000000000e+00
7.376073054643691451e-01
4.576688066026995960e-02
-4.837429527887478486e-01
-4.113545876285377156e-01
1.859442450324157725e-01
1.030900490145276738e-01
-7.580203867463976009e-01
-7.850330055199012946e-01
1.000000000000000000e+00
-6.725816299079676597e-01
-6.556602724972152574e-01
-1.062680109906407322e-01
1.549185127313321142e-01
7.529078360179719542e-01
-7.444086353414133272e-01
-1.485426161059997807e-01
3.557531967173724885e-01
-9.814667632558087274e-01
-1.244601955881427802e-01
7.845437988420458919e-02
1.000000000000000000e+00
1.000000000000000000e+00
7.442266217611088752e-01
5.918923387555530269e-01
-1.000000000000000000e+00
1.921401348347331894e-01
1.000000000000000000e+00
-7.646162152255761013e-01
3.165800595595679168e-01
1.000000000000000000e+00
-1.000000000000000000e+00
-1.000000000000000000e+00
-1.000000000000000000e+00
-6.094434915300128708e-01
1.965049295790832762e-01
-2.829586328763847858e-01
1.000000000000000000e+00
-6.084775052867409384e-01
-9.584176179864427603e-01
6.937616229185968875e-01
-1.000000000000000000e+00
-1.155720825568498089e-01
-1.686735761947287804e-01
-1.000000000000000000e+00
-1.000000000000000000e+00
-7.027341744628906595e-01
4.592323613880925359e-01
-1.000000000000000000e+00
1.499941933638530012e-01
1.000000000000000000e+00
1.000000000000000000e+00
-4.411686130777439097e-01
-1.000000000000000000e+00
1.000000000000000000e+00
-2.274131830218549810e-01
7.040792421108791332e-01
-1.000000000000000000e+00
1.352524244704048917e-01
-4.667277237209425111e-01
1.000000000000000000e+00
-3.308764128096425283e-01
-3.290727782104552746e-01
-1.000000000000000000e+00
-6.339730554887468283e-01
8.910114639118165147e-01
1.000000000000000000e+00
5.015871301322544218e-01
7.292836366097500411e-01
-3.469727425680447785e-01
-1.000000000000000000e+00
-1.000000000000000000e+00
-1.000000000000000000e+00
1.000000000000000000e+00
1.000000000000000000e+00
9.976127518493010937e-01
-1.000000000000000000e+00
-2.774922688491485712e-01
-5.001078382020832658e-01
-4.691967291217780112e-01
-3.748406165032217574e-01
1.000000000000000000e+00
-5.238835191960902193e-01
-1.000000000000000000e+00
1.000000000000000000e+00
-2.265534123640315922e-01
7.592955720995991920e-01
-1.000000000000000000e+00
-3.597309502930245984e-01
-7.537203983524816131e-01
1.960157606028269106e-01
4.625402400175377959e-01
-3.826951900213058089e-01
-3.829031199177589939e-01
-8.226157633123094559e-01
-7.389476825706998292e-03
9.954295581344690946e-01
1.000000000000000000e+00
1.992520159115362954e-02
-8.321042346667744116e-01
1.000000000000000000e+00
9.756362368034727783e-01
9.409848869927727177e-01
