-3.173794241610198297e-01
-8.111665233684156595e-01
-3.694470380492540507e-01
-5.903552385702126593e-01
1.000000000000000000e+00
-8.839378108765697517e-01
6.143962874902587634e-01
-7.862993811561503898e-01
8.927324340380616841e-01
-9.201760667527894566e-02
2.037495649440531909e-01
5.326561867048016374e-01
4.235300191634632228e-01
3.152487546189005063e-01
5.739280281780765325e-01
1.928980413654917958e-01
-2.308931519544813460e-01
1.000000000000000000e+00
4.732241966102722630e-01
7.424947524197615945e-01
-8.008133506627572729e-01
7.415966010083441251e-01
2.480142072055284697e-01
8.218636673896252409e-01
3.311320420544683341e-01
6.656529245434047448e-01
7.039455407115051688e-01
-4.436845630468806978e-01
6.324922945183915068e-01
-7.365533128193960666e-01
-4.576507863673404120e-03
1.204269499862967163e-01
5.155142947905798634e-01
4.657147950525563074e-01
3.263427044649022113e-01
-9.918988400418465856e-01
-5.517283797435018622e-01
-1.721241614565924838e-01
9.020032784514544488e-01
-3.055439189932057098e-01
2.302376602762472857e-01
5.110104021851122891e-01
-4.321841158202836541e-01
1.560354888316366484e-01
-6.131267046429096368e-01
9.107948739395270721e-01
5.040704710761538809e-01
4.589774878817414749e-01
-2.299455611224223706e-01
3.180515625077219299e-01
4.162248897041509466e-01
-6.178096449918328847e-01
4.776813479925340333e-02
-3.280280961694541642e-01
2.668531687540574016e-01
-2.899861435021300338e-01
1.412586860505732900e-01
3.407357025619207058e-01
8.474839363689624649e-01
7.512151892528845520e-02
9.593299886620212380e-01
4.804970325440562351e-01
6.603741297113531195e-01
9.908012321393613320e-01
-5.524343944095422287e-02
-9.297607202147941674e-01
2.737687529659810770e-01
-7.523428437779309252e-01
2.099225327999061919e-01
1.636549631508309871e-02
-2.258605648563796753e-01
-7.130238936794125459e-02
8.630796515079726117e-01
9.861492860196370280e-01
-7.610000177160318457e-02
1.000000000000000000e+00
-1.304399385081036478e-01
4.283693501148373439e-01
2.095766656479557122e-02
-2.845039300117865877e-01
-5.358912144857161941e-01
3.242845602601402977e-01
8.740307264721172698e-02
7.126176694062738015e-01
-5.258007328774096101e-02
-3.228371328347491298e-01
8.862237836695917581e-01
-6.886730482141781851e-01
3.712387634096356998e-02
7.445906296513905565e-01
-7.351958186729777855e-01
1.000000000000000000e+00
-4.399898581863208036e-01
2.026902283996274423e-01
-1.467053262661277835e-01
-4.266412911266341257e-01
-1.397691237104121686e-01
9.047312472964849084e-01
-1.371187801326715916e-01
-1.854579730839943930e-01
1.103460663700052691e-01
2.749074384107620395e-01
3.716613757762579073e-01
-4.966245145045016796e-01
-1.726125580293571271e-01
2.818987488108848360e-01
-3.437492021310749601e-01
-8.179000390972213097e-01
-3.785406249738283435e-01
-1.860408322827857841e-01
-1.120697404403974556e-01
-5.722581416380632946e-02
-1.391705452788677133e-01
7.755254362115899802e-01
9.153614063423050062e-01
-3.979526549064568153e-01
-8.658361358604452218e-02
9.918463422050198819e-01
-2.137077706604130767e-01
1.325369091781640196e-01
3.823829287877670846e-01
-2.096794765073815153e-02
1.791128680066028656e-01
3.669348830506715675e-01
1.219791740135001135e-02
3.212781162462432505e-01
-1.018101431112244659e-01
-5.289118748259902247e-01
-2.303235043715264607e-01
5.358274043084789717e-01
7.533792813536978050e-01
-6.880968297818442769e-01
3.144616452843214116e-01
1.000000000000000000e+00
1.504756325632420066e-01
-1.703689180365372535e-02
1.627508908570937662e-02
8.921501483822407153e-01
-2.946403976607042674e-01
4.507668196305293917e-01
6.502712570978879114e-01
7.835463464328773497e-01
4.495576970500173020e-02
5.369124117765319282e-01
7.508694498630676950e-01
-4.569967080345716526e-01
-9.340422768997297398e-01
9.385935724653637902e-01
-9.949683116959633367e-01
-1.325444668300639894e-01
-6.875088128339696958e-01
1.713388775611878745e-01
8.045518985266763012e-01
-6.159614713898410310e-01
7.531674789681375159e-01
4.764088163911935903e-01
3.108892860101885036e-01
-2.040155577649042651e-01
1.000000000000000000e+00
-1.976718378930267805e-01
-1.980300795669554248e-01
2.152531934335563946e-01
-4.242987696342239712e-01
7.179689611647392944e-01
7.724291013945843165e-01
9.648993220084618461e-01
5.627682448328106268e-01
-1.635291468211417729e-02
-6.317318250497234999e-02
-9.346054457221258938e-01
3.152244358656524081e-01
-5.182420831833973729e-01
-9.139225949525835446e-01
4.520776664386306209e-01
2.510839584550397241e-01
-1.530708139189931871e-01
-2.018234419641579125e-01
1.000000000000000000e+00
4.336338238062435457e-01
6.139827878979327025e-01
2.653776215999694710e-01
-9.065882507143473434e-01
-2.480054957785073344e-01
1.000000000000000000e+00
-6.368609908724871538e-01
-1.820230576116602939e-01
1.548398755812145922e-01
3.540788365186594011e-01
-1.476285332956233098e-01
3.815537388037698596e-01
-1.000000000000000000e+00
6.524351217732185515e-02
-1.548674695541200075e-01
-2.428434501325336392e-01
6.824008708169181370e-01
-2.516785556848806227e-01
-3.573314512181333669e-01
-1.000000000000000000e+00
-5.824261498602377740e-01
8.368601850059393943e-01
-7.986816519485980814e-01
4.759361027031379088e-01
5.407263489265187184e-01
1.401636704273824252e-01
5.152575273723357663e-01
-3.902572872562399819e-01
-2.329545295382748071e-01
-1.450263487203480306e-01
1.012497565367458385e-01
6.235267837680021769e-02
9.227488181761253072e-01
1.400246145732617908e-01
6.795979936485049278e-01
6.293026443124162261e-01
3.942334425116873486e-01
5.524782483300345604e-01
-9.605970064703865940e-01
2.163466921680286537e-01
1.846819857148618640e-02
6.857131927530780713e-01
-9.127840943174839738e-01
7.238711783485278772e-01
2.105948607104776160e-01
-2.019776007313398014e-01
-9.447353088009171618e-01
-6.755201566490129927e-01
-6.367368864247515692e-01
-7.373307825126576009e-01
-5.209319555779540201e-02
5.098579697145421141e-01
-7.924656135322413197e-01
6.962820552453757861e-01
7.351573157998972929e-01
8.586795614188716952e-01
-5.516452165491969595e-01
-2.856614516418904404e-01
-8.666023611696871409e-01
8.268979414885124779e-01
-9.420291553778656901e-01
5.019240754629071821e-01
-6.835508815532843618e-01
-8.782508534120933019e-01
1.000000000000000000e+00
2.844753079636151427e-01
-1.749241204201070488e-01
-1.832275281658457267e-01
9.998267209337914352e-01
-2.072576683502490857e-01
5.611233691421760872e-01
-4.821979961221296018e-01
3.394207020636350047e-01
1.045572254139355839e-01
-2.870940833735318720e-01
9.499567752297390921e-01
4.207087735734774125e-01
1.847397554266227149e-01
-7.255309349863193757e-01
5.241774199519210198e-01
-1.503123073104893070e-01
6.571258624359518907e-02
8.485254793326567624e-01
4.256494516246318582e-01
-3.928995380315496444e-01
5.656345164335212505e-01
7.224989859646664403e-01
