-8.714974261599164329e-01
-1.000000000000000000e+00
7.440389109864616879e-01
-1.000000000000000000e+00
9.196515694248141859e-01
3.359045131790283634e-01
1.000000000000000000e+00
5.301428130797718463e-01
1.000000000000000000e+00
-5.607907068238098258e-01
1.000000000000000000e+00
-6.728557025841804817e-01
1.000000000000000000e+00
-1.000000000000000000e+00
-1.000000000000000000e+00
-2.648930697453278915e-01
1.000000000000000000e+00
-8.519833976899366945e-01
1.000000000000000000e+00
8.216933951563403227e-01
1.000000000000000000e+00
8.064637422304744563e-01
-1.000000000000000000e+00
-6.235296396448802847e-01
1.449126675804115472e-01
1.000000000000000000e+00
1.000000000000000000e+00
1.000000000000000000e+00
1.298369087719577486e-01
-3.294815008494072495e-01
4.992028072462580957e-01
-1.000000000000000000e+00
1.000000000000000000e+00
1.000000000000000000e+00
-4.615460516926500611e-01
-1.000000000000000000e+00
-1.000000000000000000e+00
9.582515788161388715e-01
-1.000000000000000000e+00
1.000000000000000000e+00
-9.769290577273010978e-01
-1.000000000000000000e+00
1.367516449142004709e-01
-1.000000000000000000e+00
3.916457996119752649e-01
-1.000000000000000000e+00
9.818723160358686641e-01
-3.554345249222330971e-01
1.000000000000000000e+00
-1.000000000000000000e+00
-1.000000000000000000e+00
-9.089703544902628662e-01
8.734105450986576757e-01
8.895847859028459537e-01
-8.364899480432461676e-01
1.000000000000000000e+00
-3.788050495331781731e-01
-1.000000000000000000e+00
-9.862904550475393162e-01
1.000000000000000000e+00
-1.000000000000000000e+00
1.000000000000000000e+00
-3.494276173549140663e-01
9.004231561181654797e-01
-1.000000000000000000e+00
7.328313562706298967e-01
1.000000000000000000e+00
9.851460149803834554e-01
1.000000000000000000e+00
1.000000000000000000e+00
-1.000000000000000000e+00
1.000000000000000000e+00
3.253851063823011147e-01
-1.000000000000000000e+00
-3.675615356907125930e-01
-1.000000000000000000e+00
1.000000000000000000e+00
1.000000000000000000e+00
1.000000000000000000e+00
-1.771877862962359940e-01
-1.000000000000000000e+00
-1.310935695295845083e-02
1.000000000000000000e+00
1.000000000000000000e+00
-1.000000000000000000e+00
-9.497925645023843622e-01
9.939395985500560915e-01
1.000000000000000000e+00
-9.496376066408342975e-01
-1.000000000000000000e+00
-9.844799368068817280e-01
9.826205199177956429e-01
3.390368862941945949e-01
-8.935400971856765073e-01
-6.617076325164877870e-01
-7.203689465668354774e-01
-1.000000000000000000e+00
2.113629161038474424e-01
1.000000000000000000e+00
-4.442754805365568549e-01
-6.939499292123257890e-01
9.077956460517870863e-01
7.841988600650400265e-01
1.000000000000000000e+00
1.000000000000000000e+00
-1.000000000000000000e+00
9.986125902826559209e-01
-5.098638919766818045e-01
1.907480523077512702e-01
1.000000000000000000e+00
-1.375341564230727620e-01
-1.000000000000000000e+00
1.000000000000000000e+00
-1.000000000000000000e+00
6.329502815298433394e-01
-1.885938616639305510e-01
-1.000000000000000000e+00
5.471779522731554657e-01
-2.649770535108711966e-01
1.000000000000000000e+00
1.000000000000000000e+00
-1.000000000000000000e+00
-5.950880829944640293e-01
-1.000000000000000000e+00
6.118992802032950928e-01
9.874982272930640237e-01
1.000000000000000000e+00
9.935758799100388172e-01
-9.885602944252230850e-01
1.000000000000000000e+00
1.000000000000000000e+00
7.198002806538896792e-01
2.247001289899314691e-01
4.751551753736368289e-01
1.000000000000000000e+00
1.000000000000000000e+00
-6.499574412344781837e-01
-1.000000000000000000e+00
-4.971700736549886646e-01
-1.000000000000000000e+00
3.106253640551778078e-02
6.744250817554852118e-01
-4.605494464194770377e-01
-1.000000000000000000e+00
1.000000000000000000e+00
-9.131603433656714230e-01
1.000000000000000000e+00
-3.955084476120351855e-02
-1.000000000000000000e+00
6.664093196810716435e-03
-1.000000000000000000e+00
1.000000000000000000e+00
-1.000000000000000000e+00
-1.000000000000000000e+00
7.976693674085402197e-01
-8.005285105491611874e-01
1.000000000000000000e+00
1.000000000000000000e+00
-1.963561634690293989e-01
1.874229306936652795e-01
-1.000000000000000000e+00
1.000000000000000000e+00
-1.000000000000000000e+00
5.292364516130615426e-01
1.000000000000000000e+00
7.387798533770066900e-01
6.606722288904247620e-01
-1.000000000000000000e+00
1.000000000000000000e+00
-3.967078986519029238e-01
1.000000000000000000e+00
9.775466936936119122e-01
7.432263893331877425e-01
9.356614554791324867e-01
-1.000000000000000000e+00
-4.479521193321966965e-01
9.928112050618329576e-01
-9.650577179725082777e-01
-1.000000000000000000e+00
-2.609582301342425747e-01
1.000000000000000000e+00
-1.000000000000000000e+00
-1.000000000000000000e+00
3.304070389810533914e-01
1.000000000000000000e+00
1.000000000000000000e+00
1.000000000000000000e+00
-1.000000000000000000e+00
7.301346911545893992e-01
-1.000000000000000000e+00
-1.000000000000000000e+00
-8.566697355986322426e-01
-1.000000000000000000e+00
9.686802590139785840e-01
-1.000000000000000000e+00
1.000000000000000000e+00
-1.000000000000000000e+00
1.000000000000000000e+00
-1.000000000000000000e+00
-1.000000000000000000e+00
-5.255866503002487589e-01
-1.000000000000000000e+00
-8.283127427414461730e-01
-1.000000000000000000e+00
-1.000000000000000000e+00
1.000000000000000000e+00
1.000000000000000000e+00
-1.000000000000000000e+00
1.000000000000000000e+00
-9.820081826414104320e-01
5.596770321641100221e-01
1.000000000000000000e+00
1.000000000000000000e+00
1.000000000000000000e+00
-5.492158913948632648e-01
-2.720966848487988976e-01
1.000000000000000000e+00
1.000000000000000000e+00
1.000000000000000000e+00
8.796319040309795723e-01
-9.938017155696531324e-01
1.000000000000000000e+00
-4.232688658336689613e-01
-1.000000000000000000e+00
1.000000000000000000e+00
9.997541589671662399e-01
1.000000000000000000e+00
-1.000000000000000000e+00
-4.980865809930171695e-01
1.000000000000000000e+00
1.000000000000000000e+00
-4.231903906720231867e-01
-1.000000000000000000e+00
1.000000000000000000e+00
1.000000000000000000e+00
-1.000000000000000000e+00
-1.000000000000000000e+00
-3.966392837916932201e-01
1.000000000000000000e+00
-8.313147196297707708e-01
-1.000000000000000000e+00
5.502007459569673298e-01
1.000000000000000000e+00
3.720258402283289634e-01
-1.000000000000000000e+00
-9.630327031765013590e-01
-1.000000000000000000e+00
-1.000000000000000000e+00
1.000000000000000000e+00
-5.578703568515930300e-02
3.066964376550745941e-01
-1.000000000000000000e+00
1.000000000000000000e+00
1.000000000000000000e+00
1.000000000000000000e+00
-1.843010911941514451e-01
2.291035598579549137e-01
3.972449585700988939e-01
1.089284279301317437e-01
7.355886901216310836e-01
-4.467444188116076464e-01
-1.000000000000000000e+00
-1.000000000000000000e+00
-2.619105122660019269e-01
9.155289909535947457e-01
