-4.518802614664022554e-01
1.000000000000000000e+00
5.681040688376831627e-01
-6.611707747364402588e-01
6.308189561118299205e-01
-1.000000000000000000e+00
3.638223807530657772e-02
2.842547021650370653e-01
8.030612483993756490e-01
-1.000000000000000000e+00
1.000000000000000000e+00
-1.864170363331815183e-01
1.000000000000000000e+00
1.932068925574037532e-01
1.000000000000000000e+00
-1.000000000000000000e+00
5.033465202831688412e-02
4.484735868719715857e-01
2.612177068542527181e-01
-3.286855720060389840e-01
-1.000000000000000000e+00
1.000000000000000000e+00
-5.296206020843086115e-02
-1.000000000000000000e+00
-1.000000000000000000e+00
6.940773541647982103e-02
-6.958953498755027223e-01
1.000000000000000000e+00
-8.479752526340804675e-01
-4.668586120111647420e-01
-3.566230456782343294e-01
1.000000000000000000e+00
5.053805706413984078e-01
4.027580502163087828e-01
-1.000000000000000000e+00
1.000000000000000000e+00
4.323667361429244238e-01
1.000000000000000000e+00
-1.000000000000000000e+00
1.000000000000000000e+00
9.013179884392097385e-03
1.252027068222189010e-01
8.319688944017791243e-01
1.563053425851761435e-01
-1.000000000000000000e+00
7.357440271937579768e-01
6.704371717894277438e-01
-1.000000000000000000e+00
-3.703034354697307684e-01
7.111995910121073905e-01
-2.981837282476393902e-01
-9.590339923012100032e-01
1.000000000000000000e+00
-1.000000000000000000e+00
2.383222437427804929e-01
-2.544008009829217265e-01
1.000000000000000000e+00
-1.000000000000000000e+00
-1.000000000000000000e+00
-6.796829627126634854e-01
6.160410728980394435e-01
8.875681125005685512e-01
-8.497738900854774347e-01
-1.000000000000000000e+00
1.000000000000000000e+00
-6.596562519906998823e-01
-3.431074714963426864e-01
-1.135884154287291059e-01
-4.404607453589361454e-01
-5.815897235599954973e-01
1.000000000000000000e+00
2.539799575742889282e-01
-7.809278530062483403e-01
-1.129333173792932410e-01
-1.000000000000000000e+00
-4.359732903120085434e-01
-1.000000000000000000e+00
1.000000000000000000e+00
1.000000000000000000e+00
1.000000000000000000e+00
-3.254987503234689772e-01
-1.904893418202513455e-01
1.000000000000000000e+00
9.039767313851724273e-01
1.000000000000000000e+00
4.838202718027699856e-01
-1.000000000000000000e+00
1.000000000000000000e+00
-7.474823922336417681e-01
-1.610874258460422981e-01
1.000000000000000000e+00
1.000000000000000000e+00
-1.000000000000000000e+00
-1.444217651460739105e-01
-2.640348566428604160e-01
-1.000000000000000000e+00
1.000000000000000000e+00
8.751844837062585647e-01
-2.346738208914452561e-01
-1.000000000000000000e+00
-2.396760442677467462e-01
-9.486957614870166200e-01
-2.333336696263763610e-01
9.950360032606053728e-01
-1.000000000000000000e+00
1.859988838880385909e-01
-8.695152864001733928e-01
6.924930682314649477e-01
1.000000000000000000e+00
5.089307626334044904e-02
9.126492743485554726e-01
-9.946806046509841792e-01
1.000000000000000000e+00
-1.000000000000000000e+00
-3.728636538951547452e-01
-1.368633814975899754e-01
1.000000000000000000e+00
1.152151718074007070e-02
-1.000000000000000000e+00
-9.824166759260227755e-02
1.000000000000000000e+00
1.000000000000000000e+00
-9.488874764540031759e-01
4.100596656867058210e-01
-1.000000000000000000e+00
-8.278432370997762524e-02
-5.396830511912176220e-01
9.817665782316975509e-01
1.000000000000000000e+00
1.000000000000000000e+00
1.000000000000000000e+00
-1.000000000000000000e+00
2.498470223250107147e-01
-4.705798435045694950e-01
1.000000000000000000e+00
8.204589291007029495e-01
5.787673302472831072e-01
-1.000000000000000000e+00
-1.421397585777062211e-02
-6.174238829470068968e-02
4.689691218755270841e-02
1.000000000000000000e+00
-3.429870781781144684e-01
-8.980275616232527014e-01
4.337952618957388040e-01
-1.000000000000000000e+00
-1.512231546760536283e-01
6.989346170250700929e-01
-1.146301977648493953e-01
1.000000000000000000e+00
-4.909244816058508931e-01
1.000000000000000000e+00
9.854676597504246072e-01
-1.000000000000000000e+00
1.000000000000000000e+00
-1.000000000000000000e+00
-9.514629846572841831e-02
1.000000000000000000e+00
-7.606606422366303244e-01
1.000000000000000000e+00
1.000000000000000000e+00
8.182910366183158146e-01
1.881688628072545333e-01
2.271728528186498508e-01
-6.384973588287659041e-01
6.568130550794047950e-01
8.654903885342540848e-01
1.000000000000000000e+00
3.232589017057208025e-01
-9.491100786760227059e-01
-8.394641653336394338e-01
7.499443209775118468e-01
1.000000000000000000e+00
-8.228300330834199539e-01
1.000000000000000000e+00
1.000000000000000000e+00
2.551517427326100429e-01
1.000000000000000000e+00
1.000000000000000000e+00
1.000000000000000000e+00
8.060557445453739867e-01
-2.949305819015710650e-01
1.000000000000000000e+00
-8.422921353906638320e-01
1.000000000000000000e+00
-1.000000000000000000e+00
-9.487571904878877582e-02
1.000000000000000000e+00
-2.146811136827393440e-01
1.000000000000000000e+00
-1.461141892975251766e-01
-1.000000000000000000e+00
5.639055028289423621e-01
-3.411097602792301231e-01
-1.969182328699121687e-01
-1.000000000000000000e+00
-1.000000000000000000e+00
-1.000000000000000000e+00
-1.000000000000000000e+00
-7.691628210769166363e-02
1.000000000000000000e+00
-1.000000000000000000e+00
1.000000000000000000e+00
1.000000000000000000e+00
1.000000000000000000e+00
1.000000000000000000e+00
4.961206696144476735e-01
-1.000000000000000000e+00
3.439241033812337478e-01
-1.000000000000000000e+00
-3.724767817780663126e-01
1.000000000000000000e+00
4.327451943028323145e-01
1.000000000000000000e+00
8.939881694586655492e-01
-4.379621868386784911e-01
8.789501399866932463e-01
4.130170085296653859e-01
8.395142885701342150e-01
1.000000000000000000e+00
1.000000000000000000e+00
-3.553678425772700544e-01
3.036564453286169085e-01
1.384252559012645323e-01
6.410005723913047015e-01
-1.501343155718369848e-01
3.353982032708905381e-01
-7.085721551972781196e-01
1.000000000000000000e+00
4.185869631294214521e-02
-3.781037939868792108e-02
-1.000000000000000000e+00
1.000000000000000000e+00
1.000000000000000000e+00
-1.000000000000000000e+00
-2.661977762603728315e-01
-9.163215431302940139e-01
1.000000000000000000e+00
1.000000000000000000e+00
-1.000000000000000000e+00
-1.000000000000000000e+00
-1.293794190165176161e-02
-1.000000000000000000e+00
-1.000000000000000000e+00
7.945440251828247424e-01
3.242864672478414367e-01
-6.003973615161302124e-01
-1.000000000000000000e+00
-1.000000000000000000e+00
3.125035652094315664e-01
-1.000000000000000000e+00
-9.636434167262895034e-01
3.551121179150327212e-01
-1.000000000000000000e+00
1.000000000000000000e+00
6.188574235340291718e-01
-4.238863182635304039e-01
9.294418900434427977e-01
-7.639718039220388945e-02
-1.000000000000000000e+00
-6.214602183583668449e-01
5.662421033260686687e-02
-1.000000000000000000e+00
1.000000000000000000e+00
6.683271752220527606e-01
