-2.740588879499819552e-01
-1.713203974629561588e-01
1.161237879913131973e-02
3.960567202050878644e-01
-7.486948317519526164e-01
-1.820773737101776812e-01
-7.904880632841352339e-01
9.211595844919819864e-01
-6.544291923299155878e-01
-9.846819935632331600e-01
3.510063888058023718e-01
-1.313378677439362430e-01
2.067788851585393162e-01
-6.827108586047194727e-01
-1.000000000000000000e+00
6.435150591144804810e-01
4.303974365275463621e-01
-5.305237339375913352e-01
-1.129735541947712585e-01
-1.509272839271417754e-01
-8.869708392264290531e-01
4.866364522442275242e-01
-4.290350783727185369e-01
-5.959581725747219449e-01
-1.000000000000000000e+00
-9.058244106774899773e-01
-4.605372552159281430e-01
-5.003756845104553319e-01
3.627526764463211983e-01
2.478495169603736892e-01
6.415139903931150744e-01
-5.764790925948393152e-02
-5.814345822264706254e-02
-3.786766182478900067e-01
-1.523478502416321656e-01
-3.058052215017807995e-01
5.800059075906562889e-01
3.986739286366082213e-01
-7.734979582162984091e-01
-7.563123140688946533e-01
2.198621836673226859e-01
-5.795564890570147343e-01
-8.945459199390173310e-01
3.065663526818787066e-01
-8.390632422232525700e-01
-4.140177652881372738e-01
5.396214911153526805e-02
-8.802435161353461268e-01
8.923777604762359594e-01
8.388486873460924143e-01
-1.688472322271964976e-01
-3.386351312756396559e-01
4.242315283490150080e-01
4.397342759944389279e-01
-3.852024282063916671e-01
-1.396661606573550429e-01
-5.172075474638391235e-01
-5.037582934172084581e-01
8.212965610301259378e-01
3.933381152548007798e-01
-6.591861429991004995e-01
7.922290127327358267e-01
-4.245893082349432857e-01
-8.361714530171544535e-01
-5.592776890928605749e-01
-2.905783288083858551e-01
2.964142587810624230e-01
3.320460853111203425e-01
4.355083770682832700e-02
7.431733120466513243e-02
-1.593137290505609038e-01
1.447974250293460052e-02
7.724681109740083595e-02
-6.323815900986605731e-01
2.318487981249357510e-01
1.285646200901592873e-01
-1.000000000000000000e+00
-7.734033118698432352e-01
3.281265265327860114e-01
-8.335333703167552288e-03
1.327217709049165473e-01
-1.617192137579459843e-01
-6.013672047293622258e-01
1.000000000000000000e+00
5.512911577186051515e-01
2.334310748082033538e-01
-9.731907604859567629e-01
6.852813509448532625e-02
-1.000000000000000000e+00
-9.206602433217669912e-01
-3.957816756416048243e-01
2.073435190732703798e-02
6.210198229729405606e-01
-2.071792352471893972e-01
7.690542644305768949e-01
4.573330572287697127e-01
-6.509967800840206209e-01
-3.788466592105219632e-01
-5.129435546242196997e-01
-1.936035852121259504e-01
4.748324963611771921e-02
5.864281759980599640e-01
8.236494143305411741e-02
2.962839232070629825e-01
-3.514892376148852637e-01
-7.672369443000813805e-01
-4.401028199962089132e-02
-7.807551178467672104e-01
-7.375947123438739705e-01
7.212206836951126077e-01
2.996307494141320360e-02
3.501905959474183594e-01
1.000000000000000000e+00
-6.767571543575723325e-01
4.556889189942792129e-01
-8.369476436977381084e-01
5.567366747949445971e-01
-7.046323352754829683e-02
6.036080048204339743e-01
-3.471689672221213718e-01
5.019566553526452757e-02
-6.087710797875042212e-01
-2.266332195666439231e-01
8.062505725130306722e-01
4.540730720570395063e-01
6.546576110918476132e-01
4.898902352662912740e-01
1.000000000000000000e+00
-9.476688086147626588e-01
1.788226942343031367e-01
-2.794377243186184079e-01
1.000000000000000000e+00
3.264257283597981063e-01
-6.270012830681359617e-01
-8.221135251218326667e-01
-4.857235490299776082e-01
2.186314411972331839e-01
-2.390962129634572053e-01
-3.593354821969984569e-01
-6.256661313769115024e-03
-6.391275762579112785e-01
-2.553150927543538229e-01
9.801008244080475773e-01
-3.107479207914376484e-03
3.389102170141815029e-01
8.692937904736379728e-01
-8.604319969594109718e-01
-9.743145360938781918e-01
4.257083256209013289e-01
-4.833186479025000093e-01
-8.515885323347011093e-01
1.459569811417779361e-01
1.666234007115194871e-01
1.560505062260945375e-01
2.058605712904296517e-02
-2.311580141602369576e-01
2.149978696829975833e-01
-5.887564794182649219e-01
1.208799640052491547e-02
8.751433829543469045e-01
-5.164140935563037438e-01
2.284483742531355499e-01
6.684845219227113500e-01
6.854710728009950627e-01
7.558066712123621134e-01
9.823384172242265455e-01
-3.254708967792537821e-01
-7.708394708136381279e-01
9.071056852064801612e-01
-1.500320176335927791e-01
1.000000000000000000e+00
-7.935128097332961872e-01
-1.614468160494589577e-01
-4.329668671032443905e-02
8.769317637525155806e-01
3.439028006275505200e-01
-9.613014833732230757e-01
2.613493071362665288e-01
-8.759798429535368136e-01
3.578101638050105171e-01
-4.503264351570552271e-01
2.844698984291980093e-01
-6.091159369362364462e-01
-3.906479606008165240e-01
3.100695846912818188e-02
8.695753369815633071e-01
3.597908966659247865e-01
5.707423560089330827e-01
1.000000000000000000e+00
-1.793563618415092709e-01
1.879203858787634740e-01
2.635131964239859625e-01
4.060817679686824500e-01
6.933831189969863473e-02
-4.692171017618369522e-01
5.154959926918640800e-01
-2.177803374109796991e-02
2.254893128550208847e-01
1.127598548295424830e-02
5.972138696815050274e-01
-8.268951123381406143e-01
-6.815267386706468367e-01
-4.750644982982004105e-01
-2.636273121632551897e-01
-3.001600278683685952e-01
-2.440741318320233111e-02
3.363870817715441941e-01
-3.247147617897500060e-01
-3.426742938192910426e-01
4.373736777528154374e-01
1.369313827358631386e-01
-6.123498527509505518e-01
4.418257532508986229e-01
4.315498887786320403e-01
6.827936309171529494e-01
-3.964449517771947984e-01
-9.384500927005584581e-01
-7.469866301759718885e-01
-8.942956000542839901e-01
9.194724297637932864e-01
-8.758715829193947089e-01
4.965546209806908640e-01
1.488357360829473119e-03
9.341965047392718491e-01
8.401168605195444838e-01
-8.888272289982490637e-01
-2.898991330923998966e-01
7.476559376204714447e-01
1.114653837746347464e-01
3.814693451622827580e-01
1.009733620082707284e-01
4.857457170114208855e-01
5.981943600863430799e-01
8.352705259439704433e-01
5.292874333363402073e-01
-3.669689148074997687e-02
3.025857982592627393e-01
6.790530739719040643e-01
9.734227671476307631e-01
1.000000000000000000e+00
-5.508643504274626235e-01
-4.194108731858593453e-01
-9.086462763049618641e-01
4.359583500045064591e-02
-4.681546718525681494e-01
-8.202975242988179705e-01
7.593665733546417496e-03
-6.361518429944760245e-01
-2.987932576227423920e-01
3.304167360217195037e-01
-2.030398842597579967e-01
-8.649771035756729232e-01
-8.682008487268312313e-01
5.976006424097408676e-01
-6.112521551811668230e-01
-2.798953387553215211e-01
4.957277415878196258e-01
1.163922442075232960e-01
7.954137178309587941e-02
8.800596714014967681e-01
-3.273041590881676788e-01
6.892765609732692811e-01
-3.665244127536565477e-02
1.000000000000000000e+00
7.375728925212695630e-01
