4.381933494468519541e-01
6.099297367506180123e-01
1.000000000000000000e+00
-1.000000000000000000e+00
-1.000000000000000000e+00
1.826361824568713543e-01
-1.175141385343248801e-01
-1.000000000000000000e+00
7.336515030013165406e-01
-9.267985819425414995e-01
-1.000000000000000000e+00
-8.813440826413058149e-01
-1.000000000000000000e+00
-1.188999242300933235e-01
-1.472460687997598217e-01
-1.317697761275360424e-02
1.000000000000000000e+00
9.872563538847611841e-02
6.437489585158259198e-01
3.403071910604064110e-01
-1.000000000000000000e+00
5.474331581558223858e-01
-5.929571962474760038e-01
-7.399282478181485878e-01
1.000000000000000000e+00
1.977143965175303109e-01
1.000000000000000000e+00
1.000000000000000000e+00
-3.108758073371905573e-01
-1.000000000000000000e+00
3.675535019232803458e-02
1.000000000000000000e+00
-4.089943401127523193e-01
2.495469764156285908e-01
-2.723366058859274519e-01
7.343013423605805334e-01
4.228809045099233277e-01
1.000000000000000000e+00
4.063981262641888637e-01
1.000000000000000000e+00
-1.000000000000000000e+00
1.000000000000000000e+00
-4.188649242778104409e-02
1.000000000000000000e+00
3.779446491717988188e-01
-1.802924233724941816e-01
-2.091900313617626739e-01
-3.592337941079276065e-01
-3.034857589048604032e-01
7.917702830577566520e-01
2.819087434070182696e-01
-1.000000000000000000e+00
-1.000000000000000000e+00
-1.000000000000000000e+00
4.421897586960572557e-01
1.000000000000000000e+00
-1.000000000000000000e+00
-1.000000000000000000e+00
9.750558297819140741e-01
-9.714458288481335746e-01
1.000000000000000000e+00
1.000000000000000000e+00
-8.389642966004488001e-01
1.000000000000000000e+00
-1.000000000000000000e+00
1.000000000000000000e+00
-1.603371423350542502e-01
7.596622589444662621e-01
-1.642986652712863926e-01
-7.919229974236464686e-01
-8.939057321542396295e-01
3.350491354743432848e-01
-1.000000000000000000e+00
-5.728512046020586279e-01
1.000000000000000000e+00
6.937831108591747675e-01
-1.000000000000000000e+00
6.204697019329241670e-01
9.940223428491561375e-01
-2.779312043945464383e-03
9.079735472866520274e-01
5.827725319070046206e-01
-1.000000000000000000e+00
-4.913143216551661974e-01
-7.496724594961855503e-01
1.437383086926755371e-01
-1.000000000000000000e+00
-5.858136793562208622e-01
1.000000000000000000e+00
3.889376820744741559e-01
-1.000000000000000000e+00
-9.516235689832142075e-01
1.595393624376252872e-01
-9.258813400630607759e-01
2.786875923673461375e-01
-4.029378207813255619e-01
9.742291016691528860e-01
2.181398404140698633e-01
-1.858131118822524686e-01
-1.344368789792171059e-01
4.279426927911943179e-02
1.000000000000000000e+00
6.765812329347468124e-01
-1.000000000000000000e+00
-1.000000000000000000e+00
1.000000000000000000e+00
2.454937290484192070e-01
-5.136513521525687409e-01
-1.000000000000000000e+00
1.000000000000000000e+00
-9.454823001344088151e-01
1.000000000000000000e+00
-7.901865036465057779e-01
7.897147189114478438e-01
1.000000000000000000e+00
-7.415981955139927528e-01
5.827633930268507623e-01
6.970587894352239244e-01
1.000000000000000000e+00
1.000000000000000000e+00
1.000000000000000000e+00
5.507891445094157401e-01
-9.800694539693302065e-01
5.602532614047390780e-01
1.578053168840695131e-01
4.873962711221912492e-01
-6.475059614431862842e-01
-5.405023026075429782e-02
-1.000000000000000000e+00
-1.419018452815046238e-01
-7.358496786292357816e-01
-1.000000000000000000e+00
-9.870601258053994520e-02
1.528486580144031715e-01
-1.000000000000000000e+00
-8.915263031546820649e-01
-1.000000000000000000e+00
3.259337495009594354e-01
1.000000000000000000e+00
-1.000000000000000000e+00
3.353521391001043073e-01
-4.827900922722364596e-01
5.508354921447624619e-01
3.850234715922398743e-03
-5.494469292527849325e-01
2.879466472345297290e-01
1.000000000000000000e+00
3.761803791589051205e-01
1.000000000000000000e+00
-6.579561860860098088e-01
-1.296765178322308587e-01
5.377787147769695908e-01
-9.078717441663515242e-01
9.633272462375380707e-01
-1.000000000000000000e+00
-1.000000000000000000e+00
-5.980609951344191266e-01
1.459952353755965548e-01
1.000000000000000000e+00
5.424815150088768689e-01
8.552321036563317325e-01
-8.682924066941379859e-01
-2.599763139528915579e-01
3.567814423721761274e-01
1.000000000000000000e+00
2.474942899409924846e-01
1.082324617906138542e-01
-1.000000000000000000e+00
-1.545239980182969708e-01
-7.314381035341630533e-01
4.443346448053403508e-02
-2.073613702798288716e-01
-4.174368771002414102e-01
9.315921426100224334e-01
1.000000000000000000e+00
4.583470429516651734e-01
-1.951281536268971439e-01
-1.743532545213362650e-01
-2.927039584335756617e-01
-7.813447056667294222e-01
-1.000000000000000000e+00
-3.533865579546095481e-01
-1.354414704755196874e-01
1.000000000000000000e+00
-1.849774542570258862e-01
2.068304391348271265e-01
6.480371649591336602e-01
-1.778189912532862071e-01
-1.000000000000000000e+00
6.427534658872796625e-01
-4.702005354905317569e-01
-1.814117348155497023e-01
-1.000000000000000000e+00
-6.382829179042850409e-01
-5.974059245185742856e-02
-1.000000000000000000e+00
1.000000000000000000e+00
2.448588811289299505e-01
4.333194097406198320e-01
8.877716556979079465e-01
4.633944125094330846e-01
-3.890869714025904647e-02
7.446546866345653548e-01
1.141051333419530883e-01
9.256002615639391529e-01
3.569045583198582339e-02
7.775354239418330593e-01
-6.662672354359796545e-01
3.233326007089678544e-01
-8.427586128708547397e-01
-3.550205941223672640e-02
-1.000000000000000000e+00
8.328545214396667618e-01
1.000000000000000000e+00
-1.000000000000000000e+00
-9.339706548375718009e-01
1.000000000000000000e+00
3.283639898690238201e-01
1.000000000000000000e+00
-6.121036358698770385e-01
1.493928253769670755e-01
7.274677120255841345e-01
1.000000000000000000e+00
1.000000000000000000e+00
1.000000000000000000e+00
-1.000000000000000000e+00
3.326555286225510999e-01
-1.000000000000000000e+00
-1.000000000000000000e+00
-1.461889862004568663e-01
-2.433755895765034039e-01
-8.614570622013320023e-01
4.845201484797089786e-01
3.446922681925316395e-02
-3.668504970412255206e-01
-9.794298889210567571e-01
9.612289502861945945e-01
1.000000000000000000e+00
-6.735318060284825048e-01
1.000000000000000000e+00
-2.049808546339293436e-01
9.109627662122439240e-01
9.976044737318210398e-01
-3.077496592787770657e-01
-2.602294898584317420e-03
-1.000000000000000000e+00
-1.000000000000000000e+00
-8.485746778759617470e-01
-3.186331746205031124e-01
1.000000000000000000e+00
4.109533607979627412e-01
-8.309184179064001974e-01
1.000000000000000000e+00
-3.837823565815106086e-01
1.000000000000000000e+00
-1.000000000000000000e+00
-1.000000000000000000e+00
-1.000000000000000000e+00
5.502857682305789533e-01
-1.000000000000000000e+00
-1.000000000000000000e+00
1.000000000000000000e+00
-5.562866316144965406e-01
-3.926310781125230687e-01
3.302591004011273257e-01
