-1.000000000000000000e+00
-2.681011154518105899e-01
-2.011368686108592208e-01
-1.000000000000000000e+00
-1.000000000000000000e+00
7.921001781600903735e-01
-1.007543306684938189e-01
6.807416501186061009e-01
4.438839286204370183e-01
8.470753709839917711e-01
7.007354388684176039e-01
1.000000000000000000e+00
-1.539948643090671698e-01
-6.712000289459658930e-02
-1.903296176820474805e-01
7.841933412796243674e-01
6.026277667661003035e-01
9.816746192840517526e-01
9.823230810874299390e-01
-3.305895097465512134e-01
8.539506606082655771e-02
7.299806850773215006e-01
-7.530382095025387468e-01
7.987524960677883090e-02
-7.481360763479775189e-01
-3.639122481444148072e-01
1.857890160650761402e-01
-9.284773923846616484e-01
-4.276349919216459461e-01
-3.935318357744002071e-01
6.142449754074251755e-01
2.560376864989532403e-02
9.347842467231334274e-01
3.083173855193605539e-01
1.805352441955752063e-01
6.457203015171075755e-01
8.608328106449036898e-01
3.176362130057757138e-01
-6.042123139267533416e-01
9.570840395673256840e-01
-3.036213478190760151e-01
-2.733251365956576584e-01
-1.000000000000000000e+00
9.077868613020714239e-01
4.033827052948593117e-01
4.534262538956421729e-01
-9.714487013229270440e-01
3.653690191595345693e-01
5.482709714631985864e-01
9.582341401577765261e-03
2.226254302179446753e-01
2.422246633306974484e-01
-9.349713893105047191e-01
1.000000000000000000e+00
-7.513589873581157930e-01
-1.000000000000000000e+00
6.510669008814657932e-01
-2.750870059147586533e-01
4.536207009704225079e-01
-6.187356737465889989e-01
-7.399988959802984434e-01
-2.032731570237278351e-01
-1.000000000000000000e+00
-9.469078629901761524e-02
-5.713306649566562978e-01
-4.063947368612663702e-01
9.167915457703024185e-01
-8.823274806312769725e-01
1.407000063921159949e-01
-1.000000000000000000e+00
-8.615494834920758294e-01
-1.615635498648322343e-01
6.491855979105358720e-01
-1.000000000000000000e+00
1.104915689038566406e-01
7.092164186013636407e-01
-9.284517722090182001e-01
-5.608267343071594579e-01
9.933074169501244777e-01
3.454680686704069137e-01
-1.000000000000000000e+00
4.534262538956421729e-01
-9.186525530148426100e-03
-4.534262538956421729e-01
4.188351936160469302e-01
-1.000000000000000000e+00
2.673283892205843282e-01
-8.636131142743851408e-01
3.249736587758437212e-01
5.438245883709945661e-01
7.730787226329121076e-01
-6.842627894816077916e-01
2.146594337672333985e-01
6.118274052204786262e-02
-9.010805012344909048e-01
8.011789492318377448e-01
8.788692441464478478e-01
2.353953037058416631e-01
5.658873358666162146e-01
7.600474776698169510e-01
-6.234540665129646442e-01
-9.906338896267715688e-01
4.768201801241566118e-01
2.981351713207774368e-01
-4.929679059711712386e-01
-7.263162255736221873e-01
7.495310523975646788e-01
8.630650688904232259e-01
-9.517277737369150836e-01
4.022530996679473669e-01
-8.566731046801302485e-01
4.127381339085496870e-01
6.759756085711242646e-01
3.616921093476069826e-01
8.177192609063795858e-01
-4.534262538956421729e-01
-7.248444106927559583e-01
-8.096145017973149782e-01
5.912908531347705887e-01
3.801285241345131460e-01
6.833363780490725459e-01
-4.509029577005981837e-01
6.922520636852598219e-01
-3.201107765037010666e-01
8.763701708644171529e-01
8.178356727673548043e-01
-4.422198328463617933e-01
9.119980789921827702e-01
-1.000000000000000000e+00
-9.216863932059583542e-01
8.237538810235780495e-01
3.586498037344271195e-01
-4.793172281241669941e-01
-3.089056070253914932e-02
-7.119737967377600674e-01
6.607658572798444929e-01
-3.879350529015133664e-01
-3.559073010271418536e-01
1.000000000000000000e+00
1.000000000000000000e+00
5.823402361930871685e-01
-9.516970635626978980e-01
6.978595516784393826e-01
7.807201315670199149e-01
5.668604511684517400e-01
5.432183635472027650e-01
-8.812419672621532030e-01
4.873789343937394714e-01
-3.438247329932923035e-01
-6.538198707876732296e-01
-8.096145017973149782e-01
-1.984285358694327650e-01
-5.093423606280862437e-01
1.000000000000000000e+00
-6.753171083804232477e-01
-5.931242128511260425e-01
7.981749176000234591e-01
4.534262538956421729e-01
4.742191384245475483e-03
1.000000000000000000e+00
8.779952412734725042e-01
6.353261796977247577e-01
9.996065782389225163e-01
3.021490642266983495e-01
-8.591120539283723101e-01
-3.793494097654744879e-01
-6.084493621632355298e-01
-6.773658025926883042e-01
-3.813680132747415130e-01
1.191180904342029612e-01
-2.834758373583373126e-01
-4.015176525541339081e-01
1.520245149274395136e-01
5.002692455311927855e-01
3.453622139365933874e-01
-8.528145250272767264e-01
9.158852609758462160e-01
-8.850119030707650492e-01
-3.772259964678274513e-01
-5.640912297454669933e-02
-7.990225352879729570e-01
-1.000000000000000000e+00
-4.534262538956421729e-01
7.176504195713964140e-01
1.184153012130258475e-01
-8.180019071775581629e-01
-4.577644959200800057e-01
-1.000000000000000000e+00
7.296973247173677013e-01
-6.329751351252899116e-01
2.039921054065121919e-01
-3.521033867171369236e-01
6.849465059660931887e-01
7.532244638093085198e-01
9.558418888946407233e-01
-7.621719374319002593e-01
-8.984411532323266503e-01
-4.287852265401952412e-01
-8.952052126272067589e-01
1.000000000000000000e+00
3.543252211147234765e-01
-7.916388827642395487e-01
1.000000000000000000e+00
-5.198341697416659635e-01
1.000000000000000000e+00
3.654353474488062359e-01
1.886621096757978844e-02
-1.000000000000000000e+00
1.276384049632245388e-01
-7.492356466026506290e-02
-9.670749930516872039e-01
8.107216236231574724e-01
1.000000000000000000e+00
7.076519084886783162e-01
9.873565461076023730e-01
1.202755986388304166e-03
-3.628246382276921200e-01
-7.219926250044350624e-02
6.424575240472298887e-01
4.306338464800989474e-01
-4.970552038829382790e-01
-7.576472403428462510e-01
1.181520588915103698e-01
4.123667823632942153e-01
-3.471304330777933433e-01
-4.534262538956421729e-01
-9.332249058137088715e-01
-4.360772373785359868e-02
-4.963643400108792569e-01
-3.464626120316200986e-01
-6.447691135718160993e-01
-7.116860538582185924e-01
-1.000000000000000000e+00
9.567764692064236742e-01
4.797053948527600920e-01
8.443838119000890430e-01
-3.712635805204133055e-01
7.482112434649667021e-01
1.197940314782177662e-01
1.000000000000000000e+00
-8.096145017973149782e-01
-9.102647090061017909e-01
-4.255313787642911461e-02
1.404727485469511872e-01
-9.638783660905688722e-01
-4.709108328513788022e-01
8.206536197081737427e-01
7.377054211124995931e-01
6.965842566758334575e-01
-6.692881379068740255e-01
-9.891471298098305498e-01
1.610534584623968257e-01
-2.751495393485003937e-01
-5.977423191867177188e-01
-7.375030654951058029e-01
1.000000000000000000e+00
-1.000000000000000000e+00
6.155606401010542683e-01
6.931714717668655545e-01
-9.832761409002854780e-01
4.534262538956421729e-01
7.993812775268812620e-01
-1.687037694675352917e-02
9.500509711041150718e-01
-9.132180370654707779e-02
