-1.000000000000000000e+00
7.500423909492659469e-01
1.000000000000000000e+00
-6.290131179126778882e-01
1.000000000000000000e+00
-1.000000000000000000e+00
1.000000000000000000e+00
1.000000000000000000e+00
1.000000000000000000e+00
1.000000000000000000e+00
-4.716750960946078930e-01
-1.000000000000000000e+00
-1.000000000000000000e+00
1.000000000000000000e+00
-1.000000000000000000e+00
-1.000000000000000000e+00
-6.301949338642276466e-01
1.000000000000000000e+00
9.444345333331135572e-01
9.965549684433834265e-01
4.634828173346360325e-01
-1.000000000000000000e+00
-1.000000000000000000e+00
1.000000000000000000e+00
1.000000000000000000e+00
-7.188705892093097960e-01
-9.489811309953725127e-01
1.000000000000000000e+00
-1.511669822384785755e-01
1.000000000000000000e+00
-1.000000000000000000e+00
9.179722094464334292e-01
9.551077917531585193e-01
-1.000000000000000000e+00
1.000000000000000000e+00
-1.000000000000000000e+00
1.000000000000000000e+00
-7.221937780656163541e-01
-8.587583690384288371e-01
9.401285311648571730e-01
-1.425256451352306664e-01
1.000000000000000000e+00
-1.000000000000000000e+00
5.443199840682749757e-01
-1.000000000000000000e+00
-1.000000000000000000e+00
1.000000000000000000e+00
1.000000000000000000e+00
-1.000000000000000000e+00
1.000000000000000000e+00
-6.052801846651435502e-01
1.000000000000000000e+00
-1.000000000000000000e+00
-4.105944883407909862e-01
1.000000000000000000e+00
-1.000000000000000000e+00
-9.190431334716520073e-01
-4.040171993777124104e-01
-4.845586293943772715e-01
1.000000000000000000e+00
-8.985689258379520039e-01
-1.000000000000000000e+00
-1.000000000000000000e+00
-6.148271124310399349e-01
8.581126123962867780e-01
1.000000000000000000e+00
9.892085200318234683e-01
1.000000000000000000e+00
-1.000000000000000000e+00
-9.179722094464334292e-01
9.728594853281983257e-01
-1.119776485526135928e-01
1.000000000000000000e+00
-1.000000000000000000e+00
-2.817039385405263885e-01
-1.000000000000000000e+00
1.000000000000000000e+00
1.000000000000000000e+00
1.000000000000000000e+00
1.000000000000000000e+00
1.000000000000000000e+00
-1.000000000000000000e+00
-1.000000000000000000e+00
-1.000000000000000000e+00
-3.681364946335701771e-01
1.254855221846447044e-01
1.000000000000000000e+00
4.686462623150726703e-01
-1.000000000000000000e+00
-1.000000000000000000e+00
1.000000000000000000e+00
3.692203330808023765e-01
-1.000000000000000000e+00
-1.000000000000000000e+00
-5.941270913678979582e-02
-6.337312446818477163e-02
1.000000000000000000e+00
-1.000000000000000000e+00
-1.000000000000000000e+00
-1.000000000000000000e+00
8.132203957478577605e-01
1.000000000000000000e+00
-1.000000000000000000e+00
-1.000000000000000000e+00
1.000000000000000000e+00
1.000000000000000000e+00
-8.871602012984074470e-01
9.342458250625756966e-01
-6.191589270062818340e-01
5.324285459949128496e-01
-1.000000000000000000e+00
-1.000000000000000000e+00
8.506922064547500772e-01
-1.000000000000000000e+00
-9.535891151902128327e-01
-1.000000000000000000e+00
1.000000000000000000e+00
-9.845272746582048318e-02
-9.244597245378207706e-01
-1.000000000000000000e+00
-3.678362665087269168e-01
1.000000000000000000e+00
-1.000000000000000000e+00
-1.000000000000000000e+00
-1.000000000000000000e+00
-1.000000000000000000e+00
-7.320366308069539141e-01
1.000000000000000000e+00
-5.521642089768050710e-01
1.000000000000000000e+00
-9.724003035730687250e-01
1.000000000000000000e+00
-9.683536070821130437e-01
1.000000000000000000e+00
-1.000000000000000000e+00
1.000000000000000000e+00
7.610256456943642611e-01
9.546370507022297058e-01
5.334809376274496362e-02
-6.800235836222223718e-01
-1.000000000000000000e+00
4.914575260099012244e-01
-9.482314229686071849e-01
-5.320280575420157643e-01
1.000000000000000000e+00
1.000000000000000000e+00
-1.000000000000000000e+00
1.000000000000000000e+00
9.436093008109067148e-02
-1.000000000000000000e+00
-2.992068358481000390e-01
3.617306224288786010e-01
1.000000000000000000e+00
1.000000000000000000e+00
1.000000000000000000e+00
1.338782778907271487e-02
1.000000000000000000e+00
-5.736907355108369355e-01
1.000000000000000000e+00
1.000000000000000000e+00
8.220164290914637739e-01
1.000000000000000000e+00
1.000000000000000000e+00
1.000000000000000000e+00
1.544881697146098798e-01
-1.000000000000000000e+00
-9.226348040368320680e-01
-3.683046727203524995e-01
-4.482943212435844815e-01
-1.000000000000000000e+00
7.142640305954024438e-01
1.102923766157467567e-01
7.560618944616099846e-01
-1.000000000000000000e+00
-1.000000000000000000e+00
7.169171707833633667e-01
-1.000000000000000000e+00
-1.000000000000000000e+00
-4.058540512838318404e-01
-9.941767748666443527e-01
1.000000000000000000e+00
5.982658898926004332e-01
4.548066390325148367e-01
-1.000000000000000000e+00
1.000000000000000000e+00
1.000000000000000000e+00
-1.000000000000000000e+00
2.139180269912150933e-01
1.000000000000000000e+00
1.000000000000000000e+00
1.000000000000000000e+00
1.000000000000000000e+00
-7.259685279261700597e-01
9.512558612099648592e-01
1.000000000000000000e+00
1.000000000000000000e+00
-4.024910021634368618e-01
-1.000000000000000000e+00
1.000000000000000000e+00
-1.217603243414706465e-01
-1.000000000000000000e+00
-2.952082941090449220e-01
5.069242978563216484e-01
1.000000000000000000e+00
-1.000000000000000000e+00
-6.356674592693718484e-01
5.122851806807301456e-01
1.000000000000000000e+00
-1.000000000000000000e+00
-3.974696283725449586e-01
-1.000000000000000000e+00
2.437357810777129874e-01
-1.000000000000000000e+00
1.000000000000000000e+00
-3.810821293196926529e-01
-4.148706760546134742e-01
-1.000000000000000000e+00
-3.359862765813403929e-01
9.394124864276887088e-01
-1.000000000000000000e+00
-1.000000000000000000e+00
-8.680649993280064036e-01
1.000000000000000000e+00
9.972406883749072026e-01
-1.000000000000000000e+00
1.000000000000000000e+00
9.405569604579739895e-01
-6.634227919188745437e-04
-1.000000000000000000e+00
1.000000000000000000e+00
9.894293122839872279e-01
7.513813142770523479e-01
1.000000000000000000e+00
4.700839192474687844e-01
-1.000000000000000000e+00
-1.000000000000000000e+00
-3.975774307052120649e-01
-1.000000000000000000e+00
1.000000000000000000e+00
1.000000000000000000e+00
-1.000000000000000000e+00
-7.504873138683016975e-01
-1.000000000000000000e+00
5.520602541509175287e-01
-9.271071873243006412e-01
-1.000000000000000000e+00
-6.245917767385537056e-01
1.000000000000000000e+00
4.653146401342651561e-01
9.179815711739954809e-01
-9.945223031104858391e-01
-1.000000000000000000e+00
5.651750997870803594e-01
-1.000000000000000000e+00
1.000000000000000000e+00
7.336928335800798617e-01
9.781068652277702391e-01
-1.000000000000000000e+00
9.034604742373485431e-01
7.858332820300868438e-01
-1.000000000000000000e+00
4.820471762206791633e-01
1.000000000000000000e+00
-1.000000000000000000e+00
-5.538770573961042665e-01
