-9.458992821280665098e-01
-9.000721282173609339e-01
-3.783124334292358171e-01
-1.000000000000000000e+00
-4.994462237767969270e-01
-6.995754583589368636e-01
4.485794342892325537e-02
-6.988630187205643329e-01
-8.991748761885219876e-01
5.369918359412484410e-01
2.703917322078513430e-01
2.141267552478948177e-02
-6.316819497465236966e-01
5.177123412604440755e-01
2.588510678519072017e-01
4.959167849186843502e-02
-3.149330699837465941e-01
4.934819035357220218e-01
-9.786265372097238124e-01
-5.226356431583264461e-01
-2.935459370321895634e-01
4.176124630430059215e-01
-3.921874728873496752e-01
-4.874339199835880931e-01
2.727054807389162616e-01
-9.146128888008376867e-01
-9.525378808015733112e-01
-2.581821663646109433e-01
-6.731851985442788289e-01
-1.000000000000000000e+00
-2.246625708984631986e-01
-3.537265846000318126e-01
-9.492438972580869994e-01
-7.223195108588819080e-01
4.628878270724919308e-01
7.529247473792587408e-01
-1.000000000000000000e+00
1.092049763489823522e-01
-3.866334879289661797e-01
-1.995317541963844699e-01
-2.330168838756038197e-01
4.589702352042646649e-01
-1.455867717586682986e-01
-1.727248201836948938e-01
-1.194642577487275981e-01
9.895159580518143594e-01
-4.905007278598271236e-01
1.446089035880825380e-01
-6.902578463474359216e-01
6.099565825037042699e-02
-4.164876571090202900e-02
4.478110650228290801e-01
-8.964348683953451413e-01
-4.717853470254680381e-01
4.638169898473761821e-01
-4.638227235752478972e-01
3.976855260614536869e-02
8.435563547695666964e-01
-1.498881702869591104e-01
3.352613446674949094e-01
-2.252064284205234912e-01
-4.739424654461142361e-01
2.159721992691139292e-01
-8.342915632238625534e-01
-2.381573353376374991e-01
-7.559961688583159978e-01
5.745353990117418180e-02
-1.495291314529499371e-01
1.044297458440758275e-01
1.000000000000000000e+00
4.508174836990438972e-01
-6.644525341985887401e-01
-1.787317148403510525e-01
5.402717196877538930e-01
5.076444029818831805e-01
2.244105432768418174e-01
-7.426290878364112391e-01
-5.165017335113387675e-01
1.982030292780045111e-01
-6.910353172940010280e-01
-4.062927998523236939e-01
3.037493080810682589e-02
-8.462780839478460937e-01
-7.436388490185558142e-01
8.886123967070427843e-02
1.416369051486337238e-01
2.849453557932678516e-01
7.453268771231542633e-01
3.323420587075570087e-01
-3.701275290853728861e-01
-7.862987336218637546e-01
-1.455174000046232097e-01
-4.166765369144332931e-01
1.945449633608067053e-01
6.163257966247042141e-01
3.794614168477361549e-02
2.507294731686959266e-01
-3.698986677450450955e-01
-8.817388012210956028e-01
7.021042600665841626e-02
-4.813930041964587514e-01
1.735541699398987503e-01
-9.807524533076366069e-01
4.138796586297338598e-01
-4.179477663586962377e-01
7.549139072511614756e-01
-6.726796299079200736e-01
-1.000000000000000000e+00
-1.000000000000000000e+00
1.027061346593078350e-01
-1.505265378293405565e-01
1.208707650129135780e-02
7.875919056233254834e-02
9.196622553092609342e-02
9.533370088651844654e-01
-7.650418326663089852e-01
9.531544984365128981e-01
9.908668475940306530e-01
-1.671450979874693488e-01
-8.629204364055529375e-01
5.196490280179570931e-01
9.404145582983699514e-01
-3.653043027611202476e-01
1.394961104878362779e-01
4.274654105735880005e-01
4.371893904309043233e-01
1.492369848693023138e-01
6.377341098232957028e-01
-7.360364607606562082e-01
3.706061132053219409e-01
-9.648252893526901852e-01
-1.681987581707075075e-01
5.731059522783583660e-01
-6.147476940669298617e-01
8.864786766223967107e-02
9.599079623259851868e-01
-1.000000000000000000e+00
3.640567855900801453e-01
4.378762598355201430e-02
8.030125143533483056e-01
-7.800453495635611967e-01
7.399304001234591199e-01
-2.202095492738369020e-01
3.606946574216713386e-01
1.225428841995936380e-01
1.000000000000000000e+00
-3.783034716419050869e-01
1.271449858574382197e-01
-7.703050242062017827e-02
2.079175989797362734e-01
6.866695145110354170e-01
9.610368568567085878e-01
3.370690317673964431e-01
3.872293721250745224e-01
8.629997658602758248e-01
9.375443563176261152e-01
5.599206439912960409e-01
-3.887978262649584016e-01
4.713567881172018859e-01
-1.000000000000000000e+00
-2.648076011019149245e-01
-5.282253445845525031e-01
-2.397463387850653771e-01
-7.781958212822873699e-01
9.755324754126339926e-01
7.599749487183458108e-01
-2.247363091629541176e-01
-1.000000000000000000e+00
-1.218602908059114032e-01
3.004912869790790086e-01
-4.408838259619998756e-01
6.794656503366184319e-01
1.000000000000000000e+00
-3.306508894661275288e-04
1.745171886122268146e-01
-2.286944345591540584e-04
5.329963799131611779e-01
-9.978039516639615192e-01
-6.464992834391809495e-01
-8.710813053937349615e-01
3.544999242210026269e-01
-6.117978002552784123e-01
7.630021287653435680e-01
8.869356323121956320e-01
1.834310620349884624e-01
3.492993273378194319e-01
-8.748931317644529360e-01
9.271665101839521306e-01
-1.653119013104681345e-01
6.553727113536191862e-01
7.330613356431425753e-01
1.587841297014904729e-01
-1.123347476497243980e-01
1.130309630065414461e-01
8.412849937245562293e-01
-3.691015597619667910e-01
-1.000000000000000000e+00
-6.890101248857263272e-01
-1.632421744943994280e-01
-3.372022040372858465e-01
5.885777005855180599e-01
-4.728609949391715528e-01
-2.381201759398804407e-01
1.582629588714028895e-02
-3.699423011693074304e-01
-1.792343151162822668e-01
-2.023323098466142111e-01
-9.305183411511307179e-02
1.469618481554937905e-01
7.129216775840802045e-01
3.987623527715442595e-01
5.011152687396301930e-01
-4.199370789136547960e-02
3.515454878789429083e-01
7.339216303901018312e-01
6.145842277486317506e-01
8.552741367495916291e-01
-2.012905542232131251e-01
2.105615885328768200e-02
-6.465780017877853503e-01
-2.462985781638360461e-01
2.700670993297962785e-01
-3.981887288767987920e-01
1.131041706233672922e-01
-1.409265070854319735e-01
-5.948392298114033028e-02
8.824602340093675723e-01
3.711619108730320749e-01
3.630506370023472429e-01
-9.945673969086631372e-01
-1.662164066758284320e-01
1.654718515656551370e-01
3.139364837783864548e-01
8.223768243108140474e-01
7.068004261080741424e-01
-1.000000000000000000e+00
8.345542549349951322e-01
2.605899850554388997e-01
1.103889382808658504e-01
-6.852721392572777015e-01
5.021207389125406095e-01
8.385871999513061503e-01
5.867697604598489658e-01
5.234065896000745788e-01
-1.492778611032129915e-02
9.995823859693118152e-01
-5.394439805950319577e-01
-4.694437675440309987e-01
-3.362917719471820721e-01
-7.615517294110252244e-01
3.427960828069008259e-01
1.070953726740674350e-01
-3.018028805543199189e-01
9.358299034864819843e-01
-1.000000000000000000e+00
4.035535110239161227e-01
6.039400966910425383e-01
-4.823419330850894360e-01
-1.257807913799312560e-01
5.493497324976002183e-01
-8.455844451325725819e-01
7.982971251676784785e-01
-9.128448766332013520e-01
-5.695363041825622918e-01
-2.768869028014618872e-01
