-1.000000000000000000e+00
8.246623390900921224e-01
-1.017107827586115065e-01
-1.000000000000000000e+00
3.239271307275737311e-02
-3.268221233461062747e-01
-6.960340270337483926e-01
8.198608378580549694e-01
1.951386495540867738e-01
2.259600862754072015e-01
-5.252131725293208708e-01
1.000000000000000000e+00
3.483839817023740570e-01
1.951386495540867738e-01
-1.004602282127747825e-01
1.784070045283231987e-01
-1.915958857748243371e-01
-4.198043681087502699e-01
7.569952137331130704e-01
-1.772208683228942983e-01
-1.916825980585886713e-01
1.000000000000000000e+00
-8.753008438950860004e-01
6.461770353296980574e-03
-8.934682482881970422e-01
-3.509970067461067877e-01
-3.165133119093928027e-01
-9.359445364834627634e-01
7.089069450353461255e-01
1.591112172560953386e-01
3.449624092802523467e-01
-2.872762605297388694e-01
1.730019773449731346e-01
2.032341230536235388e-01
-1.857210262277436685e-01
-9.321703479933962644e-01
7.412447871831986390e-01
1.761411335202912598e-01
-1.000000000000000000e+00
-6.298594241092836388e-01
-1.949822559448592951e-01
-1.223994295526331100e-01
-1.207983564947370803e-02
-9.498139262618169321e-01
7.819481418831092379e-01
-1.000000000000000000e+00
9.749508264372931388e-01
1.146811242366518879e-02
-1.897158521804354070e-01
-1.008479786137668199e-01
-1.000000000000000000e+00
1.389592722782916345e-01
-4.149884239488297877e-01
9.178774187920983874e-01
5.888102444039599037e-01
1.951386495540867738e-01
-1.730019773449731346e-01
1.325462049470138570e-01
1.928649062360637823e-01
-8.873841213503416148e-01
1.951386495540867738e-01
-1.730019773449731346e-01
-5.617031367717681967e-01
-1.000000000000000000e+00
-7.447766552836081466e-01
1.000000000000000000e+00
-4.965542789922020583e-01
-1.000000000000000000e+00
2.642351193779206575e-01
-9.672959207012611360e-01
-6.411166070386713489e-01
1.366271727656068746e-01
6.720577772810839567e-01
-3.021486031924718318e-01
-8.736813238996392617e-01
-3.361994962762769878e-01
1.897884260012511204e-01
1.878964014772197544e-01
-1.730019773449731346e-01
2.541788614950387104e-01
-1.000000000000000000e+00
-3.836089723032940491e-01
2.146465771568626391e-01
-9.778633277908863608e-01
2.403013913772640286e-01
1.759338881996483916e-01
-1.000000000000000000e+00
7.817648082791113229e-01
1.730019773449731346e-01
1.708858099822952725e-01
-4.797470737544641262e-01
-1.000000000000000000e+00
-8.441180578054201522e-01
9.497505435497612947e-01
3.864507893288460227e-01
3.474459324923617753e-02
-1.000000000000000000e+00
2.213452472577324137e-01
-2.777616634058954759e-03
4.332695861443038865e-01
-1.730019773449731346e-01
-7.320828088531969868e-01
-9.972343509477651358e-01
1.695425117150600736e-01
1.816310835876044916e-02
3.891877997493738972e-01
-7.842393746254117115e-01
7.265011032869885810e-01
1.653725880054730535e-01
4.932695115079709924e-01
4.521073029238035224e-01
-9.778633277908863608e-01
1.000000000000000000e+00
5.010503987406311754e-02
1.898457760179887988e-01
-1.506081354675430917e-01
-4.062696115399390129e-01
-7.772509977723367491e-01
-2.131415384604333774e-01
-9.989806904146339983e-01
-5.655393038440621467e-01
7.117946295907735532e-01
-1.730019773449731346e-01
1.730019773449731346e-01
4.651956996417860868e-02
-1.000000000000000000e+00
-5.474972383302363355e-01
1.878621110621805368e-01
-2.604336032388594457e-01
-1.723195834815713923e-01
-1.000000000000000000e+00
9.446195117371730676e-01
1.000000000000000000e+00
-7.669218545814688870e-01
-1.000000000000000000e+00
9.856872182861157183e-01
9.778633277908863608e-01
-5.257444467776606345e-01
-8.108296232969720574e-01
-2.942024138668765110e-01
-2.640933138802966651e-01
-1.730019773449731346e-01
1.551186231447312380e-01
-9.185907910275640242e-01
-1.887649680977546707e-01
-1.730019773449731346e-01
8.133724768002887906e-01
-1.000000000000000000e+00
-7.463484003864762073e-03
-1.845871064160912733e-01
9.164862912436052556e-01
6.946479704023447166e-01
-1.023163683716101294e-02
9.779240018673042156e-01
9.300019518348022762e-01
9.509835838614499881e-01
9.556078075922174175e-01
1.000000000000000000e+00
1.000000000000000000e+00
-5.548515494602143105e-01
5.990606059510854564e-01
6.857579534180946457e-01
6.182689176682718002e-02
1.737641467568107334e-01
3.344269428147853551e-01
-1.848839276520791719e-01
1.730019773449731346e-01
-1.000000000000000000e+00
1.000000000000000000e+00
-6.080664238676894984e-01
1.000000000000000000e+00
-1.939295772048296174e-01
-9.911816193948500553e-01
-3.329895524164861453e-01
1.000000000000000000e+00
4.480047374367567281e-01
7.833924279037571825e-01
-1.282717041251801859e-01
-1.730019773449731346e-01
-2.699755443417286016e-01
1.000000000000000000e+00
-9.829150078335916474e-01
5.035005772700704707e-01
1.000000000000000000e+00
4.579362297421923356e-01
-1.364110321393874337e-02
1.568604848438459598e-03
2.011331473128364911e-01
-3.914183236292552159e-01
9.961617158396344207e-01
-1.000000000000000000e+00
3.591795781336160065e-01
-2.255570593893392317e-01
-8.238706366916029866e-01
1.000000000000000000e+00
7.854267187801116101e-01
9.949915648124787459e-01
1.730019773449731346e-01
1.730019773449731346e-01
9.953130915271564128e-01
5.914068084938673975e-01
-1.907037805399162123e-01
-1.730019773449731346e-01
-1.000000000000000000e+00
-1.950155745913664807e-02
4.131452473333373510e-01
2.646726529027110253e-01
-1.000000000000000000e+00
-3.479993995792732830e-01
3.953828595480089469e-01
-8.575933699956990175e-01
8.248675620085614835e-01
1.000000000000000000e+00
5.352869967923630234e-01
2.033724564003250856e-01
-5.849250913817695130e-01
-3.525069113533997323e-01
-1.951386495540867738e-01
-6.500248407717870158e-01
-5.211017002399328524e-01
-8.968660371272640930e-01
-2.482238531762043232e-01
-3.861477624730583758e-01
-2.763602110165522818e-01
-8.713863757153353928e-01
-5.032338115988547189e-01
-1.287810271020376485e-01
-1.385065080733371978e-01
9.517314057102793656e-01
-6.073019342225770556e-01
-1.000000000000000000e+00
-1.709542354238251238e-03
-1.730019773449731346e-01
-1.787909285133312265e-01
1.000000000000000000e+00
-1.000000000000000000e+00
-1.000000000000000000e+00
9.925800667032840252e-01
-9.136650984037542056e-02
4.263472385534420317e-01
9.479109111091568174e-01
-6.663177906242397919e-01
-2.186475369703845262e-01
-7.028826801557874759e-02
9.778633277908863608e-01
-1.591137624348368806e-01
1.344382948623850105e-01
9.935902424924969445e-01
1.879941267416238571e-01
1.228988915509723889e-02
4.835776706797173530e-01
-1.730019773449731346e-01
2.981817698919543846e-01
6.713229465256902451e-01
-4.903753423745887963e-01
9.138127454324820320e-01
-1.000000000000000000e+00
1.000000000000000000e+00
9.951177869990286418e-01
-3.770112323511530805e-01
-1.000000000000000000e+00
-3.668895289714672603e-01
8.464414791367566027e-01
9.920298537266524219e-01
-1.949443065467078018e-01
