-9.872607039610925561e-02
8.828106641217456918e-01
-3.162285466922651334e-01
4.315512480764078784e-01
1.534363269290020537e-01
-7.040794747295047173e-01
-8.702402892928672307e-01
-7.128666670224363955e-01
4.134000481981450204e-01
-7.761239224094889089e-01
5.305140153547998061e-01
-6.806915711631724708e-01
9.201284155111638663e-01
3.484873298792050544e-01
-9.112477579286624163e-01
9.899471608075658402e-01
2.422009384668673548e-01
9.803618567224083868e-01
-5.872489676848061668e-01
3.329601670161865673e-02
6.473153665125326306e-01
2.966137944989279407e-01
3.690756843024468603e-01
-6.313078521580940405e-01
5.116705021263193154e-02
-3.303818891729735641e-01
-5.065317999748861766e-01
-8.735935300677175608e-01
-2.774950935945271618e-02
3.335119207423709042e-01
-1.063432873300841769e-01
-9.465666586590045783e-01
2.934733942153564534e-01
6.678600256488493869e-01
-3.066101989177402176e-01
5.680844364763665277e-02
3.189146894026880785e-01
4.995295486050981837e-01
1.708537021596755467e-01
-8.943956978382519019e-01
-4.625251136604831004e-01
-6.111185143792298158e-01
-4.221891765667660779e-01
9.739784248681873091e-01
1.008777286578506766e-01
4.702302086566082506e-01
6.219782874828539976e-01
4.226018013325949507e-01
2.287545375402829095e-01
5.361275460594446679e-02
7.717680987031142470e-01
8.387054381070291331e-01
6.139489866859222378e-01
-2.625553945825951918e-01
9.541167539012354037e-01
-9.637948506771023549e-01
2.069104155262767586e-01
5.952068432072534776e-01
6.943921320107264705e-01
4.368923362578630010e-01
1.524585056392619986e-01
9.686164078601590122e-01
3.014830172472933723e-01
5.928477765385241627e-01
-2.797259598856555729e-01
-5.192859408054988357e-01
8.114797205265577018e-01
5.900006701005360288e-01
-4.688366623575902503e-01
1.989211171944560153e-01
-6.038114590176726360e-01
7.892154395075696716e-01
8.136437635858940753e-01
3.703369718407323874e-01
-5.372755750210552739e-01
-7.065720479147598043e-01
-4.182237348812464228e-01
7.165586098757737998e-01
-2.536932854082959640e-02
3.318122457118477531e-01
9.335316439505346731e-01
-9.883402738157863743e-01
-1.000000000000000000e+00
8.456237271854136761e-01
-4.268586391552050552e-01
-6.214620130231842676e-01
9.683894683831918426e-01
-4.355691243139799829e-01
-9.057417469637367713e-01
1.413036662706525226e-01
8.051246016481490575e-02
-1.280859895131050974e-01
-1.551014241294021989e-01
8.998870851238456314e-01
7.423486947936257518e-01
-9.537912612983425742e-01
-5.546693837980641584e-02
-4.457713476630726368e-01
9.794639650206576897e-01
8.977236402423519612e-01
-2.399319447305837683e-01
-1.539240060993589121e-01
-7.831632263598098387e-01
5.130312570377367765e-01
-3.038379565888517098e-01
-1.959664493149597397e-01
9.096385820528924970e-01
-9.997476665427382780e-01
3.434757580249775399e-01
-5.590717591338840303e-02
-1.878087350898094143e-01
2.408001678625869557e-01
-9.081303622049453628e-01
4.607697101775824478e-01
2.760866466074581305e-01
-8.415553230861088085e-01
-2.725999300678704773e-01
2.103776347077289111e-01
7.234305149601996110e-01
-1.499623427125378050e-01
6.579260636249986138e-01
-8.855193813384059087e-01
7.265381865729283462e-01
-1.657151845670958856e-01
7.980158453315615574e-01
4.988370805782423867e-01
-2.627452134672083606e-01
-9.350630550392514950e-02
3.057587848859517621e-01
9.760378401166318607e-01
1.861238477181319240e-01
-6.579573130550485649e-01
-8.045985625749993986e-01
6.828157834898057610e-01
-8.761895772026144780e-01
-3.057147643943730619e-01
6.100612651717274293e-01
-6.122521794274594642e-01
6.732257987724378223e-01
-7.667216044696514854e-02
-6.932383637620097294e-02
-9.453589816770607834e-01
1.582470258865169010e-01
-1.000000000000000000e+00
-7.756987820901547481e-01
7.804580151411755207e-01
-4.645088073501567605e-01
-1.982132484156078345e-01
8.590702448687167481e-01
-8.308216167747649594e-01
8.660367967134026124e-01
-1.000000000000000000e+00
1.725538395448209805e-01
6.985101612532412796e-02
5.321257077284451409e-01
-7.679980948823391662e-01
-3.367960319751643339e-01
2.636980470439495572e-01
4.051323133648401797e-01
2.479792996197023938e-02
6.041147686824104301e-01
-3.515311584085178964e-02
4.412615116416614414e-01
4.468347440123706660e-01
-3.728556310370196858e-01
-7.335664376029130129e-02
-3.356991265779947220e-01
6.543907348538308133e-01
-4.655884522768584111e-01
-4.802721274288851983e-01
9.506302860983470437e-02
1.364878484758145494e-01
-1.622714766845191892e-01
-4.601916854129357581e-01
3.394148673276698447e-01
1.526217115505239807e-01
-7.800883999069374575e-01
-2.027778910823102299e-01
-7.442305876304413648e-01
3.092753329259419481e-01
-7.591234548153266704e-02
-1.591140771209762494e-01
-6.060772108626988341e-01
-2.437242595215077245e-01
-7.938697107276087017e-01
2.418173119723760478e-01
-5.135855866110995427e-01
7.430543111150731406e-01
-1.000000000000000000e+00
-1.000000000000000000e+00
-1.137849671291116804e-01
-3.027227519687997748e-01
9.218848212776115103e-01
-5.392059140567639908e-02
9.718421021527267056e-01
-1.511274400568246301e-01
1.075038054258331544e-01
4.998544839360721248e-01
-5.647589393136513980e-01
1.688391597430635716e-02
-9.142777969827695639e-01
-1.495606442263061608e-01
8.913864343242591248e-01
-4.444589760096708253e-01
-5.905054686855291113e-01
6.147358291982801815e-02
-9.593111895235801878e-01
-6.903045170613385517e-01
-2.426267644105533638e-01
-6.366569892687810039e-01
1.472755540685020681e-01
-3.547389574379968269e-01
7.470708359674920196e-01
-5.050600063867775047e-01
-3.106949711914444578e-01
1.000000000000000000e+00
-1.672592480421324079e-01
9.209957942394988439e-01
9.822963886472378947e-01
8.151051232249013623e-01
-5.148140305402864048e-01
-8.956259739034420075e-01
2.718920520517396078e-01
-8.580515882268598959e-01
8.804831618083620581e-01
-1.000000000000000000e+00
8.706857052839160893e-01
-9.283313317450994084e-01
-5.917810723503206249e-01
9.928099409185427993e-01
-8.165668462363948610e-01
-4.471317114778020629e-01
2.452590925077215711e-01
8.388982310961219380e-01
-5.295923053977988904e-01
-3.201485705802366022e-01
-4.988704993070207094e-01
3.915525785136895753e-01
5.083931439348199355e-01
2.579871142854091026e-01
-7.725834538421367803e-01
5.065716531835707803e-01
1.000000000000000000e+00
5.064415816280699589e-01
9.131923853152310588e-01
8.051621391009614603e-01
-6.577185569447163704e-01
-1.887701492293836492e-01
-7.372980889403638605e-01
5.840013887300761208e-01
-9.430319980175916328e-01
3.618484415702352130e-01
9.292898373947299229e-01
8.465166920102746850e-01
-2.881030463657530127e-01
-9.349162869664678910e-01
3.285374619217371617e-01
-8.590295240843021096e-01
3.702152536770602631e-01
-3.442744501998989404e-01
-8.018083441612813278e-01
-1.028238060972745394e-01
-5.288016356236879822e-01
-5.414079642652110946e-01
4.223051282597767297e-01
