-1.000000000000000000e+00
1.000000000000000000e+00
-7.747015932436015495e-01
2.373220306302368243e-01
8.650834077715262305e-02
-1.000000000000000000e+00
6.852233913479854888e-02
-3.089366027424870764e-01
1.419593394060996161e-01
6.835685446130536080e-01
3.783462284666869180e-01
-1.000000000000000000e+00
2.374846673408406716e-01
1.000000000000000000e+00
8.168131161108668770e-02
-3.656586605210074281e-01
-7.671562225269195068e-01
-4.638013293481323962e-01
-1.629733258635379656e-02
8.953223675363065626e-01
-6.290722201847294137e-01
-5.059715764453986964e-02
1.000000000000000000e+00
8.768932223899053024e-01
3.449873055683031486e-01
3.504707054986830883e-01
-4.615431338965425012e-01
-2.895112071929839548e-01
-6.853527811408793857e-02
-6.721516441176617063e-01
1.000000000000000000e+00
-4.648166564696030179e-01
-1.606113480395552906e-01
-3.280671520205983849e-01
4.786914950922205314e-01
-9.112580596204609140e-01
1.472605233922648638e-01
-2.282748063268748573e-01
-1.000000000000000000e+00
-5.499088527634361512e-01
-1.000000000000000000e+00
5.612924253112308026e-01
-1.000000000000000000e+00
-4.548579308976730129e-01
-6.727187417627971122e-01
1.000000000000000000e+00
1.290114913187203616e-01
-8.698797427352505940e-01
5.741953607546893545e-01
-5.371570255364749302e-02
-1.000000000000000000e+00
-4.984468525716491127e-01
-1.589399312982138213e-01
1.149895770762288522e-01
1.000000000000000000e+00
1.204185508998522891e-01
-9.849195723324110086e-01
7.038063270572219032e-01
-4.339777870881844635e-01
-4.785377313150634970e-01
4.421454198712255201e-01
-7.581256542871017690e-01
-6.057446106953802145e-01
-1.000000000000000000e+00
5.319796860567208019e-02
9.485654448645304271e-01
2.452127329602787342e-01
1.000000000000000000e+00
4.357809272108298937e-01
1.562597066432912241e-01
1.446696943487845444e-01
-3.755973714967465460e-01
1.000000000000000000e+00
-1.000000000000000000e+00
2.152804914823271687e-01
1.477728664649156087e-01
8.538845504731339409e-01
3.273434266037937301e-01
2.081870415033228450e-01
2.524783278796636221e-01
9.107804049017448333e-01
-5.761810707963549438e-01
-6.477467299720237603e-01
2.183020366837984394e-02
-4.430618316634007403e-01
2.205583321822771059e-01
1.000000000000000000e+00
1.823646713369713734e-01
5.413873047797176374e-01
2.856522664287000635e-02
-5.188949658340528126e-01
-4.502267313655975434e-01
1.764448082842832721e-01
-4.877842810595874323e-01
-3.466536142142072063e-01
3.951733070125185154e-01
3.358917442754623672e-01
-9.139707828965696335e-01
-1.000000000000000000e+00
-4.813314600279403055e-02
-1.000000000000000000e+00
9.094738220262914563e-01
-8.470183418083678806e-01
-2.969137384764370946e-01
-7.597687973127718042e-01
-9.831568225447959719e-01
2.816405321352549174e-01
1.688781522030756155e-01
-1.000000000000000000e+00
-1.000000000000000000e+00
7.993578929565618996e-01
-2.992361336343950518e-01
-1.000000000000000000e+00
-4.031023568487097641e-01
1.000000000000000000e+00
4.967623287245052088e-01
-9.926122736744725783e-01
3.946153438529659274e-01
6.959891065264572907e-02
8.961266658236950455e-01
-5.756528195108260304e-01
1.343040158884122870e-01
-9.090664288984056096e-01
-1.000000000000000000e+00
-2.372948209312205625e-01
4.484299960222743464e-01
-4.904508177833841187e-02
8.064719687209177534e-01
-1.000000000000000000e+00
4.807577882835365468e-01
6.393149422586649200e-01
1.000000000000000000e+00
5.567254523434572722e-02
1.000000000000000000e+00
6.427267480002796241e-01
7.287830346929924374e-02
-2.703448435008302120e-01
5.043005223714425167e-01
-3.433877010896085324e-01
-2.842511504200753714e-02
-5.055337824530120594e-02
7.718338991416947570e-01
-1.000000000000000000e+00
1.000000000000000000e+00
-1.000000000000000000e+00
-4.798050016311505850e-01
-9.870356712395262910e-01
1.000000000000000000e+00
-3.727441330732951252e-01
-1.000000000000000000e+00
-7.385973635404853299e-01
2.100363452911903905e-01
-5.257985873053852011e-01
-7.615771299382907422e-01
-1.000000000000000000e+00
1.000000000000000000e+00
-1.000000000000000000e+00
-1.000000000000000000e+00
-2.904161581008497806e-02
1.000000000000000000e+00
4.097171413758117775e-01
3.442997971573298344e-01
-1.030573562612481231e-01
1.000000000000000000e+00
1.000000000000000000e+00
-1.757703745625323888e-01
-7.895405823019496783e-01
7.309316820562283823e-01
-5.466019873576289934e-01
-1.000000000000000000e+00
5.936929182890489098e-01
1.854400248993985922e-01
-5.231322578989413552e-01
-1.000000000000000000e+00
1.832315916640089026e-01
-1.000000000000000000e+00
1.000000000000000000e+00
-2.235380744137606401e-01
-1.000000000000000000e+00
4.160913166356143833e-01
-6.256743634098702600e-01
-1.000000000000000000e+00
-1.000000000000000000e+00
-1.000000000000000000e+00
-1.000000000000000000e+00
-1.000000000000000000e+00
2.242245240170249176e-01
8.340969736222766939e-02
7.461670706131466879e-01
1.000000000000000000e+00
7.876542332423999149e-01
-2.639805556487755944e-01
8.999339997035540328e-01
1.000000000000000000e+00
1.000000000000000000e+00
-2.883524915176568504e-01
-1.000000000000000000e+00
1.000000000000000000e+00
-1.000000000000000000e+00
1.000000000000000000e+00
-1.000000000000000000e+00
7.905443382672574515e-01
-3.869209957225372420e-01
-1.000000000000000000e+00
7.197168704102356873e-01
1.000000000000000000e+00
5.366338834370600885e-01
3.580869369425629944e-01
6.610680401210702883e-02
1.000000000000000000e+00
-1.000000000000000000e+00
-2.468979487297644770e-01
-1.669198015515078459e-01
-4.797417432348387023e-01
2.948108126201944845e-01
-1.000000000000000000e+00
-5.442669416105112568e-01
1.000000000000000000e+00
-1.000000000000000000e+00
1.000000000000000000e+00
-5.190521759484525433e-01
-7.191548774622731344e-01
5.627403351612072502e-01
2.843904145832996111e-01
-2.491849197218931056e-01
-1.000000000000000000e+00
1.000000000000000000e+00
-1.000000000000000000e+00
-2.948634886976784775e-01
-9.827467522275633582e-01
-1.092469959816579350e-01
1.000000000000000000e+00
1.000000000000000000e+00
-1.000000000000000000e+00
5.150088554783789352e-01
-4.322937896593515572e-01
9.341224719944767330e-01
-1.336736171147498431e-02
2.571031388985934307e-01
5.245555621362313348e-02
2.363842019609004308e-01
-7.901002222235297134e-01
1.000000000000000000e+00
5.128819170168363861e-02
4.980750193879979193e-01
-1.703386944191750407e-01
-1.000000000000000000e+00
-1.000000000000000000e+00
-9.466872624658609903e-01
-1.000000000000000000e+00
8.518377810051583898e-01
-9.416300931710644972e-01
8.844347202374461814e-01
9.149268978074140968e-01
9.086213302312508011e-01
-2.780892712498500008e-01
7.414941366779409515e-01
-1.000000000000000000e+00
1.317871428279360491e-01
7.698540934384611178e-01
3.802979048163040998e-03
9.191421363625275065e-01
-1.000000000000000000e+00
6.976141698143667469e-02
-2.647721428042461023e-01
