3.800749570646991260e-01
-5.774347761899861764e-03
-1.134569196871664465e+00
1.000000000000000000e+00
-1.000000000000000000e+00
-1.613723674999711033e+00
-6.743275641074075732e-01
-1.063012421137912611e+00
-2.372625807013847843e-01
-3.616915897206645081e-01
-6.565902035452044760e-01
-8.535799599222816392e-01
-5.666327981789224255e-01
-4.827409109641566110e-01
-1.338278965786058317e-01
1.259642182757396922e+00
5.739949616529371745e-01
6.487019058039977804e-02
6.200411813530117833e-01
7.588405787128469360e-01
7.677534360405469105e-02
3.666035602628620604e-01
-6.484845899170686989e-01
6.049312884813161650e-01
4.146624707119074271e-01
4.515073202761072935e-01
-1.234376244201696032e-01
1.564849282718186740e-01
6.674452218675885895e-01
7.810471874765866351e-01
-9.866895983399770476e-01
1.608486982242798291e+00
4.923331611224115445e-01
5.547267134163671454e-01
9.996598237833823619e-01
5.179021804607678581e-01
2.936092227090500092e-02
1.000000000000000000e+00
-5.663787738168950536e-01
-1.776803077472352832e-01
-1.000000000000000000e+00
4.457105254540831840e-01
-1.485226732460721843e-01
1.150405400154414642e-01
7.830964254957490933e-01
-1.245754002841171992e+00
-3.700639706830249898e-01
-7.882349324545214753e-01
2.755455137399928089e-01
-4.662951106245525335e-01
-5.341815167693740873e-01
7.182717907997119289e-01
6.497668846579108815e-01
-4.730135871875426612e-01
2.905482592723174218e-01
-9.045740599659189973e-01
1.721807163797411722e+00
2.877887205145823746e+00
-2.758502663215424144e-01
-7.515612670378898352e-01
1.387679265631675540e-01
3.975234273275656260e-01
-5.798654882629090956e-02
2.373443605940873669e-01
-7.160809758089502486e-01
-2.019121075112669528e-01
-7.094312752164104730e-01
-1.849706704192370654e-02
-2.597895326478149691e+00
7.841853396248950059e-01
2.226234030756335525e-01
6.772884634087705802e-02
1.391522368320567082e+00
-3.619539207661150448e-01
-2.007212519735781076e+00
-3.356725918146336585e-01
-1.000000000000000000e+00
1.000000000000000000e+00
-8.821283200997046547e-01
8.782151544084587647e-01
-4.214749482715509643e-01
-1.000000000000000000e+00
5.916402691345824527e-01
9.213155978211770014e-01
1.538251204711407416e+00
4.402771900451067366e-01
4.618308105448439838e-01
-5.045865989610899272e-01
9.454740378007776558e-01
1.000000000000000000e+00
2.089516315960103787e-01
-9.359440078942948826e-01
8.867925613584334843e-02
1.364721849112295660e+00
-1.450116506278413819e+00
-6.465421284320382878e-01
1.381546383108141152e+00
-2.896724663878431638e-01
-5.401586323592078021e-01
-4.037354640857516164e-01
-1.000000000000000000e+00
-8.483126055390173559e-02
-8.214014112751802932e-01
-1.000000000000000000e+00
-3.412094162139709397e-01
1.713371549645266612e+00
-5.584644803647822453e-01
-3.543591716901837163e-01
-1.000000000000000000e+00
-1.121413522973915722e+00
-3.179211948494925499e-01
3.306267511740987874e-01
1.178368418012869956e+00
-8.442723646377145452e-03
7.230343046607885515e-01
1.907497808790539484e-01
-7.967996003461806642e-02
5.142254235625636216e-01
1.000000000000000000e+00
-1.000000000000000000e+00
-4.114347896879072541e-01
-7.149018718330832911e-01
5.307493685976644171e-01
-6.109065393753083661e-01
-1.538115718359420292e+00
-1.213152901719848631e-01
1.562582789047467502e-01
-4.739637888696495716e-01
-1.000000000000000000e+00
-6.546587866956568025e-01
4.679725305306199346e-01
-2.813926869057946645e-01
5.695617646999361350e-01
-6.579259679472432287e-02
2.598471493829561385e-02
1.768450642932709593e+00
-4.157062148301283178e-01
1.325123369439295207e+00
1.223526309805247347e+00
-3.086475037253435527e-01
-5.527363896275820920e-01
-3.259663524651841282e-01
8.730258695214478115e-02
8.392230098683636230e-01
-6.508544290382000108e-01
-1.000000000000000000e+00
4.842964068591055771e-01
-6.579513626815299832e-01
-7.126988782399157341e-01
7.975511715042715721e-01
-7.803236574944723003e-01
4.918508195880850753e-01
6.063536798386467419e-01
-5.087122598989536337e-01
-5.312702965502684727e-01
-5.298784414176449520e-01
5.767184145056410971e-01
1.048843220859740688e+00
4.403765598421444660e-01
-8.485024590878896822e-01
1.758549291551256832e-01
-1.123699105662891329e+00
6.535863192308981606e-01
-3.952378458482739276e-01
-1.223916714366877212e+00
-1.000000000000000000e+00
9.193614719199028062e-01
-9.487096146393644291e-01
3.307738462396619394e-01
1.590592777188377660e-01
7.856450963562198186e-01
6.499147968311379531e-01
6.778498794162417518e-01
-8.707843257094519673e-01
-4.749154505148562438e-02
-2.315040102777640441e-01
-1.000000000000000000e+00
-3.586967793342683009e-01
6.455566801786325470e-01
-1.092662958761443370e+00
9.688307620659557529e-01
-1.000000000000000000e+00
-1.070710701488074568e+00
5.870754157147934915e-01
8.852451605632776221e-01
7.909909049236906187e-01
-3.304317517891638967e-01
6.470780775129453266e-01
7.704545283261141631e-01
1.000000000000000000e+00
-3.511444068697563425e-01
1.283998378356916881e+00
-9.462517376276673442e-01
-1.189760310890225936e+00
-5.599678647349942695e-02
-6.489779728884687016e-01
-7.795209847575157447e-02
-5.600832019435454390e-01
1.144999255828380802e+00
-4.365049637498692459e-01
8.369135707031181148e-01
2.648646699534231569e-02
-9.605263916309061401e-01
-3.416066223942519908e-01
1.000000000000000000e+00
3.401511829573659051e-01
1.050249042269424393e-02
4.263020226564548931e-01
-5.174019769227909959e-01
9.457317171068992945e-01
-2.036131223543185431e+00
-1.083447156128283240e-01
1.065402194075228737e+00
-9.286052904564002786e-01
-6.351351665657944956e-02
4.582953207137667184e-01
-3.217161635313819934e-01
8.092908176502514039e-02
-7.336284037124384261e-01
1.623813732463819326e+00
-7.833564128714435304e-01
1.000000000000000000e+00
-1.000000000000000000e+00
-8.942292315902811151e-02
-5.408723532673138656e-01
-7.406454017459492833e-01
1.947058630543299085e-01
-3.969299399227261271e-01
1.000000000000000000e+00
1.000000000000000000e+00
-1.000000000000000000e+00
-1.000000000000000000e+00
-1.167472716758852114e+00
1.162712550368832032e+00
6.601608099762940052e-01
-6.783322603117157845e-01
3.721936289574661605e-01
1.280655019813110029e-01
1.467297342314735076e+00
1.300668318136796175e+00
6.773364977352200889e-01
3.565056271174046332e-01
1.096136123647783567e+00
-5.016366993465419810e-01
-4.738783349877788709e-01
2.104312475222134271e-01
-6.558616487119707239e-01
7.300923350556760560e-01
5.377661332946824801e-01
8.662852629169190966e-01
-8.400483524964090787e-01
9.296595237353467711e-01
-1.291118660236636462e+00
-1.220029117292040777e-01
-1.373347978685815485e-01
-2.302925675167692976e+00
4.408158181989901836e-01
3.786459140997736061e-02
2.090379356177983206e-01
7.928537254798335709e-01
-5.057931172277718712e-02
-8.314935676289451072e-01
1.367066921663965262e+00
1.000000000000000000e+00
1.023681578682993587e+00
