-1.122827161680774594e-01
8.821231440975048077e-01
5.119698892936824786e-01
7.927958305304779740e-01
-5.534999433350729081e-02
-5.285838980072726789e-01
7.620213847773998905e-01
-8.481167471934968338e-01
-5.180826081843157294e-01
1.480971281094849712e-01
1.582369891723469646e-01
6.476662709821886521e-01
-5.384190676383582286e-02
-9.829860694256590259e-01
-2.098347764108962621e-02
8.679686251989646717e-01
6.704021085766477261e-01
2.463503162484010356e-01
-7.186726794828501852e-01
1.560913335317256623e-01
1.120726760673791678e-01
-6.728748614597512834e-02
-7.299178666477501576e-01
4.279523173066963060e-01
-2.747051160242078849e-01
2.600783018293381099e-01
4.014264717294108720e-01
-5.923379513598871215e-02
2.889966607244324748e-01
-9.660852975605449533e-01
2.915947529479060440e-01
-8.671508899385228508e-01
-8.627489204031836556e-02
8.118472157326830918e-02
2.840723146660974197e-02
-1.660951718729267168e-01
-7.178116358658878093e-01
-3.574656052769035752e-01
-4.133417822071496772e-01
8.086097328348049729e-01
-3.574631721611971624e-01
2.315435386514828608e-01
-4.914414051832801528e-02
-1.550219241764533573e-01
-1.122108737753154950e-01
-9.030297748242442912e-01
3.651332322190757318e-01
-1.000000000000000000e+00
-3.159473844940188791e-01
-5.429899142521865674e-01
-3.089980651645764589e-02
-6.562485153827274376e-02
4.019392962079914033e-01
1.251709372034847112e-01
2.841115670672547666e-01
-7.869666584868716397e-01
3.349992958800985798e-01
7.970826639109193090e-01
4.212085777613446824e-01
6.181646105028542060e-01
5.452508492491834335e-01
-6.918845960917155979e-01
-9.344726629753490332e-01
5.575534778185284868e-01
-1.747350030046378871e-02
9.858515503877008923e-01
7.536687090508768783e-02
-6.758056061617709886e-01
-6.432728740397104517e-01
-4.386541706097364379e-01
5.231055105764252922e-01
-7.508410717223993336e-01
1.062966103557349273e-01
-2.514711668377649784e-02
2.022325141497788858e-01
6.770936167324418387e-01
4.827421030525697043e-01
-3.616319050550919623e-01
-6.068395198628637743e-01
-6.306307544800865417e-02
-6.538159424271952624e-03
1.489400362948478940e-01
-9.007047241655259384e-01
3.132476519487481514e-01
8.027225448606714053e-01
1.642678052234637920e-01
-4.862519861069743432e-01
-3.279553431055390877e-01
-7.569836413310528922e-01
-6.764773916185910785e-02
-7.140894797092967039e-01
4.909365941085594431e-02
1.103253267744147142e-01
7.577318876455498842e-01
-9.327666836560710717e-01
9.435278750618867338e-01
1.678123570468676440e-01
-4.674965567338211780e-01
-1.763583282824918164e-01
-8.407610261438966948e-01
-1.000000000000000000e+00
-7.168801629624874661e-01
1.631460538274433492e-01
-4.230890198770708710e-01
8.261605529047575391e-01
-5.496119975664975899e-01
-8.051159936523778482e-01
2.630841268334661587e-01
6.789469652681549006e-01
7.797706970388465497e-02
5.543988073189659582e-02
-2.040843350297905090e-01
-3.935519922432532680e-01
4.980893448422666486e-02
-1.541517136956520317e-01
-2.600293300921538986e-01
6.463048340082927501e-01
-1.742261746889905982e-01
7.188263730445595412e-01
6.011168981686977331e-01
1.000000000000000000e+00
3.364075965729875772e-01
4.684736689668392295e-01
-9.201377402320505272e-01
4.867134080457916762e-03
8.089225735165491704e-01
-5.315210990424417137e-01
-6.927088220211602421e-01
3.128292272895913939e-01
3.120351451754443395e-01
-3.999740639593876712e-01
9.837059262817066108e-01
3.817016790047141339e-01
3.208786283160299652e-02
-5.169402262582966090e-01
9.956011160889766121e-01
3.808930661231359205e-02
-5.016205091536026783e-01
-3.864908018291347558e-01
-1.005360229729006794e-01
-1.590577546211942861e-01
-5.765766857530129075e-01
3.325971758244736232e-02
2.959026981187363181e-01
-7.974526477720758066e-01
-4.442568069949073828e-01
-5.319142197951997053e-01
-6.757828776554913874e-02
-8.561200526573566894e-01
-8.138353503433275460e-01
-5.428954818284551509e-01
2.064477472043304285e-01
-2.237923955371714513e-01
4.036071185622509550e-01
-6.777747442010574330e-01
-3.814205314224329846e-01
9.191829950214552847e-01
-3.849641681847770225e-01
9.404332590644537415e-01
-3.620733236154961010e-01
-1.527775656041183844e-02
1.524664964615602969e-01
-1.042260346634363566e-01
-2.203976390844017419e-01
6.927191545181888843e-01
7.370787058882548592e-01
-5.725081304395249759e-01
-8.979410555660910509e-01
-1.562116785816763664e-01
-4.994941492150591911e-01
-1.000000000000000000e+00
-5.682564042901386975e-02
9.539097667827174387e-01
3.586484059973880922e-02
-7.571316454877973223e-01
-2.626578949054536039e-01
-4.434690307406690124e-01
-1.058586276872171827e-01
7.588691657925643597e-01
-6.491170686306908522e-01
-3.549965793211655729e-01
-6.459210893438505074e-01
4.103784593913513690e-01
-2.506195422267355477e-01
-9.647021424818230662e-01
3.352372784233416669e-01
5.007311285058035910e-01
1.814235284623610389e-01
9.351496339479740127e-01
-3.837733947118114608e-02
1.002405577095041439e-01
8.025942506761879480e-02
8.065917359552846055e-02
8.930258264973679472e-01
1.243540959505541610e-02
1.494877729503696351e-01
-6.275022348685382889e-01
8.502562059807464503e-03
7.656659243342786025e-01
-6.659224456998313890e-01
-5.473807765395564129e-01
-8.738294029588206113e-01
-3.011995695342444268e-01
-1.000000000000000000e+00
4.556507120195180671e-01
-5.243815507577371804e-01
-2.732471158488032903e-01
7.232965930449642977e-01
6.029086364322697733e-01
-1.494495025552859957e-01
-4.039821938191389683e-01
-5.192793710771423932e-01
1.557638881533592035e-01
4.807042805596247192e-01
-8.483704877187732141e-01
-9.559547900731337755e-01
-9.190797935305531352e-01
1.700691509996662132e-01
4.142639417718921302e-01
2.332156345037591227e-01
-7.405169455677925727e-01
-6.377246133696657937e-01
-9.336516187056466132e-01
2.953393797448109481e-01
5.534459655940656697e-01
2.971410833724915657e-01
-4.186778899689340139e-01
4.473505885628686340e-01
-5.174716550519065095e-01
5.224330550787332772e-01
5.431269374495557578e-01
8.530739258025743510e-01
6.527759548377235488e-01
6.622943706290522758e-01
9.071348308242854763e-01
-1.000000000000000000e+00
1.915676824641805165e-01
8.874863594847552939e-01
-2.921553443706329523e-01
-8.680535029940002201e-02
-8.367956719111656616e-01
-9.384499206912472191e-02
-4.964355396745822047e-01
4.645326855959151791e-02
-1.400903230157936330e-02
8.699279872548032477e-02
-1.116330425954627503e-01
8.328577269555087481e-01
1.145310374257225428e-01
8.303477565372174851e-01
3.309910591669388280e-01
1.715025922072734854e-01
-4.892481408622433858e-01
5.462172293942678669e-01
3.539357535302899843e-02
-6.540000253555415810e-01
9.356401913593832553e-01
9.633115639711749001e-01
5.430363614371772618e-01
6.817276044381410660e-01
-2.455439773682721594e-01
-7.391676752588056676e-01
8.017628655438832075e-01
5.161830699100440345e-01
4.665511948320849034e-01
