3.932438923669022701e-01
2.959913073257193772e-01
4.786880287574405562e-02
5.002497247568917782e-01
-6.400535447528710176e-01
2.690362933574452775e-01
6.766427477104934862e-01
-8.166004660562833362e-01
3.633049700093218259e-01
-3.862639596895259819e-01
-2.201405687694599489e-01
-3.821541178161521057e-01
-7.033174792231992045e-01
5.927587933091572614e-01
-4.235758488182850279e-01
5.257120852520266174e-01
-2.426493344731769364e-01
-2.097920575110064079e-01
-2.714926943717813068e-01
-1.125466886027077784e-01
1.000000000000000000e+00
-1.000000000000000000e+00
-4.585285971518517911e-01
-9.819009217369049913e-02
3.058292350738940346e-01
3.790928041192340725e-01
-5.666612421619302564e-01
1.478020460463290442e-01
-2.900159919180675949e-01
2.563275980424439271e-01
-9.841422951900213878e-01
-9.851291398936573573e-01
8.662279175706949497e-01
-4.141794028747328715e-01
2.170240596073491346e-01
5.732829157646728291e-01
-5.327735960074579946e-01
6.279216630184318859e-01
8.353098493545307868e-01
-4.478644603581347083e-01
-9.232612987066199928e-01
6.009801526737932331e-01
7.488310087654147518e-01
-6.680868156262382840e-01
5.077509003771489837e-01
-6.860397525012963404e-01
-5.450687852370462716e-01
-3.567107263387416793e-01
-5.836688654423228401e-02
4.748950070865725660e-03
2.224204561106828404e-01
-9.084398708813826162e-02
-9.791832889291935960e-01
-4.171357774948716846e-01
7.798734372180019525e-01
-9.945734963011036989e-01
5.390105147909618477e-01
-1.858127457748038891e-01
-3.360575396077392085e-01
-4.378055372609899187e-01
6.392513676969140413e-01
-1.094877836865996018e-01
4.408004258334852210e-01
-2.010670805037070297e-01
4.893993608532027362e-01
5.008337652302912169e-01
-9.877517976260348498e-02
-7.915987078175010794e-01
-2.223584689535290371e-01
7.088257209248693957e-01
-7.990362849296355208e-01
1.000000000000000000e+00
5.784944191460614782e-01
-3.842309885207086939e-01
-2.076586911216268816e-01
-1.282002308126247991e-01
-9.042454732019843400e-01
8.996681965706453399e-01
5.134005397927640102e-01
-1.000000000000000000e+00
4.487647475042529921e-01
-3.122195874229364843e-01
-2.348301635990342195e-02
-3.623923698488871747e-01
4.123134440127519673e-02
8.685944719911170564e-01
-1.707468004742637435e-01
4.494185914809478710e-01
-2.030713503734257047e-02
5.959232148968147680e-01
-3.402329664394650871e-02
-5.359709393488459872e-01
-8.528291424333658832e-03
9.724500490358780613e-01
1.000000000000000000e+00
6.894240354949732197e-01
-8.898435686470007600e-01
-9.428898974317792003e-01
-3.064394578676719605e-01
-7.105796105804190743e-02
5.700566458427802630e-01
5.575286566903381313e-01
6.134732103005028359e-01
-1.000000000000000000e+00
6.014035724392620130e-01
1.044171693607553325e-01
-7.236513539240778670e-01
-3.631141131417571777e-01
-4.678234807783178684e-01
-9.487227706707290764e-01
5.526797758331399857e-01
-1.000000000000000000e+00
-1.118329259724585023e-01
7.523323320341639142e-02
8.464898076460358745e-01
8.661590622170059484e-02
1.000000000000000000e+00
4.469106074580015409e-01
-1.000000000000000000e+00
-1.000000000000000000e+00
-2.388350675266898426e-01
-2.641111753646087704e-02
-3.650617535606454078e-01
-1.000000000000000000e+00
-9.927869487135422277e-01
-2.789234573608385115e-01
5.618709383226108689e-02
1.875285353899281970e-01
-1.103088328060976286e-01
9.272207853687073342e-01
1.584223011817054716e-01
2.695687620404226825e-01
-1.127558620591170013e-01
4.266969605469960736e-01
-1.310044700077662438e-01
-1.000000000000000000e+00
-1.036015011367829447e-01
-1.639342343515989286e-01
-4.520651713573398678e-01
9.356364951127632557e-02
-8.163081033291914590e-01
8.403962106817056688e-01
-4.062649748621748880e-01
-4.774246593871407929e-01
5.271208191805499821e-01
3.353011499729282446e-02
4.748250393392842716e-01
1.000000000000000000e+00
-6.572160572658056754e-01
-3.349768116053807310e-01
-4.435391116469042383e-01
9.248968964435766438e-01
6.030594732157485982e-01
3.529659432779583533e-03
1.000000000000000000e+00
9.830843768561994267e-01
8.827627029788558399e-01
2.922790481884011971e-02
3.446139664611791997e-01
1.156974764652519555e-01
-9.793265884368634877e-01
6.176161176627124050e-01
-1.000000000000000000e+00
4.560454907241368039e-01
3.013746769502103073e-01
-4.058015857595281828e-02
6.936235243621485802e-01
5.334885961383207809e-01
3.395077415712232649e-01
6.379021656037938692e-01
-4.834895516139441352e-01
4.455444575681894448e-01
-5.923324829428254779e-01
6.870876514500701138e-01
-4.625912279632592994e-01
-3.682016891361591382e-01
-6.940841783910249863e-01
-7.073135070999733154e-01
-1.982969276118695667e-02
-9.934883717486840959e-01
6.852344462552445448e-02
-3.189948593111013309e-01
-5.378389482534112753e-01
-9.204595579501752278e-02
3.580690741996736537e-01
-2.692254331100211728e-01
-8.628620841469444303e-01
-3.430145845404768412e-01
-6.613894256731095433e-01
-1.000000000000000000e+00
6.542505187680972001e-02
5.492089699901544497e-01
-3.491928264008822835e-01
1.353072350721545303e-01
9.023755539217415134e-01
-7.190968746684667234e-01
4.876612733585111714e-01
2.245341952799453228e-02
-1.000000000000000000e+00
9.220072542696865492e-01
4.822735750155733303e-01
6.570580533035840221e-01
-4.031044103098079256e-01
5.936452593988613691e-01
7.514847898351647570e-01
-5.260815561269249763e-01
-4.627208266600254388e-02
3.781358795979065657e-01
-2.297470638916956354e-01
-1.958789308193516210e-01
-7.807077589854097832e-01
2.366360501794425586e-01
-8.629034009002567451e-01
3.320795626647758958e-01
-7.039928185283369499e-01
4.003825119528026666e-01
-9.914939660006356625e-01
-2.665329839953267665e-01
6.131025389542257287e-01
9.576948054510996400e-01
-5.346020137804923245e-01
4.657855816922594205e-01
2.911574839941165060e-01
3.987462982992486804e-01
-2.323204193039586085e-01
1.000000000000000000e+00
3.972264095462405553e-01
-9.357341198032396168e-01
4.888544782510587661e-01
8.954809876035646488e-01
-1.384864777834656779e-01
1.504196950419656731e-01
-3.377971868804365008e-02
-5.471956367758921969e-02
2.685069155824671913e-02
-2.264197745665830486e-01
6.729246746847822314e-01
8.172084177349289158e-01
5.704535390458433941e-01
8.481195459767248979e-01
9.680595318095920332e-01
1.443693489937691032e-01
1.339525684432307517e-01
9.748822845019700090e-01
1.573501446770646239e-01
-7.312068190513619781e-01
1.834744847705490484e-02
-1.466997969849800076e-01
8.612852989816836002e-01
-3.577980557917199711e-01
-5.766260829723165310e-02
-8.967795787624593951e-01
1.629304567671268633e-01
1.788559618689454511e-01
4.866946679046273844e-02
-2.223584141110225842e-01
-3.921398526757589043e-01
-5.458477952118576670e-01
-5.394772353754609950e-01
9.045616866734615957e-01
-1.765219622190874749e-01
-3.503415701101568747e-01
2.761120650102405483e-01
5.653172736619086480e-01
-9.220559002358200140e-02
