-3.322209110747226801e-01
8.622951455144310939e-01
-3.753500054721325974e-01
8.758032061784206679e-01
1.525907552929206545e-01
5.894116352578077089e-01
-6.528753512176748153e-01
8.822102832165434894e-01
4.944608854718832713e-01
-1.000000000000000000e+00
5.413819123173436720e-01
-2.717881361429139719e-01
5.265678768357358042e-01
-1.000000000000000000e+00
1.283413425004724662e-01
6.556308489630602310e-01
9.837150441095826592e-01
-4.980071666221507765e-01
-7.879939733461120976e-01
-1.000000000000000000e+00
-8.628070353472169218e-01
7.118708718733957053e-01
-5.470190054782513300e-01
3.847175461621870074e-01
-6.467304234684545516e-01
-4.124223284771545428e-01
8.769077236780283835e-01
-7.875560692147476338e-01
-2.174472031394249494e-01
-4.809059707769441361e-01
2.634888946604461157e-01
3.758728260425648893e-01
-1.000000000000000000e+00
2.358445587400706533e-01
-4.883131359383931502e-01
-1.000000000000000000e+00
-7.807840948714461771e-01
9.706122512999622032e-01
-2.129976740173163963e-01
4.384741766834617804e-01
-7.877804248870482473e-01
-2.996374222389974751e-01
7.019165114704186692e-01
1.000000000000000000e+00
-1.663876044921434316e-01
9.601038829790112805e-01
-3.788895625574194570e-01
-8.741253357710471183e-01
-1.000000000000000000e+00
7.612981173671701240e-02
1.253848754568989698e-02
-2.323206657781940188e-01
-8.526301491485273332e-02
-2.137979805901719654e-01
1.555276304656574848e-01
-2.535911682435204595e-01
6.770573452352461885e-01
-4.849253478307808396e-01
-1.000000000000000000e+00
-1.251037841120433147e-01
1.000000000000000000e+00
8.630491087417668794e-01
-7.670568369291757005e-01
-1.000000000000000000e+00
-8.098573278403612408e-01
-5.153332933867952326e-01
6.761276393081228075e-01
3.969722300459466169e-01
-4.907929049310614245e-01
9.227120489725659791e-01
1.250306478519848108e-01
-1.000000000000000000e+00
8.700140022480112867e-02
-9.600509705233570834e-01
1.000000000000000000e+00
3.260270072257916429e-01
4.700360393045612817e-01
9.226331870666734103e-01
-1.154028702638373177e-01
-6.612279601294486220e-01
-4.661464811014262577e-01
1.000000000000000000e+00
-8.879289710029292237e-01
5.951460990891379588e-01
4.110920330345095852e-01
-5.105955747721248050e-01
-1.000000000000000000e+00
-4.539959251797780482e-01
-9.692719570611267876e-01
2.262064125507425860e-01
9.339211414422018409e-01
4.478396213608730192e-01
1.172252612757829354e-01
1.000000000000000000e+00
-5.134318199982035313e-01
-4.716410111642375114e-01
8.941491676504683683e-01
1.000000000000000000e+00
-1.532742582064441361e-01
1.056037182627986015e-01
2.894983695043641947e-01
-6.926465829136670971e-01
-8.663672043852467253e-01
-9.819250615417812744e-02
-8.122140149295987710e-01
3.695951717406622539e-01
-9.620248406901968918e-01
-2.460074131245210127e-01
1.000000000000000000e+00
-8.376539326444619737e-01
-3.206112665003201800e-01
1.000000000000000000e+00
-1.000000000000000000e+00
-2.658981906797355799e-02
-1.331102576440790219e-01
1.000000000000000000e+00
6.305044703214728319e-01
5.634803562618331263e-01
-1.622703042738091184e-01
-6.976061472597171464e-01
9.084700708925954604e-01
6.155273135530991979e-03
9.621300208727925352e-01
6.564265478997187708e-01
4.949600487619022493e-01
7.816493897447673866e-01
-8.077411395056175447e-01
-4.886949624084294674e-01
8.317377890725975442e-01
-1.844158091141814282e-01
8.361562922778406071e-01
1.000000000000000000e+00
1.000000000000000000e+00
-6.103563668019817978e-01
-6.098329603706680313e-01
-8.394680018850662062e-01
-7.779963899043018660e-02
3.362338271913417609e-01
7.612775667304177984e-02
2.846883281375101604e-01
-7.219035183000197531e-01
-6.817753723241140040e-01
4.334420532438153506e-01
7.284768219184714066e-01
7.200530704472685173e-01
-6.557200065542678757e-02
-8.984290647765357241e-01
-6.518659873203774824e-01
6.861099515127755399e-01
2.082501486409029379e-01
1.207675117677806664e-01
8.154376583809130885e-01
9.111097365437215156e-01
-7.427239985128489819e-01
1.436447387211934879e-01
-1.000000000000000000e+00
-4.054997215631334084e-01
-8.669542815185636853e-01
-2.894863942490737418e-01
-6.187361019882408053e-01
-9.043175367941197473e-01
-3.451362824945335972e-01
8.620664026485770348e-01
1.000000000000000000e+00
-1.000000000000000000e+00
-1.000000000000000000e+00
1.486844085762381029e-01
-7.908322907092873999e-01
-3.572984669733285656e-01
8.692114332147208300e-01
-1.794393454850684577e-01
-1.253725901249657937e-01
3.371325106291069851e-01
-1.000000000000000000e+00
3.797761550868094388e-02
-5.285603548778111671e-01
-2.172004851219103694e-01
3.261847573653629540e-01
3.604491789905452936e-01
1.000000000000000000e+00
1.000000000000000000e+00
-5.779961711336515373e-01
-3.037976404925919471e-01
6.641708796721319530e-01
-1.660904141255974964e-01
-2.825833451739351299e-01
5.566012427501321191e-03
-3.596806456361441029e-01
-8.616897776208575221e-01
9.200729586723261910e-01
-1.000000000000000000e+00
2.499346801197251389e-01
7.568453237202862338e-01
-4.513627841726224887e-01
-6.077521368465583773e-01
-2.434191894079770074e-02
-7.398151112703120758e-01
-4.684331411700411452e-01
1.304109061035297334e-01
-1.000000000000000000e+00
1.486351815907520635e-01
-6.401125881223316272e-01
1.644020356134731631e-01
4.602145802257839313e-01
-8.514755294820222087e-01
3.262497174706523451e-01
3.991413709649329067e-01
1.000000000000000000e+00
-1.000000000000000000e+00
4.194404887951969085e-02
-1.000000000000000000e+00
9.341983563050476613e-01
4.284845125462973248e-01
1.000000000000000000e+00
3.035467482129211580e-01
-1.000000000000000000e+00
-6.563986384590727585e-01
3.344114033775981154e-01
4.476248392952796862e-01
7.786182636008144309e-01
-6.285145674313041830e-03
-1.648890671352980508e-01
-7.566896212838079006e-01
5.867731085027128035e-02
-3.924811714271072560e-01
-5.816402885971576620e-01
4.681757286588568712e-01
1.000000000000000000e+00
4.905714595812953882e-01
5.837442127171008632e-01
-8.345126254013859324e-01
-7.952781427957873461e-01
1.902114098630619532e-01
-2.392145077644002304e-01
-7.887779990229870641e-01
-4.634272607879433292e-02
-1.000000000000000000e+00
4.572968175444309669e-01
-1.000000000000000000e+00
-4.976445561844686227e-01
4.488985914697413704e-01
-5.541231765089311700e-01
-1.000000000000000000e+00
6.639892536796877520e-01
1.920701011013126458e-01
-3.444083463089511743e-01
-9.996413735490444763e-01
7.655773793845477293e-02
-1.696153979792090483e-01
2.029070508595018085e-01
-7.679583051171943175e-01
-1.000000000000000000e+00
2.373775695839959177e-01
7.324090046973846801e-01
3.021674092519004429e-01
1.000000000000000000e+00
-5.552269579702587832e-01
-7.306886453449012997e-01
-1.000000000000000000e+00
-8.136856350030066132e-01
6.219791853880575205e-01
1.000000000000000000e+00
-7.512392366326081650e-02
1.000000000000000000e+00
4.827655347140723530e-01
