5.156036875341905024e-01
4.092979772565455421e-01
-2.319128912070022586e-01
-9.288138887603678562e-01
-1.366729314042142152e-01
7.186051681612681818e-02
-3.588657515542276188e-01
1.000000000000000000e+00
1.000000000000000000e+00
1.000000000000000000e+00
4.281293891371124039e-02
9.270356051123622709e-01
-1.000000000000000000e+00
1.000000000000000000e+00
8.873940979220557024e-01
-9.749116502846768562e-01
1.000000000000000000e+00
1.042516868769696181e-01
-6.382415485422707757e-01
8.490771887486108227e-01
-5.732454447088397576e-01
6.550580612206712283e-01
3.811383098697697092e-01
-6.069796088587331440e-02
-8.221570055639775276e-01
-1.833040035848476634e-02
-1.530031468588146371e-01
6.464941086106212875e-01
-1.000000000000000000e+00
-7.427082979040326993e-01
-9.650852535863767290e-02
-3.175848738638250568e-01
-1.000000000000000000e+00
-5.134140996756058062e-01
8.260556842314308312e-01
1.000000000000000000e+00
4.401845973504101006e-01
-5.049185697499973813e-01
-4.327057300818624164e-01
1.000000000000000000e+00
-1.000000000000000000e+00
-7.171219331460830793e-01
-7.319264379992019842e-01
2.176179492156183892e-01
1.000000000000000000e+00
6.446071157132675644e-01
3.389207621256479230e-01
-9.766045277113215572e-01
-2.645229661713044411e-03
1.000000000000000000e+00
-1.565582088783223913e-01
5.639348024724355479e-01
4.042885327899986558e-01
6.051076945591669920e-02
-6.949719551393496175e-02
1.183075913015287917e-01
1.448082831020994776e-01
3.140497201754132162e-01
-4.274444223825666911e-01
-4.841814502078666260e-01
1.000000000000000000e+00
8.304548421247753831e-01
-2.743906480532958825e-01
-1.000000000000000000e+00
9.212903973078121478e-01
2.175869881299367092e-01
-5.101609764297850846e-01
-7.618498795505919130e-01
-6.752126161494963474e-01
8.509243085724296218e-01
1.000000000000000000e+00
4.121299448661908116e-02
-4.613415489539906544e-01
1.000000000000000000e+00
2.580193893240440017e-02
-6.949719551393496175e-02
1.633326347815222679e-01
6.407853239641925214e-01
1.000000000000000000e+00
6.890973875677466332e-01
1.541802702138753700e-01
-1.031435535487266186e-01
-3.058402423538782444e-01
4.369158243440964817e-01
1.949855298950365079e-01
-8.666205701932236938e-01
-6.949719551393496175e-02
-5.603436200703824088e-01
1.000000000000000000e+00
-3.119426371514608665e-01
-7.015207121143979263e-02
6.949719551393496175e-02
8.836180549055224764e-01
2.692884704078309932e-01
-8.791070115117425310e-01
1.044963048517937310e-01
4.769956136832692595e-01
2.472677179511409418e-01
5.212363376218029920e-01
-3.405099484441954094e-01
-6.618462690739810306e-01
-9.530364176165248558e-02
-1.809857908084764044e-01
-5.228909870659506076e-01
1.407633511236583423e-01
8.951342859823466780e-01
-4.382790764038674292e-01
9.536248424617848052e-01
1.000000000000000000e+00
-2.783650372744140289e-01
-4.105170988429492351e-01
-9.039988759511405902e-01
8.943239181580500130e-01
1.000000000000000000e+00
1.440276966497450184e-01
-4.884124715886111745e-01
-2.386664601051660117e-01
-1.000000000000000000e+00
-5.888737552916545326e-01
8.591264922419700190e-01
6.084093314497874827e-01
-1.000000000000000000e+00
-4.353561584237058968e-01
4.116486826377916408e-01
6.294959057744651254e-01
4.355416420052546922e-01
2.017277712792467925e-01
-5.252419243354212730e-01
-5.188211131307240986e-01
7.496432328569696546e-01
2.921816047952754403e-01
-1.509644319327909101e-01
3.926994406006183991e-01
-7.839955778180006662e-01
-6.640771896091498538e-01
9.971124943864270174e-01
-9.482687630976078808e-01
2.977772360251437211e-01
-5.433044208956365750e-01
-3.443634179567407472e-01
-1.328446827549645270e-01
7.680887909640257138e-01
7.653074714882731611e-01
-2.311280358146449165e-01
8.869235515703274286e-01
-4.585039287229285554e-01
7.801041857132064994e-01
1.339654018404322633e-01
2.267576015923863653e-01
-3.433854211261204714e-01
-5.859576721076251715e-01
1.000000000000000000e+00
-9.197934940196945686e-01
-1.000000000000000000e+00
9.173755660736959694e-01
-1.642428377265555683e-01
5.580201244731439747e-01
1.000000000000000000e+00
-6.949719551393496175e-02
2.587446016406785843e-01
-2.721514024353921535e-01
-4.467970962675240076e-01
6.417366054959425803e-01
-1.000000000000000000e+00
-8.155157147339100465e-01
-6.949719551393496175e-02
6.197876098287379287e-01
-4.572135647709670847e-01
-1.000000000000000000e+00
-9.957127366713511840e-01
1.702616141451918641e-01
-6.325925954127862294e-01
-1.000000000000000000e+00
7.399895986604971831e-01
3.820292978833677577e-01
7.928871084763433608e-01
2.370027484481850022e-01
-1.578810977256056569e-01
1.293558148913359629e-01
3.173841112172532397e-01
5.107540776272189165e-01
-7.568095687666439586e-01
1.307788257448612157e-01
2.581687985469319768e-01
-1.000000000000000000e+00
-1.000000000000000000e+00
-1.372913017774565203e-01
4.670773007990609571e-01
8.738398447109929634e-02
-3.299339653409172346e-01
2.598816184193774026e-01
-4.017126327029087451e-01
-1.827876682802551389e-01
-7.538540175379870867e-02
-4.143842178052761227e-01
-1.000000000000000000e+00
-8.158365280846270329e-01
9.918248461147608497e-01
5.060066347501490647e-01
8.553561665186110163e-02
1.000000000000000000e+00
-5.446331166464890572e-01
-2.625138510998997754e-02
-1.000000000000000000e+00
-1.000000000000000000e+00
-2.648958817012316835e-01
-4.650942474616580613e-01
-1.000000000000000000e+00
5.767810138581697110e-01
-9.352403260108741456e-01
1.509879010433545221e-01
3.050316016920225359e-01
8.471917834887314758e-01
1.000000000000000000e+00
6.231381770138437748e-01
-1.000000000000000000e+00
1.000000000000000000e+00
-2.696097038503592058e-01
8.380324408866663966e-01
1.000000000000000000e+00
5.634821373246328147e-01
4.628907433816029648e-01
-2.098538020944540894e-01
9.357989679696443464e-02
-7.261434943375238982e-01
-6.752126161494963474e-01
-7.615466218731510306e-01
2.778704612409356733e-01
5.179454373390257604e-02
5.313306168280345076e-01
-5.553436264158857494e-01
-6.748240895129047345e-01
-1.500717772315462162e-01
4.899013289452138764e-01
-1.512048605532010370e-01
-2.894815985929163338e-01
-8.858711270169639107e-02
4.108888685375509109e-01
-2.087299422375022973e-01
8.941353255036155190e-01
-9.827184604062128015e-01
1.000000000000000000e+00
-5.525070099202301632e-01
-6.078336804401825999e-01
-2.990524159666163584e-04
-7.402100717599648938e-01
-8.493635296216952568e-01
5.731590170418249253e-01
-1.000000000000000000e+00
6.752126161494963474e-01
3.270366707378612459e-01
-8.446445906549100435e-01
7.615427370020382281e-01
-1.000000000000000000e+00
5.232793288591068848e-01
-1.000000000000000000e+00
-8.214754778703755589e-01
-3.518687959967415346e-01
8.906501194159767154e-01
-2.026950682838103146e-01
-1.000000000000000000e+00
6.949719551393496175e-02
-1.000000000000000000e+00
-3.252193057547970167e-01
2.943153176883049893e-01
