-7.229989082295867897e-01
-3.095201659689340024e-01
3.448256979991582982e-01
4.878056055253169321e-01
5.174769770415209580e-01
-5.319672351370734464e-01
-8.863673467279933882e-02
6.339010532816838905e-01
2.918346683161961164e-02
-1.000000000000000000e+00
8.470847097669086390e-01
-7.588383061396932749e-01
4.243204302710756881e-01
-6.881116840152730341e-02
3.319687014064656022e-02
-1.932019984250147315e-01
-6.846666018452862712e-01
9.246428149597105683e-01
-5.317985405060454696e-01
1.417393448460729441e-02
-4.747262454506430418e-02
3.249848271719106285e-01
8.910478097336648196e-01
-6.441137745095508738e-01
3.469586174864363048e-01
6.470977301843958696e-01
-2.769982325516190391e-02
-5.914088942495974166e-01
8.980412776017340226e-01
9.235863109752592837e-02
-1.049800350471774002e-01
9.281098924764008551e-02
4.926813221312399405e-01
-9.403597914507282329e-01
6.513868168618951460e-01
-4.865366903738588614e-03
-3.050219093077110588e-01
-1.000000000000000000e+00
-8.195428163918119235e-01
-3.823938809037553122e-01
-4.713057757130785230e-01
-4.188721298731458154e-01
-1.000000000000000000e+00
-9.343046104027934451e-01
3.569664535009648421e-01
3.608810561197722810e-01
-9.845828733446996273e-01
-1.205736056229114728e-01
3.604127847583002975e-01
-9.661045631644691323e-01
-3.464366385482378075e-01
-5.033424914896652558e-01
4.219896562132212092e-01
-2.941696000195340166e-01
6.843130187283197330e-01
4.808458261140379775e-01
-6.580024677397305899e-01
-1.618044044748856991e-01
-1.000000000000000000e+00
-7.582709201358491490e-03
-2.372774096061032734e-01
7.492539999018106300e-01
7.945937605589322716e-01
3.379875341505262920e-01
-6.438796907889361432e-01
-7.467166244633496319e-01
7.947456518043913842e-01
2.683202323155063351e-01
2.438627599284951264e-01
-2.217451268986234403e-01
6.513978976510016450e-01
-9.622952854601485306e-01
6.004004280125502246e-01
-6.427188113683364179e-01
-6.505055114551616668e-02
4.541018749085299899e-01
-4.594891417805236355e-01
-7.192220186126483394e-01
-4.697963103481823666e-01
3.584114160714070296e-01
-4.493795920774068531e-01
-2.833960517272681723e-01
2.094660899834739354e-01
-4.444905880644924312e-01
1.826514114393941179e-01
-8.756874776689455020e-02
6.631397667503863280e-01
6.178328283071180538e-01
7.218045448158270094e-01
1.067245339021394845e-01
1.000000000000000000e+00
-5.918118775823567601e-01
-6.542201203538374754e-01
-5.402132893123304247e-02
1.124874230614737319e-01
3.355511263333129657e-01
-5.893969641707268170e-02
-6.621124435807254072e-01
6.505431161558958286e-02
7.751332427143409198e-01
-1.795122043130710499e-01
-1.750164996385677463e-01
-1.000000000000000000e+00
-1.000000000000000000e+00
9.736569965906000101e-01
-1.301086216112840310e-01
2.991118418763273334e-01
-1.000000000000000000e+00
-6.771514880003759451e-01
-1.141405087479002572e-01
1.738900434593366739e-01
-8.197274874363761343e-01
1.826897534850348837e-01
-6.582949864914908744e-01
5.183040903248410380e-01
6.009568969339057487e-01
1.634470722019649158e-01
-8.658469803462558456e-01
3.515489196903524571e-01
2.963342038102339537e-01
8.788513614351409764e-01
-1.000000000000000000e+00
-9.646077760598358308e-01
-9.390088803223308744e-01
2.381632499481592391e-01
-3.149247274885449976e-01
-1.219544092459061424e-01
4.060190138190251097e-01
-4.131038911594224206e-01
1.000000000000000000e+00
-3.341208289237023593e-02
1.000000000000000000e+00
1.430296420582251593e-01
2.136798422318144375e-01
1.000000000000000000e+00
-6.670111400867669016e-02
1.000000000000000000e+00
-6.365535523839158660e-01
5.066483190152788474e-01
-1.097496749557483470e-01
-1.152633078716233939e-01
-3.830438331559882226e-01
-5.440698927543872188e-01
-2.330575527633920938e-02
-7.137003025686012858e-01
-1.508794104374562017e-01
-2.998461017574695076e-01
1.992644814351833549e-01
-2.457053720115073836e-02
-1.133091627554296682e-01
1.710647113845038259e-01
4.253491503709900257e-01
3.636385179625966635e-01
-5.599895639929030056e-01
-4.175320604810777714e-01
-5.887800020102774701e-01
1.000000000000000000e+00
-1.000000000000000000e+00
-7.421810304742229025e-01
2.758294992678627100e-01
2.795205014457919357e-01
1.000000000000000000e+00
-8.438860341484997196e-01
1.005915397138754386e-01
-7.048620586733354010e-01
-1.000000000000000000e+00
1.000000000000000000e+00
-1.111741382568814801e-01
8.952176942667127157e-01
-1.000000000000000000e+00
8.849637609773478575e-01
2.247534221500963394e-02
-2.285492612366043230e-01
1.243335937284339165e-01
-6.687861470687312959e-01
1.731188264632001761e-01
3.483999690176904918e-01
-4.749036711266342303e-01
4.754525535644714140e-01
7.938310888421137301e-01
2.101299751402410931e-01
1.336916174224186127e-01
-6.776158660631206310e-01
2.296599318164660453e-01
2.489022204998447285e-01
-4.427274499463468849e-01
5.214439781634992027e-02
3.750794672460290302e-01
1.894635927795950206e-02
-4.583172736764458133e-01
-1.351910017024224586e-01
-7.754829411389055349e-02
-2.140272076188540207e-01
1.293998636492922905e-01
1.238270109782634437e-01
6.771897440010549163e-01
6.517740860472612807e-01
2.368471036441908706e-01
1.775368469334820676e-01
-3.602195575781198533e-01
1.146420839804596220e-01
3.552065309428749651e-01
1.142681156873507353e-01
-4.798284358157457463e-01
8.787114164399660865e-01
-9.107122679554294775e-01
-1.000000000000000000e+00
-4.216723095731619297e-01
-4.942810368536559307e-01
-2.895072544274551740e-01
7.390418916405874783e-02
3.109146607739770585e-01
1.000000000000000000e+00
-2.083630877000588744e-01
-8.768291670583703290e-01
-3.204791819235432437e-01
-7.758443736384632583e-01
-1.000000000000000000e+00
2.690478722879970919e-01
-1.353104320317755072e-01
-8.468277013833559463e-01
9.536377779127357401e-01
-6.295676602498561092e-01
6.155317806582292217e-01
7.800255026975800865e-01
1.382901894017251609e-01
6.683307452820463901e-01
-3.020851746775791158e-01
1.000000000000000000e+00
-9.662246409257458923e-01
1.231550571592862492e-01
-6.371577975244340220e-01
-5.299224445643164749e-01
-1.591293510196393202e-01
1.207770198769315406e-01
-1.728432515886526299e-01
-2.013476214626019056e-01
8.197857925147834512e-01
-1.457283355900989841e-01
-4.567309524335921300e-01
2.519955170803762079e-01
-3.326079976372814384e-01
-9.437301320380107050e-01
-4.485404029809148541e-01
7.084716711146475665e-02
5.409839616922227368e-01
6.754651350711601276e-01
1.000000000000000000e+00
-2.168762093055845441e-01
4.481763347767505623e-01
3.339667026697594743e-01
3.298666420346205719e-01
-1.093069376662102188e-02
4.779589068674835461e-01
1.344678847857136150e-01
-5.963467533178694602e-01
-1.479802812530592870e-01
-4.873915434951940351e-01
7.334301915656799009e-01
-4.955682755475875334e-01
7.779772275405755222e-01
2.063469868264006246e-01
-4.385724206235790124e-02
-6.746908996868353769e-01
7.456698542434374577e-01
