-4.911158204067714861e-01
-1.000000000000000000e+00
8.474596586178719804e-01
-7.958161135622854321e-01
-8.714469838569121052e-01
-3.120039755237480339e-02
-4.792173067601263603e-01
6.282196331420615287e-01
1.182469428722757732e-01
5.460356251933728977e-01
-3.838141902327531496e-01
-6.693003142035487407e-01
7.601740620102954704e-01
-6.001137869946918668e-01
1.000000000000000000e+00
-2.389733253508355970e-01
9.208484315012144261e-01
6.537797262082223337e-01
-8.360874971913085929e-01
1.473720984683378477e-02
-1.000000000000000000e+00
-6.354537285763419696e-01
-2.544022638705271677e-01
-9.473920444654924111e-01
9.187785768414687970e-01
1.000000000000000000e+00
-9.206164633765850924e-01
-9.996487757048444500e-01
-3.425952860849904025e-01
7.224196091550438847e-01
-1.000000000000000000e+00
7.573364237876154537e-01
-1.000000000000000000e+00
3.091174663102852493e-01
9.658813772223202587e-01
-7.200998617298906002e-01
-1.000000000000000000e+00
-8.457701350105307769e-01
-6.606151954794130532e-01
-7.667345591909765501e-01
1.000000000000000000e+00
1.000000000000000000e+00
-1.000000000000000000e+00
-2.712817484919844979e-01
-2.237712997933295200e-01
-9.492883306325595738e-01
-5.956129816281505729e-01
-2.523681817870654376e-01
-7.978846600651327003e-01
-1.063467808110462043e-01
8.632622286644670018e-01
4.012500255488239409e-01
1.000000000000000000e+00
4.143874699925970129e-01
6.153793739617432479e-01
1.000000000000000000e+00
9.299539811306523074e-01
1.000000000000000000e+00
1.000000000000000000e+00
9.154288184667860317e-01
-1.096895170237724426e-02
1.000000000000000000e+00
1.000000000000000000e+00
-1.975288862975337345e-01
-1.000000000000000000e+00
1.000000000000000000e+00
-9.022155135925120639e-01
1.000000000000000000e+00
-3.783201266180757361e-01
7.540834247067088603e-01
-9.303980090404392334e-01
1.000000000000000000e+00
3.533067139927795752e-01
-6.537911067554385003e-01
-8.828249710924920279e-01
3.334708895702062637e-02
6.099876461461406496e-01
3.463772040492220372e-02
-2.860247835111872083e-01
-8.072361036803569201e-01
9.564370421899882624e-01
7.847256779419120587e-01
-3.263781635795671709e-01
-9.408917370283509385e-01
-3.783166695571107963e-01
1.000000000000000000e+00
-7.737199565269647916e-01
7.864094385176142454e-01
-1.000000000000000000e+00
9.024909885938475762e-01
-7.114914551882856042e-01
1.000000000000000000e+00
-4.446877405684982465e-01
-1.000000000000000000e+00
-1.000000000000000000e+00
-5.647295841347518275e-01
-1.000000000000000000e+00
4.498138378002706772e-01
8.329792512480266309e-01
-1.000000000000000000e+00
2.311635558630977805e-01
-1.000000000000000000e+00
1.000000000000000000e+00
9.768761237025356259e-01
-1.000000000000000000e+00
-9.666392527248875988e-01
-6.943285324216731391e-01
-1.000000000000000000e+00
8.363462493937496856e-01
1.000000000000000000e+00
7.705802788770781397e-01
-1.000000000000000000e+00
-8.300120547058036369e-01
8.261651656974879909e-01
-7.461127273339400734e-01
1.000000000000000000e+00
1.000000000000000000e+00
2.886782028803570599e-01
-9.198510229491472234e-01
1.000000000000000000e+00
-8.307652559902151124e-01
1.345724657462095408e-01
2.530691528052786410e-01
1.000000000000000000e+00
-4.984245592346233655e-01
-4.819340847421152429e-01
8.000664686657886771e-01
9.926647118137081893e-01
2.291642174375647101e-01
-9.071455834360525605e-01
-4.809199273410335596e-01
-8.311715145379189318e-01
-5.251462424122711470e-01
1.000000000000000000e+00
1.000000000000000000e+00
1.000000000000000000e+00
6.650535062941166364e-01
8.169784468906995389e-01
6.314732920010450723e-01
8.735388299486646080e-01
1.000000000000000000e+00
5.147048699212959377e-01
4.406570495314802993e-02
-4.812782928930439130e-01
7.352548551229520779e-01
1.000000000000000000e+00
1.611693300666274808e-01
4.500638406483750131e-01
-1.000000000000000000e+00
1.689237867827102779e-01
-7.801901681108269759e-01
9.823432412071277930e-01
9.242769156148900045e-01
4.018543189599479426e-01
-5.604866745847557619e-01
-1.000000000000000000e+00
-1.808219162119713008e-01
-7.006790269265601445e-01
1.000000000000000000e+00
6.742167170371540230e-01
-8.018930058613391587e-01
1.169645836143738404e-01
-5.484996546771513382e-01
9.295722118799746303e-01
2.672658619681064218e-01
1.000000000000000000e+00
-4.931059472538106836e-01
-1.000000000000000000e+00
-3.105867675371146719e-01
8.760143772364495929e-01
-4.336004372976812182e-01
-8.966691052033105569e-01
1.000000000000000000e+00
-8.351333032602076267e-01
1.000000000000000000e+00
-1.000000000000000000e+00
-2.498525609687237692e-01
1.000000000000000000e+00
7.762810639636672505e-01
-8.906821143265497565e-01
-1.000000000000000000e+00
6.217613547609791569e-01
-8.771763554870295465e-01
-1.000000000000000000e+00
-9.790085806672154112e-01
-1.000000000000000000e+00
8.292445256891710637e-01
5.204776365103787050e-01
8.596147237823237308e-01
9.678705091084062184e-01
-8.468048843362583344e-01
-7.417997745264786058e-01
-1.000000000000000000e+00
6.456465753289504228e-01
1.000000000000000000e+00
-9.475778510526292608e-01
2.478026647808432847e-01
-9.057997319580298745e-01
-1.000000000000000000e+00
8.232528216417651645e-01
-8.240601385622214892e-02
3.357463550503810290e-01
-7.112616359985268755e-02
8.384845500184738842e-01
4.531782575302610860e-01
1.000000000000000000e+00
4.538692730517984719e-02
-8.739682137536812778e-01
8.299787582013482545e-01
-1.000000000000000000e+00
-1.000000000000000000e+00
-1.000000000000000000e+00
9.503989810855886233e-01
-7.680717558576797277e-01
-9.220260235586344999e-01
-3.255238023844255757e-01
3.865055884099699579e-01
-1.000000000000000000e+00
8.733834129068867025e-01
-1.000000000000000000e+00
-5.937743408773861198e-01
1.000000000000000000e+00
2.040530890027735800e-01
9.106444453327857680e-01
9.093104410413320737e-01
1.000000000000000000e+00
-8.228844275398907726e-01
3.971400139047669975e-01
-5.640866672075736110e-01
-7.496644122525326637e-01
-3.009732339051858774e-01
8.491699275313178141e-01
-1.000000000000000000e+00
-7.531204289394985429e-02
1.000000000000000000e+00
-5.060029225284701226e-01
9.699089333410160219e-01
-4.447057729788818636e-01
-1.187677812023467394e-01
-9.319341072759476097e-01
-1.000000000000000000e+00
-7.369411182464047361e-01
7.414693765521100932e-01
9.802640822754155048e-01
-9.330229064254580429e-01
-1.000000000000000000e+00
1.000000000000000000e+00
-8.995964343924869322e-01
-8.730182360171276912e-01
-2.673922076096257872e-02
-9.273822278648861106e-01
-1.713845642055978613e-01
-2.894598450876910700e-01
4.390532797258124287e-01
7.106310142830931653e-01
1.000000000000000000e+00
-4.583496769275240967e-01
-1.543439786027815952e-01
7.291973555522592854e-01
-1.000000000000000000e+00
-7.448615510468961087e-01
-6.614441286033355683e-01
9.494262969579834177e-01
4.308956177660957509e-01
9.324585520521687654e-01
