8.754552156716987055e-01
-1.000000000000000000e+00
1.000000000000000000e+00
-1.906444096457673432e-01
-1.000000000000000000e+00
-2.481495103336149310e-01
-1.461571257186480288e-01
-8.351164086805162867e-02
1.000000000000000000e+00
-1.000000000000000000e+00
-1.977980524105879545e-01
7.524848536148865952e-01
1.000000000000000000e+00
-7.524913460655233699e-01
-5.488329809596292908e-01
-2.902678522653340809e-01
1.000000000000000000e+00
-1.806701798966325323e-01
-1.000000000000000000e+00
-1.000000000000000000e+00
1.000000000000000000e+00
1.000000000000000000e+00
-3.355351687723701071e-02
-1.000000000000000000e+00
1.000000000000000000e+00
-3.961063394468966603e-02
1.000000000000000000e+00
-1.000000000000000000e+00
1.000000000000000000e+00
-9.149877368269854205e-02
1.000000000000000000e+00
6.996832911516546183e-01
1.000000000000000000e+00
2.575885974561297198e-01
1.000000000000000000e+00
1.860261169413929272e-01
1.000000000000000000e+00
-1.000000000000000000e+00
1.000000000000000000e+00
-1.000000000000000000e+00
-1.000000000000000000e+00
4.373135611783662835e-02
1.000000000000000000e+00
-1.000000000000000000e+00
1.000000000000000000e+00
-1.000000000000000000e+00
1.000000000000000000e+00
-7.288696601348269022e-01
1.000000000000000000e+00
1.000000000000000000e+00
5.900109431467248644e-02
1.000000000000000000e+00
8.333567876887955084e-01
1.000000000000000000e+00
1.000000000000000000e+00
1.000000000000000000e+00
1.000000000000000000e+00
1.000000000000000000e+00
-5.108782760477705853e-01
-1.000000000000000000e+00
-1.000000000000000000e+00
-1.000000000000000000e+00
1.000000000000000000e+00
3.189450108405574857e-01
-5.548970885241762963e-01
1.082526108677191456e-01
-1.000000000000000000e+00
-1.000000000000000000e+00
-1.000000000000000000e+00
1.000000000000000000e+00
1.000000000000000000e+00
-6.237260470783788646e-01
2.491960096132613822e-01
-5.411278880912484546e-01
-1.000000000000000000e+00
-9.868264826516165433e-01
1.000000000000000000e+00
-1.000000000000000000e+00
6.523620080192195081e-01
-1.000000000000000000e+00
-8.338388910373543128e-01
3.045595380838744815e-01
1.000000000000000000e+00
-1.000000000000000000e+00
1.000000000000000000e+00
-1.000000000000000000e+00
-1.000000000000000000e+00
1.000000000000000000e+00
-1.000000000000000000e+00
-1.000000000000000000e+00
-1.000000000000000000e+00
-1.000000000000000000e+00
-1.000000000000000000e+00
1.000000000000000000e+00
-3.655273309319805319e-01
1.000000000000000000e+00
1.000000000000000000e+00
-5.744381244438353518e-01
1.000000000000000000e+00
1.000000000000000000e+00
1.634262304694372725e-01
7.470316930909569608e-01
-1.000000000000000000e+00
-1.000000000000000000e+00
-1.000000000000000000e+00
-3.835093399039607442e-01
-8.273266445368459010e-01
7.585441113260746882e-01
-1.000000000000000000e+00
9.898490551312626451e-01
1.000000000000000000e+00
-3.433398119029720252e-01
-1.000000000000000000e+00
-1.000000000000000000e+00
1.000000000000000000e+00
-1.000000000000000000e+00
1.000000000000000000e+00
-1.000000000000000000e+00
4.616095155538957329e-03
-1.000000000000000000e+00
-1.000000000000000000e+00
1.000000000000000000e+00
1.000000000000000000e+00
-1.000000000000000000e+00
-4.940190935232242619e-01
-1.000000000000000000e+00
-1.000000000000000000e+00
1.000000000000000000e+00
-1.000000000000000000e+00
-1.000000000000000000e+00
-1.000000000000000000e+00
1.000000000000000000e+00
-9.416365193648588150e-01
-1.000000000000000000e+00
-1.000000000000000000e+00
4.681290605161150253e-01
1.000000000000000000e+00
1.000000000000000000e+00
-1.000000000000000000e+00
-1.000000000000000000e+00
-1.000000000000000000e+00
-1.000000000000000000e+00
-1.000000000000000000e+00
-1.000000000000000000e+00
1.000000000000000000e+00
1.000000000000000000e+00
1.139660284779588917e-01
-9.495352779075851846e-01
-1.000000000000000000e+00
-4.670214681465000295e-01
-1.000000000000000000e+00
-1.000000000000000000e+00
-1.000000000000000000e+00
-4.671446898341732323e-01
1.000000000000000000e+00
-1.000000000000000000e+00
1.000000000000000000e+00
1.000000000000000000e+00
-1.000000000000000000e+00
5.198598000156910981e-01
8.235516870053090077e-01
-4.156805672222688708e-01
-1.000000000000000000e+00
-1.000000000000000000e+00
1.000000000000000000e+00
1.000000000000000000e+00
-1.000000000000000000e+00
-1.000000000000000000e+00
-1.000000000000000000e+00
-4.915576076149623663e-01
-1.000000000000000000e+00
-1.000000000000000000e+00
-1.000000000000000000e+00
-1.000000000000000000e+00
1.000000000000000000e+00
-2.853202170668333038e-01
4.599389736509743587e-01
1.000000000000000000e+00
-1.000000000000000000e+00
-3.575693666756958322e-01
-1.000000000000000000e+00
-2.501238684407454116e-01
1.000000000000000000e+00
5.772176149444208093e-01
7.711998505158941253e-01
-1.000000000000000000e+00
-1.000000000000000000e+00
1.000000000000000000e+00
-1.000000000000000000e+00
5.181996667203625506e-01
-1.000000000000000000e+00
-1.000000000000000000e+00
1.000000000000000000e+00
-1.000000000000000000e+00
-7.987828446629238188e-01
-3.403695307195320763e-01
-1.000000000000000000e+00
-9.561265354377803671e-01
-1.000000000000000000e+00
-1.000000000000000000e+00
-1.000000000000000000e+00
-5.427009010127057387e-01
1.000000000000000000e+00
-1.000000000000000000e+00
-1.000000000000000000e+00
1.724698578573801988e-01
-1.000000000000000000e+00
8.517334852817612934e-01
1.000000000000000000e+00
-6.281413517879583797e-01
-1.000000000000000000e+00
-3.793766533740201008e-01
-1.000000000000000000e+00
1.000000000000000000e+00
1.000000000000000000e+00
-1.000000000000000000e+00
1.000000000000000000e+00
7.772279780524616877e-01
-1.000000000000000000e+00
1.000000000000000000e+00
-4.458106209472084136e-01
-1.000000000000000000e+00
1.000000000000000000e+00
-1.000000000000000000e+00
-1.000000000000000000e+00
1.000000000000000000e+00
1.000000000000000000e+00
1.000000000000000000e+00
1.000000000000000000e+00
-1.000000000000000000e+00
-1.000000000000000000e+00
-1.000000000000000000e+00
1.000000000000000000e+00
1.000000000000000000e+00
1.000000000000000000e+00
-2.737420685158820088e-01
-1.000000000000000000e+00
1.000000000000000000e+00
-3.329757925917293804e-01
1.000000000000000000e+00
-1.000000000000000000e+00
-1.000000000000000000e+00
6.880891144777957491e-01
1.000000000000000000e+00
-1.000000000000000000e+00
-5.930846753601223265e-01
-1.000000000000000000e+00
1.000000000000000000e+00
-1.000000000000000000e+00
-1.000000000000000000e+00
-1.000000000000000000e+00
1.000000000000000000e+00
7.904087146628016036e-01
1.000000000000000000e+00
-5.131760160408547211e-01
-1.000000000000000000e+00
-9.904213879959647970e-01
1.000000000000000000e+00
1.000000000000000000e+00
-8.225839987878511561e-01
7.565741509588859159e-01
1.000000000000000000e+00
1.000000000000000000e+00
-4.098705302975980125e-01
1.000000000000000000e+00
