4.904603607329321435e-01
-8.356629980739364028e-01
-4.690930884179569382e-01
2.018863251416792015e-01
9.835380749643298781e-01
3.265048925927167001e-01
-7.099853500848118948e-01
8.830523960668434924e-01
-7.033250178529738550e-01
-1.697123920704448063e-01
4.121266606318677583e-01
-4.316764253843077825e-01
-1.364648482060414336e-01
9.415532589372528627e-02
-1.000000000000000000e+00
2.076941383197607738e-01
6.997621210044538964e-01
-1.371026301941070669e-01
4.147406294194724286e-01
3.271804162354945145e-02
3.527833743789750565e-01
-6.110229693064276324e-01
-3.374020527625866128e-01
-5.172231702781939777e-01
7.317238278903590576e-01
3.122504834139296914e-01
-3.743339352994385916e-01
1.735542251764710941e-01
-9.989192670823426878e-02
-4.063161872781742567e-01
2.363604720469580922e-02
4.165696750786739289e-01
-1.000000000000000000e+00
6.938718618739709854e-01
5.020161658751927103e-01
-3.528825613794028260e-01
-4.909360361494133906e-01
-6.854895869453017099e-01
9.997537665413327446e-01
4.338670877230145495e-02
2.353991158363268887e-01
1.906470216944405049e-01
2.723843873221437617e-01
-1.426977786338228249e-01
3.898486180386422917e-01
-9.695514560201583532e-01
3.170521554661198116e-01
-6.872378819125132265e-01
2.837996189552848270e-01
-2.519327186324409329e-01
1.000000000000000000e+00
-7.343152968065541630e-02
9.556625481554382739e-01
-5.090851510698577442e-01
-7.363461074776371795e-01
-1.555522406786164630e-02
2.531753790807884652e-01
-6.489470559034721253e-01
2.396791621178773202e-01
3.714647543881215430e-01
-7.967929210062713041e-01
9.885059806622817913e-01
6.208262154777497432e-01
-1.126364576127062422e-01
-2.319579419860513525e-01
-4.881618441601299763e-01
7.174232474990448472e-01
-5.993867881368253325e-01
8.019635422420346993e-01
-1.000000000000000000e+00
3.785500204708256433e-01
7.541358626192816716e-01
-5.851452438958408830e-01
-1.660930344532668412e-01
-5.831542192220436904e-01
-4.901588498964967178e-01
9.133148749352634210e-01
3.547915877402662566e-01
-5.204662493862132200e-01
5.940391533166440308e-01
8.545416694900599686e-02
-1.880134803312770442e-01
2.271220401138023259e-01
-4.255280268626746021e-02
3.945658080456946881e-01
-9.289995899693525017e-01
-4.061962088069387411e-03
-6.163002966730684040e-01
-3.937140164032871814e-01
2.444963785964897607e-01
-4.342724975609958404e-01
-1.000000000000000000e+00
6.196265950004484768e-01
1.986658135409319903e-01
-9.619065105681262606e-01
6.736828420049347788e-01
-9.258090207936564564e-02
7.954199341791006184e-01
-4.692427385460753442e-01
-5.176354089670008596e-02
1.000000000000000000e+00
-4.266843058604097849e-01
-6.391564637722305653e-01
-1.392647008188506730e-01
-8.367896811996700102e-02
-1.000000000000000000e+00
-2.307776541240193768e-01
2.036593323311577386e-01
-3.275330111617156259e-01
1.146658663406692480e-04
8.639985460111121451e-01
9.441139105415802257e-02
-6.064829053322802199e-01
-2.063495853902397870e-01
3.826084288783636045e-01
5.496791757116258337e-01
9.516909583761039571e-01
-1.258038301012153956e-02
-1.660041769580068716e-01
8.828588668441348375e-01
-9.933830108462734509e-01
-6.816080609063328299e-02
7.535639096812583870e-02
-5.774795755681977338e-02
9.901485877473235053e-01
-1.323712293145087315e-01
-2.053419689077840005e-02
1.990654277291140917e-01
6.920231024410192777e-01
8.163377791169686981e-01
1.095976657954806366e-01
7.429859850320670311e-01
-6.874029122019072180e-02
-1.759564020711398280e-01
-6.870986306082925710e-01
-1.864485849676585094e-01
-2.857037333630093601e-01
-1.000000000000000000e+00
4.236834790414535368e-01
4.913574596303584840e-01
2.307980964125689871e-01
-2.369116509015445349e-02
7.136326128881188835e-02
-4.330932470259493128e-01
-4.596028078541146700e-01
-3.586104144350212852e-01
9.006576949758283712e-01
5.440838098392910549e-01
3.460363490960856048e-01
2.169808586356229696e-02
-5.539129031420390037e-01
2.350428699778320807e-01
-5.803087748014147396e-01
2.073310055351621772e-01
2.810995510398638444e-02
-3.237886973287824599e-01
-6.737684414451902137e-01
5.544870483635117031e-01
-7.836748855248090728e-02
-5.970852596573541504e-01
6.069520261655990678e-01
1.000000000000000000e+00
-4.741976274979498029e-02
9.718132850128617661e-03
-2.437044041140873363e-01
5.291850004321401180e-01
-5.926888164311787666e-01
1.375400099869501236e-01
-1.503396009614417217e-01
3.290065552982309738e-01
-1.572899809532152249e-01
2.463452309411134356e-01
1.124655645200466902e-01
-1.456720645679678294e-01
-1.805438870961818820e-01
5.189790530503367583e-01
-1.000000000000000000e+00
-5.846096190469562970e-02
-4.534653335489979842e-01
-6.307997078504327948e-02
-9.274129157172909810e-02
-7.053789146676500144e-01
5.106208389798572167e-01
-9.336556567011714547e-01
8.230391895222854970e-01
5.849311118421670619e-01
-4.370890449405677725e-01
5.048758688513804715e-01
-3.504640695602962985e-01
6.838286438242163756e-02
-2.084283669175726328e-01
5.223999625605940667e-01
-4.691155054325659712e-01
1.000000000000000000e+00
4.831170939359095140e-01
-4.123125185221169359e-02
9.739099649969771288e-01
-1.586712447651661417e-01
6.399477909776137841e-01
3.181280547055925778e-01
8.102037785697774330e-02
-1.926266432406004148e-01
-3.694483582415101219e-01
-1.000000000000000000e+00
6.039406687569471854e-01
2.510320702815611593e-01
-4.429442624813313412e-01
-6.330895796103946926e-01
-2.869578252151059883e-01
-7.083441110091890369e-01
-7.479300583611897535e-01
9.224137296161706578e-02
2.210929922893181965e-01
7.839326688959119549e-01
-1.508706789557835437e-01
-5.648832829953567281e-01
-5.908168399209039467e-01
-6.080878291065681118e-01
-4.616843460094194329e-01
6.733358392038859552e-01
6.918002531283716783e-01
2.245445865208608449e-01
-9.598701597548929543e-02
2.567755192500403849e-01
4.312995441452250889e-01
-3.032863223346486947e-01
7.676230408822670714e-02
-1.414958359874393390e-01
-3.651348430861203198e-01
-4.934798466989837595e-01
-1.393490480643789775e-01
-4.458966895300411903e-01
4.342507529119025711e-01
-8.568255383478965426e-01
-8.513949977747991005e-01
-5.467044820309311381e-01
8.707991703006450201e-01
1.222805784662610307e-02
9.112108107252196998e-01
-1.038677732559272482e-01
2.651279424755167632e-02
-5.488436179813125371e-01
4.461401237020006239e-01
1.482219354353727161e-02
-7.587692606856654143e-01
-7.281920778210548839e-01
-2.458335284561478651e-01
7.076278857290307922e-01
1.000000000000000000e+00
-6.028924510395688996e-01
-5.768267334634826771e-01
-5.188915963546930632e-01
8.751861856185454425e-01
-5.964687263801753819e-02
-5.996648610711223792e-01
-5.883229103356778233e-03
-4.878890783887875893e-01
1.201937344649076228e-01
4.176135623195657010e-01
2.378449722168306801e-01
2.684775469179727647e-01
-2.256013123953636845e-01
9.102191188954072976e-01
5.487955071444438060e-01
-4.076909553634440464e-02
