-7.384115714689393206e-01
7.756739848941048010e-03
-4.959986570089121027e-01
1.866949234674199765e-01
-1.642555648575614313e-01
-6.409151247554929764e-03
1.378404879687468165e-01
8.709548321362496903e-01
1.879979556537164642e-01
4.197336763663366832e-01
-4.142622497191907893e-01
3.809289229998802928e-01
-3.547078373573521182e-01
-2.107826444760363960e-01
6.391147061618066560e-01
5.465268982939823772e-01
-8.831876999927037453e-01
5.469611706472558010e-01
1.433530216238950994e-01
5.627673914022750523e-01
6.192927075672864934e-01
3.040215943704736024e-01
-1.897993166232789242e-01
9.583838381675304774e-01
2.609429234634036421e-02
3.129796573989467867e-01
-9.351836936665107736e-01
8.412307230382295442e-01
-3.543853944407866496e-01
-7.231995543880025412e-01
-3.477117886843371086e-01
-3.517079589319359600e-01
7.398315450366981239e-01
-2.067849654258368530e-01
4.683467517261974966e-01
-8.869838187869945045e-01
-1.515268855013316152e-01
-4.275331303612932565e-01
1.551167807412596328e-02
-6.390719295731448479e-01
1.000000000000000000e+00
-6.161020628196415272e-01
-5.471248285370972075e-01
5.091107843695024116e-01
7.408424078688038428e-01
-5.149813013260094996e-01
3.133083034039725323e-01
-3.458928961898294352e-01
-4.463563122146801954e-01
-2.065116883466930897e-01
1.415606480877357187e-01
-1.092926607509431824e-01
1.729852868014213341e-01
-8.598818439090748500e-01
-7.629063956713266759e-02
5.465933683812698729e-02
7.447939333718572863e-01
-5.248322181210407500e-01
9.462419790617664361e-01
1.133936083300080000e-02
-8.529427890488805453e-01
-6.310568525939558304e-01
-6.279889982308060059e-01
-5.375825616905440807e-01
3.536467803813723165e-01
-6.423472313734420736e-01
-7.292118684628041969e-02
-5.774900734919433121e-02
2.688550119987476172e-04
1.455567450458181977e-01
-3.762052527659584533e-01
6.688180812202852987e-01
-9.664809954941510073e-01
-6.089797909344817350e-01
7.890777664973026573e-01
6.525098385075721319e-02
-1.391536818510582391e-02
-8.484737642923617651e-01
-4.272370952861179183e-01
-5.246335883075818607e-02
-9.118287005183464133e-01
6.961427203146215437e-01
-3.291064498728020205e-01
-7.692883130494378996e-01
9.630074770805130413e-01
-2.250416480682011500e-01
7.837287280633821185e-01
-1.000000000000000000e+00
-1.843437079313970384e-01
-3.146051194975703069e-01
-6.558365888997049753e-01
7.201795398349526423e-01
-1.755099896324683051e-01
-7.667811566220017472e-01
-1.000000000000000000e+00
7.499377188480537137e-01
-4.633747001049367542e-01
3.816778381621577787e-01
-7.497446785692439830e-01
-1.000000000000000000e+00
5.877902840909983162e-01
-1.982368961619178915e-01
-6.541520728589476086e-01
7.252607000199337017e-01
3.971903621192350298e-01
-1.317585313284548310e-01
-1.993614701153535451e-01
2.011723561206372468e-01
8.224847655962057580e-01
-9.192542935071696952e-01
-7.885137200316613137e-01
-8.395726599719433025e-01
-5.515563133923045980e-02
4.226458560972509715e-01
-7.529614877267047923e-01
2.294703084113899894e-01
5.291496146204792694e-01
-9.552043940666065103e-01
3.960539952119898621e-01
3.392808704484412408e-01
9.458005999424450305e-01
3.998591972858564492e-01
1.806215232198432885e-01
4.285789656316280061e-01
6.226558192832454264e-01
-3.827139087630401226e-01
-2.092555177437277480e-02
1.904423330322959629e-01
1.825654820121213606e-01
-5.633741612153239098e-01
-2.477945867876001351e-01
3.126257209417999117e-01
1.416998729098888354e-01
2.249442902310295339e-02
1.105947017871308224e-01
1.000000000000000000e+00
3.804191867594163279e-01
-1.714675940331040760e-01
-4.167808371975130211e-01
-2.774831862802672466e-01
-6.680623921608845883e-01
-9.214779921346814007e-01
1.316085902458652424e-02
-6.025860567960226177e-01
-8.079297052259390988e-01
-3.598585930341291483e-01
8.950508371405885288e-01
-9.334313229788099298e-01
5.550689578228691357e-01
-1.595209914580586752e-01
-2.371830306096633645e-01
-9.634450470441821568e-02
-2.618996021881213054e-01
4.139780656707616191e-01
-1.893923860579412310e-01
6.974088984737830677e-01
4.402578537598483832e-03
1.425727816214940047e-01
-2.844932626413508858e-01
-2.003470239518237994e-01
-8.462360235802939279e-01
-1.033624891036749316e-01
9.807498622705381752e-01
1.893005307633090217e-01
2.945475769139242750e-02
-2.994444470907244860e-01
-5.841213557867372952e-01
-7.345387615606441267e-01
1.260941337344102520e-01
-4.320394428711786805e-01
3.166608999220607568e-01
3.178372933985645910e-01
-1.000000000000000000e+00
4.509794957877958921e-01
-5.290017627053124061e-01
-5.235402843626868474e-01
8.048933937951382456e-01
4.032435122586926490e-01
6.462791077443748033e-01
-1.000000000000000000e+00
5.017544109057692214e-01
2.978470060602123048e-01
7.438389471833617428e-01
6.118716106912966968e-01
-6.535694483734316718e-01
-8.098872972341379928e-01
-7.148593215140862656e-01
6.932382456353869404e-01
7.400104986621109937e-01
-2.582935543512085430e-01
-6.372807879196996650e-01
1.557356619831341549e-01
1.602096067780154343e-01
7.741057752102518119e-01
7.524718068483515765e-01
-6.232005097241651859e-01
-4.764012184317725218e-01
-1.000000000000000000e+00
-8.797642728517925947e-01
1.465316050823795013e-02
3.110110090627752899e-01
7.215094760270392982e-01
-7.308935898012169918e-02
3.417112917626469182e-01
1.788047954986778099e-01
4.872566866571386157e-01
-3.644871674595802080e-01
-9.294085526921997964e-01
5.193542241000226323e-02
-4.318941815056821509e-01
-6.847264715015508041e-02
-2.450508740034650912e-01
-7.167324410818751504e-03
5.834456208414737777e-01
9.640962677969255878e-02
1.175744833806150330e-01
-1.521836296396666399e-01
8.040932641756548538e-02
5.608548080208163311e-01
1.000000000000000000e+00
-1.230696291453783064e-01
-2.483900119179725530e-01
-7.895950091320907971e-01
-1.000000000000000000e+00
1.000000000000000000e+00
6.176465884308681709e-01
4.179207740111813285e-01
7.904856807165677735e-01
9.170895986696573354e-01
-9.366489629961955998e-01
-1.000000000000000000e+00
-4.743048641604680205e-01
1.743245105695550579e-01
1.275090997817186211e-01
2.147412627456661838e-01
-4.182846135624718881e-02
-7.744296419478257087e-01
1.564158557074258327e-01
-1.003856079440779703e-01
-2.773383377194534871e-01
-4.011020959177039047e-01
1.000000000000000000e+00
-8.636644613967990880e-01
-8.869844275285712065e-01
-4.977072202527070832e-01
3.799436061801124420e-02
-5.040765303425879251e-01
8.945266914130348690e-01
2.283621469850756203e-01
-2.270511247571994073e-01
-1.000000000000000000e+00
-6.683775431014804536e-01
7.235262650890479375e-01
4.243385834387208289e-01
-1.000000000000000000e+00
-1.948760678960484161e-01
-6.064716390148315872e-01
1.741274006483933268e-01
1.749424748954298559e-01
9.416339798516438764e-01
-1.758577748215591208e-01
8.615731768090423293e-02
-3.307586450604185768e-01
6.784599140314655497e-01
1.000000000000000000e+00
