4.549638227987438110e-01
5.942753843701289451e-01
9.170022169281949465e-01
-2.639765173331233214e-02
-2.180998482527183313e-01
-1.000000000000000000e+00
3.314114316300971474e-03
7.133828682020300072e-01
2.598567530348969146e-01
-3.537237197400807664e-01
6.225468728088783266e-01
1.742972619957402491e-01
7.870748021082812906e-01
4.209426795016655287e-01
-6.381684817198249871e-01
-5.562873269164175793e-01
2.017038310629600817e-01
-6.125035943865685395e-01
-2.197515323134183185e-01
7.543832726758040730e-01
-5.121022056384672005e-01
-8.778361445089669646e-01
1.000000000000000000e+00
-7.609059361343023520e-01
-6.617180660008868953e-01
-6.840711206508940379e-01
3.128285255959773470e-01
-3.145159031296997365e-01
8.971637761644333242e-01
-7.107413010353732519e-01
1.281829290425842427e-01
-7.955742135995369502e-02
-4.045137254920520009e-01
3.052989357116390190e-01
-9.524084271133945179e-02
6.181483722847250784e-01
-4.664382559880493329e-01
-2.896508273726172700e-01
8.458720428625536858e-01
-6.186536806551697909e-01
2.433909299213380950e-01
-6.902926942505993591e-02
9.620666387284269039e-01
-3.315302788090113140e-01
4.939777639508467488e-01
5.846000006656283388e-01
-6.182570737947760131e-01
-3.007983872684821258e-01
-3.221337089772169926e-01
4.247025127952339107e-01
7.296006535038273011e-01
-6.493716991490671164e-01
-6.945349024408429273e-01
-2.466096994223213601e-01
3.985274835797518733e-01
6.495485191717071949e-01
5.902476766834392485e-01
5.474103560351819414e-02
1.000000000000000000e+00
2.496192873840258342e-03
6.003572954183887811e-01
2.333333327160866388e-01
8.958322648745856709e-01
6.370115924466834834e-01
-8.069869707842297624e-01
7.382355437876763071e-01
-3.066710122551507545e-01
2.690111587147850924e-01
5.617083366418496038e-01
-9.571156484167065992e-01
-7.889702479624783882e-01
-8.312737373909061533e-01
9.441091339368227198e-01
1.000000000000000000e+00
1.747720752138373079e-01
6.507471602740899641e-03
-1.537402362551109070e-01
8.565165215296862700e-01
1.920674164471566081e-01
9.168223974333232773e-01
-7.222225173338246984e-01
-6.321079599803497429e-01
-7.727222950915442201e-01
-3.928970965700722129e-01
-1.490058839605443164e-01
1.000000000000000000e+00
-4.601138842463434186e-01
6.457108261456012688e-01
1.860621509331842338e-01
-9.077860038989065128e-01
-2.818340570425723057e-01
9.128572216907525627e-01
-1.912211250985223487e-01
3.867669994613136542e-01
6.134561608205457706e-01
8.823545614588471087e-02
-3.195587493519780331e-02
-5.980816350754750710e-01
-7.172408707248146831e-01
3.525151238958295630e-01
1.000000000000000000e+00
-5.145236983998124902e-01
-5.940702545175444160e-02
7.960812254401631316e-01
-2.328846121014668258e-01
3.133775322961776522e-01
4.703181670766106715e-01
-3.079157054412116068e-01
2.039753601794837279e-01
-6.370011610047874306e-01
7.286267649076418884e-01
1.000000000000000000e+00
6.083520162381235163e-01
9.659367557362745771e-01
-1.000000000000000000e+00
5.365733924190555504e-01
1.901872972114511950e-01
-4.111166302214860346e-01
-5.549820019529915216e-01
1.851976422433456171e-01
-1.434636455093231677e-01
-4.106327022269503635e-01
-5.365955602821632919e-02
3.428578227493121466e-01
-1.000000000000000000e+00
-1.018091502080200605e-01
7.734439115923952279e-02
-1.423180809231374688e-01
-1.273071387262252330e-01
-8.497015942349259165e-02
-6.481124968438202183e-01
2.429169950600521821e-01
7.807405502205772008e-01
9.564697839076702346e-02
-5.642651510480234389e-01
-8.821329443577207163e-01
-9.905210178286464329e-01
-3.214385428264319167e-01
9.401905689826683954e-01
4.400359020122386888e-01
1.000000000000000000e+00
-5.868970283041208269e-01
2.633305999000183362e-01
6.025762892411388183e-01
-7.278786698183370429e-01
2.573778463103899572e-01
3.777242621263864342e-01
-5.959258127368010083e-01
6.474069808143634308e-01
-2.038325190235050488e-02
-2.159702701432992256e-01
-5.779483868751681408e-01
2.383509429842223526e-01
2.083089241352573673e-01
-6.994555488230136397e-02
-8.474868383080473855e-01
-4.292535944354747834e-01
-1.000000000000000000e+00
-8.259680042007231382e-01
9.854245816967812654e-01
-1.000000000000000000e+00
5.035596544715822409e-01
1.435250444687014570e-01
-7.159827070795971027e-01
5.261212817265290553e-01
-7.931735994701508696e-01
7.504298990717250817e-02
3.093055937161157676e-01
-1.000000000000000000e+00
-1.476095056538003492e-01
-5.675463248523202608e-01
-1.168029296842330589e-01
-6.248331266534856709e-02
-9.897323571247893526e-01
-1.659947869210470772e-01
-6.080815780439935425e-02
4.780123938828707009e-01
2.322813996177985202e-02
2.982857543809290801e-01
3.743921608247340327e-01
-1.000000000000000000e+00
-6.000629928175094108e-01
-7.029400235080707215e-01
4.952525253480808409e-01
-9.313119918228727201e-01
-8.483772405972507258e-01
2.755087970050723589e-01
-2.564098151531364889e-01
3.717982944235269649e-01
-9.925596796452182957e-01
5.314145708758974962e-01
7.391593610584707985e-01
-8.693449424329980912e-01
-3.781022619620882930e-01
-4.995342016870965574e-01
-1.123054503874995058e-01
4.478127659567147090e-01
-8.337608449538991273e-01
3.929757963105648955e-01
6.506844523814865333e-01
-1.543518820189384022e-01
4.472819046354277184e-01
-7.703389610069543147e-01
3.410329188810306555e-01
5.855066974877045638e-01
9.458505569566144633e-02
7.911863578677521547e-01
4.250766856797381643e-01
9.241835756200441621e-01
3.485200669109166927e-01
7.479362251373342652e-01
2.105560347610430927e-01
-9.931503638411917634e-02
1.243060051724571291e-01
-6.264253099601667651e-01
6.070708570232219436e-01
-7.362170399616059235e-01
5.697996992252474246e-01
3.796373668342251650e-01
5.247166940980822064e-03
7.549059898679550962e-01
7.249155256617280108e-01
5.797624581929157195e-01
6.175019898356544079e-01
-4.943932721939107156e-01
-4.661204953684801588e-01
6.869585053021692173e-03
5.419314568897143358e-01
9.603635108729097203e-01
-8.082539269169313201e-01
-8.133246729352899829e-01
4.616955806479942082e-01
-4.626285574828872260e-01
-2.892280799356446996e-01
-2.736306393012654103e-01
-3.910763199673863988e-02
1.395729815114946648e-01
2.843994958479231783e-01
-1.628443718507412430e-01
9.349749949313481689e-01
-9.214073534502513763e-01
5.912921207848983451e-01
7.316037665554941949e-02
1.155978841208910590e-01
-4.056779898893918268e-02
1.979800331617139475e-01
-2.265639428268817479e-01
2.361523854658890142e-01
5.015370426480711963e-01
5.818856408651066348e-01
-4.083579309472653573e-01
-4.491462979784452969e-01
1.057868769120156038e-01
3.415200851426796191e-01
-8.329762879646314122e-01
-3.176201280593443643e-01
-1.711227118314421203e-01
2.828386628364047001e-02
-3.211203971310855332e-01
2.929668095664045846e-01
9.894146994641622728e-01
2.835415423717495553e-01
3.281610003656858510e-01
8.353330741714476426e-01
-6.777656979879345123e-01
