-4.748297999364793909e-01
2.321799713463706394e-01
-8.109508916537579992e-01
-6.188991420482555794e-01
-8.875044003486987076e-03
-7.595214545285071672e-01
-8.763747974055712264e-01
-3.594881566346019852e-01
2.209301432050341796e-01
4.930311889350270094e-01
1.023546585690178617e-01
9.834784113280251594e-01
-4.196731083443927535e-01
4.685159963679989548e-01
3.506096783185189136e-01
5.414938445966163694e-02
8.259133874284760868e-01
-5.388920940127333026e-01
9.538901033089702830e-01
-5.018881396544143669e-01
-2.593734036678543853e-01
-8.003170915053781087e-01
9.507463525633044199e-01
4.059547489335076920e-01
-2.578101993173956274e-01
1.000000000000000000e+00
9.734285905778826686e-01
3.963891883045201903e-01
-1.526558474574543911e-01
-4.105769951574282928e-01
7.702398374333923048e-01
-2.762620157806364718e-01
-8.713097307026642646e-01
-2.888827487428443086e-01
5.780688207764109743e-01
-7.761107018056757623e-01
-3.141601772290494865e-01
-4.264342690563485139e-01
5.501547615490733900e-01
-4.803106616874180945e-01
-4.514327217466408415e-01
-4.989650154567466522e-01
9.598915732533549461e-01
-6.435993895659765096e-01
-6.782237242051678550e-01
1.591168123784123534e-01
1.317101082869079343e-01
3.416570238283379857e-02
4.989394623141792384e-01
-9.652862140476548003e-01
-1.047386758261928397e-02
-5.544250517616582385e-01
5.198481406260813120e-01
7.166073847067273572e-01
7.369041492319913234e-01
-1.000000000000000000e+00
-1.106608433920689555e-01
-7.010451039719695077e-01
-4.691761846261006952e-02
-8.509920810380159351e-01
-6.412964531286625691e-01
9.001156923183770697e-01
1.000000000000000000e+00
3.517495051093240399e-02
4.499672993561571466e-01
5.300882623534631799e-01
-8.827209152925434843e-01
-1.780585432421857850e-02
1.679093305044923046e-01
9.429214751720468302e-01
1.000000000000000000e+00
-6.157072199461940398e-01
-3.108064249189299022e-01
-7.045670430901553871e-01
6.489333646539070521e-01
3.705397678506984205e-01
3.232608978534773359e-01
6.660234120265818847e-01
3.771418132159224945e-01
-6.157059955417039099e-01
-3.978886837877937954e-01
-6.672060365653201264e-02
9.548412379823949525e-01
4.603856247703719262e-02
8.187651621031163396e-01
2.014069485246894331e-01
-9.439634429639420787e-01
7.640992087768674335e-01
6.817370752265392575e-01
3.171216852829809030e-01
5.013914122786645722e-01
-6.720567800099392919e-01
-4.715803186014455584e-01
5.119025179435053863e-01
8.743029109812506805e-01
-7.733255743709641639e-01
-3.739226105775302900e-01
4.150622611379891080e-01
8.040041485486463246e-01
7.180276695089331529e-01
-1.057480883880405620e-01
-4.632760095439656389e-01
2.501822287024267344e-01
-2.231644424685569339e-02
-8.108043939076687856e-01
-3.716249014197489098e-01
8.598895489886434484e-01
3.119084165606271219e-01
-2.597873554291546538e-01
5.142527239941416806e-01
-3.411311703406590401e-01
-8.747960293400383613e-02
-8.573012914973420218e-01
7.319884276924770727e-01
-7.960166494312548302e-01
-1.015583552513004001e-01
-3.198760334936783800e-01
-2.693908672182445119e-01
5.060057597096023763e-01
4.537563029986074192e-01
-4.829843325264380205e-01
-9.637400462075755847e-01
-5.214945349323157897e-01
-1.975498665584532465e-01
3.492926595336542372e-01
8.768816424433686363e-01
2.701524594269233415e-01
-8.431297876174081996e-02
2.751974154949772267e-01
9.650131639959202978e-01
7.823959235903539255e-01
1.000000000000000000e+00
-7.557507209079467048e-01
-1.000000000000000000e+00
4.839044073677327695e-01
2.171211422170027938e-01
-1.000000000000000000e+00
-1.370085452509051810e-02
-2.303753453520640815e-01
-7.768459070298927571e-01
1.831366064147791350e-01
3.226672288703968938e-01
1.000000000000000000e+00
-5.990402351849251072e-01
1.231294606906075673e-01
-2.640390453825112657e-02
2.751641176552675760e-02
-2.151949589759749315e-01
2.164164690345209141e-01
3.918998746850511083e-01
-5.279871322106993725e-01
-8.775307414811501783e-01
-6.868357968275199399e-01
7.214019305518979408e-01
-8.635723866383350211e-01
-2.936482923487687691e-01
1.370683461829354799e-01
4.651638565009701409e-01
1.000000000000000000e+00
-4.850976160990787545e-01
-8.900919243766101108e-01
-4.959267688395217477e-01
8.827529813988507223e-01
7.900877552573283280e-01
9.788524737211130589e-01
2.393694333895503290e-02
-1.243787137105706181e-01
-1.313916471678160669e-01
3.942952784478498396e-01
3.342870163019560914e-03
-3.315820175049905005e-01
-7.419820894858620841e-01
-3.225482232184364029e-01
3.634260650648252766e-01
-8.433407107270322056e-01
5.955226759255031199e-01
7.450160334448479027e-01
4.340490837909345978e-01
-8.917105377266971722e-01
9.514794644759181352e-01
-4.735769871134924980e-01
4.015210357047667156e-01
1.249774192539672285e-01
8.242395785986549317e-01
3.924006114327100447e-01
-2.013468826630388231e-01
6.407917089286389034e-01
-3.640135156174169606e-01
1.000000000000000000e+00
-4.107130326693418654e-02
-6.089112823555964393e-01
4.172812034620220212e-01
-3.257918233415704745e-01
-2.148571456248323519e-01
5.321866686670850832e-01
3.512929282472109227e-01
-4.798736796012990080e-01
-3.197808026646186130e-01
-1.000000000000000000e+00
1.019322607721889068e-01
4.318301698227511864e-01
-5.113820174674160723e-01
5.254039531183628542e-01
-3.746174120141140818e-02
-9.370623556709745117e-02
-1.555049814904113370e-01
3.166615051310082696e-01
3.787810235254794322e-01
1.000000000000000000e+00
-3.516232201613600505e-01
-6.840570034503902219e-01
-4.430080830599225084e-01
-3.706231867960930737e-01
6.955458531358681418e-01
-3.656078789944136043e-01
4.236787741615753999e-01
-9.996398959000799556e-01
9.267042153065753185e-01
1.000000000000000000e+00
-1.501836473276329520e-01
-1.947422022613083115e-01
7.316396316536846189e-01
7.368137495773066092e-01
-6.675558763069169288e-01
-9.040733218335024191e-01
-9.787495036772015933e-01
-2.248604348176030387e-01
-5.131866086384715420e-01
-6.550603435256044937e-01
-4.126648068160069238e-01
5.493920895639635704e-01
1.387214224388584605e-01
5.097013003064257974e-01
-2.721178521196191552e-02
1.000000000000000000e+00
-5.667364182999650168e-01
1.506083213449513070e-01
1.861474818148987631e-01
-8.260028925418075318e-02
-9.181661012399121580e-01
7.588617967179299706e-01
-8.751182111948568876e-01
6.679607884343506941e-01
4.743795896082394353e-02
8.134455310228652092e-01
-7.462860003976660161e-01
-1.000000000000000000e+00
-2.821763141943592901e-01
9.516929909332725313e-01
-6.909389156655603159e-01
4.672059067368479479e-02
6.668831051233210516e-01
-2.216890702455028006e-01
5.690968243691625350e-01
-4.981260136758652313e-01
1.495715879019899885e-01
-4.248165160072311930e-02
-3.640640455543439069e-01
8.951532172783979724e-02
5.743176827471164758e-01
-2.833907759350652311e-01
-4.390966423992087586e-01
6.131483491923217510e-01
-2.508584630946300020e-01
-7.599587960648579443e-01
