-7.861919122319537268e-01
9.127823317511749579e-01
-5.324673535822652681e-01
-1.651156834050400424e-02
2.771677964229016244e-01
7.942609155831550360e-01
-5.049498017636820935e-01
-2.443898509073284819e-01
-4.634045071433967045e-01
3.536343005203295142e-01
3.481754935036690535e-03
-7.202077637628069295e-01
-4.219192370304082340e-01
2.429216813315460133e-01
-6.123958067766309687e-01
8.580451055930292670e-01
4.777218900454753836e-01
-3.130519119845335818e-01
-5.313333176676594549e-01
-8.101080978252519493e-01
-6.423582018469554678e-01
-5.259627022899338034e-03
1.476556314659326907e-01
-8.574896961561538911e-01
1.000000000000000000e+00
-8.168328410914432736e-01
-7.434821886073871289e-01
-1.954883321683495434e-01
-3.686210852065029409e-01
3.287730036728900296e-01
-6.459915651762190292e-01
-3.760945637496924676e-01
-3.155359072539019039e-01
-3.894882349985875347e-01
5.205187974889796676e-01
-2.095653068472025926e-01
-9.209985404278853149e-01
7.731201743973759033e-01
-2.729708608781101220e-01
-6.592428730912022194e-01
6.345217663437390243e-01
-6.109327929227486020e-01
-8.649380930603539630e-01
-4.173996447035453472e-01
-2.489532237450477470e-01
8.380131803723981365e-01
-1.376878049123556602e-01
-7.429014934354682964e-01
3.967512371380489400e-01
-4.016118462068034023e-01
9.849572900966433453e-01
-2.514140029768019424e-01
-1.473618787446763223e-01
-8.267052931424343498e-01
6.145643700663133702e-01
-1.000000000000000000e+00
7.255985959137262187e-01
-5.955550324402565376e-01
-7.819297781452427820e-02
-6.309623888301300054e-01
8.027499642174352745e-01
5.636493908662553176e-01
6.051328627404163607e-02
1.729461654077861510e-01
3.847043103994649549e-01
7.984469446268875892e-01
-2.118463395598680910e-01
-1.394422086097139024e-01
-9.932324199744302362e-01
-9.986768027658451397e-01
-6.973827074469272080e-01
-4.507255310481610433e-01
2.477033751378631410e-01
-4.411026300682456269e-01
-9.386357327590167943e-01
-3.037661557996761408e-01
-1.000000000000000000e+00
-3.602938471167200785e-01
8.280868975313265823e-01
-2.375229217050780772e-01
-6.170880952595736435e-01
1.590808975330977870e-01
-4.615402393930568836e-01
8.845874744723580818e-01
-8.914826372542937472e-02
-9.031213086073458518e-01
3.673177481263051325e-01
-8.309471214067514211e-01
-7.781301650248000357e-01
2.329175471562700828e-01
1.246345474477232873e-01
8.931989803701338992e-01
-9.629510990150451644e-01
5.865606300044161614e-01
9.485148620600476477e-01
7.784181277683784872e-01
7.217465284142134951e-01
-6.797576737399856350e-01
-7.441463594154709149e-01
-4.031230936817977728e-01
-1.000000000000000000e+00
-4.215363653506587482e-01
-2.406827672974817811e-01
-1.071823542109451577e-01
-5.710664866241947635e-02
-7.008919999057998673e-01
-8.050009257959831466e-01
9.249218070839478889e-01
4.408531343817835291e-01
-7.691319107511500608e-01
-2.255212051213083269e-01
-4.446568243568051193e-02
2.255885832444012584e-01
7.226359762772698314e-01
8.786754118235318156e-01
1.295016615698816598e-01
-5.606125282741464266e-01
8.793123894447467392e-02
-2.604991957007649628e-01
-4.199954154031159681e-01
-3.653052071823333913e-01
8.818023428324699431e-01
5.108442563415049875e-01
7.692042746852383317e-01
7.658035981713264828e-01
-2.011489809577304277e-01
-6.477465976555601967e-01
-8.249583666397696247e-01
-5.550164463324479547e-01
-3.077147986891174414e-01
5.462338062219265211e-01
-2.052121953103926491e-02
4.723888076353146420e-02
-9.579434056277674747e-01
-6.968195748064597295e-01
-8.004926452338102516e-01
-8.035498594009796713e-01
9.406555978687851649e-01
-2.614268454104054507e-01
-1.652420385506161715e-01
-6.211219333614979021e-01
-1.393473289503298906e-01
-9.010288194373613502e-01
-3.202592748638699582e-01
-2.825142864655575403e-01
-1.000000000000000000e+00
3.040559449687895710e-01
-2.316111040940873472e-02
7.476342080310427463e-01
-6.735848321222327462e-01
7.022762377030109526e-01
9.412321812524399034e-01
-8.534801195787317107e-01
-8.090330864660820742e-01
-8.738604010037982484e-01
1.487392554460249261e-01
6.853845620280877293e-01
2.175227435933633213e-01
8.372635902973316613e-01
-6.562307043920312388e-01
9.938456215877210509e-01
5.190434813913546996e-01
2.743620535146776285e-01
-1.373122138855211449e-01
1.000000000000000000e+00
4.745871351991891585e-01
2.871646037138313456e-01
1.399194120785003936e-01
9.431502506162194877e-01
-1.943245438610509412e-02
8.616944934796338940e-01
-3.304558337297798243e-01
8.410988958422082051e-01
-4.167075000968983312e-01
-5.881583900659614894e-01
-1.309270723047514240e-01
1.276387828633894495e-01
5.509647714545344854e-01
1.804845530780624097e-01
-6.478856626635639548e-01
8.653577161313703581e-01
4.901271098339658461e-01
-3.357166086213029255e-01
2.749451232985302140e-01
-5.649982476106883977e-01
-5.525892115491597423e-01
-6.835444180351079035e-01
-7.176913842987211467e-01
-2.741082107560918746e-01
-7.686230539999123756e-01
5.724101624504823738e-01
-2.714744627538887012e-01
-5.935893669053590171e-01
-1.798180028797868313e-01
-1.730527006131315701e-02
4.949607656245293974e-01
-9.836160436830397868e-01
-5.175542441514968672e-01
2.607133578560995590e-01
-3.699760205394224677e-01
-3.584668663524561705e-01
7.217569544176296592e-01
-7.036394458994660317e-01
-2.218155723801492896e-01
2.516902565393205338e-01
9.729865568148149402e-01
7.746122255554958036e-01
1.000000000000000000e+00
-5.644168919970569132e-01
-1.839409325774022108e-01
2.869984631718090484e-01
1.090371929848546195e-01
7.642635458549171812e-01
-1.587140368862852841e-02
-1.322474084811105510e-01
-4.861372288020411603e-02
8.872585802339127969e-01
-4.527817963000184132e-01
8.580750610907035281e-01
-1.000000000000000000e+00
-8.138407301867328636e-01
7.559891209381314203e-02
-2.711967920502625362e-01
1.320403669931463631e-01
-7.971195995379831700e-01
5.748175343112570390e-01
8.090271042428717196e-01
2.300701276057225964e-01
7.181720834932174835e-01
5.077606320609731050e-01
-2.315028017061812327e-01
-9.161329141823595368e-01
4.072504911391724991e-01
1.337724155829614903e-01
2.303543043269166424e-01
-3.144971469390471230e-01
-1.000000000000000000e+00
-3.222379049687611463e-01
-7.752964978507869143e-01
4.557806867243183180e-01
4.404635520899455869e-01
2.078260719862001227e-01
8.004322064721461349e-02
-6.926957907457443886e-01
-1.002375948847152032e-01
5.204834717944635536e-02
-5.355656931972043733e-01
-4.466065551282941692e-01
7.265892598197818408e-01
-3.738186163109437354e-02
6.932466318829815233e-01
-7.382520774840193312e-01
4.922021467057934863e-01
7.343795254049131360e-01
1.337586580852303531e-01
-2.812677410498077291e-01
4.806012599059525381e-01
3.384556430620113687e-01
-9.132469513393797200e-01
1.000000000000000000e+00
4.129353696887155256e-01
-6.976741181814822834e-01
-5.015748815195446575e-01
9.066726542642302711e-01
-1.166464877256069010e-01
