-3.190856109598981249e-01
9.098542279396085730e-01
-5.714326610057001155e-01
-7.621728274715084961e-01
1.000000000000000000e+00
-2.063566970560402891e-01
3.622717415216711867e-01
9.992525306658998907e-02
3.472142641285715925e-01
7.358594473954085946e-02
-1.263557429387738573e-01
-6.973491353092146905e-02
-8.087763997166722563e-01
-3.561831207984268444e-01
5.374191879490354262e-01
2.112287882283251095e-01
4.727403589706233311e-01
-1.704875408246436519e-01
3.251162407475411964e-01
5.341372276262948970e-01
2.800739234616360027e-02
-4.116443883772384904e-01
-1.834875435685135239e-02
-6.444887250598791972e-01
3.846260827739412802e-01
4.032313830722217829e-01
-2.728222521628594355e-01
6.112742868301824367e-02
5.235713738938352346e-01
5.918027449699470033e-01
-1.430210530920723311e-01
1.000000000000000000e+00
8.197552464606991940e-01
9.433550354256943493e-02
-3.248510182728677753e-01
-7.525566001498106283e-01
-1.712965185267886215e-01
2.779739027973655019e-01
1.896597682131800910e-01
1.632163791465668090e-01
7.611908957388933139e-01
-3.111124367492912324e-02
4.723452547122565237e-01
-5.335637553222031260e-01
-8.453535522150823489e-01
3.579948704817169092e-01
-1.000000000000000000e+00
1.592114154963606698e-01
3.303618083300795261e-02
5.914879319721310091e-01
8.281408321717812493e-01
8.672341515945153345e-01
-4.007883030626578913e-01
-5.790959777497485250e-01
-6.098210107740732466e-01
4.045257927572986079e-01
2.577809008966387982e-01
-6.552277899756452362e-01
-1.075007754102512147e-01
-1.949247371621299629e-01
1.290323951713656936e-01
1.750898462038306402e-01
5.545519352006735847e-01
-2.294817175638081963e-01
-4.605298017549281919e-01
-6.670350775108505603e-01
-6.241875219070540659e-01
8.099614683498606027e-01
2.453335680051328960e-01
5.720080873250022596e-02
1.000000000000000000e+00
-7.067727286205809367e-01
7.924158685490118037e-01
-1.625651317030321619e-02
-3.306483897044136255e-01
3.876649010741112233e-01
2.206214673672183546e-01
-5.018596174934399912e-01
-4.347375511094048184e-02
4.996962628141234375e-01
-3.606219397382492975e-02
8.809148693982583600e-01
-1.617821076382950640e-01
-1.405894609661627048e-01
-6.863809888328260556e-01
-1.000000000000000000e+00
1.308254688681500522e-01
-4.974873127458810385e-01
1.000000000000000000e+00
-6.557615743291352883e-01
-2.749095175770573801e-02
2.342849003041922451e-01
1.000000000000000000e+00
-4.441688594626838071e-01
7.494831948420398460e-01
-1.000000000000000000e+00
1.000000000000000000e+00
-1.041968228642696781e-01
1.687347860145667622e-01
-2.017830897041091587e-01
-4.312320379986811503e-01
-8.103344358633109978e-01
-5.597957339794382703e-01
-4.215263334561353270e-01
-7.277645642639528623e-01
2.092424575127413977e-01
7.909213835979604923e-01
-2.135569837609399557e-01
-6.520987026779083706e-01
1.754496634084614648e-01
5.356065405676695423e-01
-3.714432168213961383e-01
-7.154066835310742833e-01
9.871514845577296360e-02
-7.005697622534203806e-01
-5.204647472715497880e-01
-9.382340517353964238e-01
-1.929394951836314043e-01
2.585438851733479204e-01
-1.064349223939800027e-01
-6.925169490745022305e-01
1.000000000000000000e+00
1.730061395297689819e-01
-1.000000000000000000e+00
1.868524363639197938e-01
-6.564929113893406276e-01
-7.656255317519913284e-01
-4.045053417113194105e-01
-3.694423370242498339e-01
3.797678194886376923e-01
-9.371379327552263883e-01
1.000000000000000000e+00
-3.385157302360422560e-01
5.725843968454661370e-01
8.330137327619459020e-01
-3.006438913825871251e-01
-4.707890493040520208e-01
6.415026589041069593e-01
-2.734075264663863095e-02
2.203419428592823526e-01
-2.178131993843216707e-01
-3.640385527745244598e-01
-5.901758183474772324e-01
2.998763340029170221e-01
-7.991332612529181700e-01
-5.311310174083251345e-01
-2.721619878855469424e-02
6.973476321926820320e-01
-4.429483244449334278e-01
-3.438953740296701173e-02
-1.850375240158242118e-01
4.854939763444181544e-01
2.629165588137619691e-01
5.894884061691272326e-01
3.965159883893150383e-02
-6.668959046077306274e-01
3.093302545252696323e-01
-7.549480335477598558e-01
-4.542026980718552043e-01
-9.460189355382465637e-01
-4.819841446387936323e-01
1.893058883726727870e-01
-6.947644758371779306e-01
7.687004905420955492e-01
-1.000000000000000000e+00
-9.591890071087252334e-01
-3.180731207924416548e-01
-1.418645233927361415e-01
-7.652403454062236543e-01
9.020237306658664966e-01
1.000000000000000000e+00
2.967069951822359219e-01
-5.602827185745384853e-01
-4.518678232863411748e-01
5.215076514658698592e-01
9.962559589925945591e-01
-3.063680160622175852e-01
-3.137218296522018002e-01
-1.235341508673026834e-01
-2.537666553820182025e-01
-5.599343524623482393e-01
-2.005638411247466224e-01
-1.115781402600634076e-01
1.702020762276171273e-01
3.422323933524303308e-01
1.257140499176582216e-01
4.425851324548817356e-01
-4.216348508164137199e-01
6.229891633089224001e-01
-1.547432614858118283e-01
2.890640496233829460e-01
8.114814027260316975e-03
8.509609918549645435e-01
2.799964145352147327e-01
-9.596770920109427838e-02
4.118821234273503107e-01
1.000000000000000000e+00
4.258796228565192021e-01
-9.062313480475510108e-01
4.640516790235862943e-01
6.944469194126607903e-01
-1.000000000000000000e+00
9.581065717270882409e-01
-3.401114437353984221e-01
1.000000000000000000e+00
7.932785193581138872e-01
-4.997611600800979659e-01
1.562559382657514040e-01
3.028198281437871064e-01
-4.811153260034458090e-01
-3.624018782501598479e-01
5.476618227256973004e-01
1.212703818184566879e-01
-7.961940816057476722e-01
-6.638066247583928048e-01
-2.633189685003980429e-01
-5.809047135853591115e-01
-4.830877930615675719e-01
5.202335705089712325e-01
1.868195434784685749e-01
-4.558535716359728429e-01
3.588345150393517091e-01
5.930894882102417665e-01
9.388406136726872298e-01
-1.162150096833160368e-01
3.324125286147849856e-01
-4.427664163294127153e-01
-2.262640745335827153e-01
1.392496537661176703e-01
2.188869618339550627e-01
3.074648387005845737e-02
-7.085575364682584754e-01
-2.445201697918490402e-01
5.322977862895410528e-01
-1.213996502896438068e-01
-7.904164435940418398e-01
-6.217883955916588823e-01
1.761943331940888369e-01
7.235866645314215084e-01
-3.255893840945742190e-01
7.220382164216384568e-01
4.368201541142356370e-01
1.367451755413939818e-02
-5.499266693414628371e-01
-4.504978583781724111e-01
8.802960089147587874e-01
-7.968848844591575054e-01
-2.752413303211513340e-01
2.504627880412221286e-01
-4.832266977367967176e-01
-2.095560983244393882e-01
-6.915550205930751093e-02
-6.173291966481440907e-02
-2.237799743114624318e-01
6.859773452290589546e-01
-4.691190703211334800e-01
6.290195280951885182e-02
-1.157599297903085245e-01
4.888063314114443614e-01
8.697696105923357068e-01
1.275699626914322468e-03
-4.326105945999123015e-03
2.929124607385709123e-01
5.462568193216459367e-01
1.996854064184840072e-01
