-7.441065062942427977e-01
9.397776084134172869e-01
-2.422695853650753683e-01
4.263918358299810807e-01
9.922167634500387301e-01
-2.746281984511237395e-01
-9.277276704819857889e-01
3.969514199151211731e-01
-7.856002020249608364e-02
-1.000000000000000000e+00
-1.000000000000000000e+00
6.948937259883063433e-01
7.242576580407666942e-01
9.956927102091950310e-01
7.005630821059694036e-01
-9.181065694940401256e-01
1.000000000000000000e+00
9.442754777277658773e-01
-5.529347640676098852e-01
-8.785055397930345844e-01
-6.442144654798482861e-01
-1.000000000000000000e+00
8.768951320973710217e-01
6.683108485733253445e-01
4.102266864388963707e-01
-6.074711537739024836e-01
1.000000000000000000e+00
-1.000000000000000000e+00
-6.674374416363262341e-01
2.607642671319547745e-01
5.641981960372055571e-01
8.715394437301196007e-01
-5.178582049061082326e-01
1.000000000000000000e+00
-9.544963396563355129e-01
1.896773082676659061e-01
-9.156944143746609255e-01
7.518332046931571755e-01
-5.562649813297313450e-01
9.916392454748915730e-01
-9.199983698539327959e-01
-1.056287182363009336e-01
7.674994160402792698e-01
-7.147763141771780182e-01
-3.031687307634429729e-01
-6.552830254146494449e-01
7.461418660417089566e-01
-1.000000000000000000e+00
7.791995527046617909e-01
-4.657851132198299049e-01
-4.997955223780887746e-01
3.370990290054646232e-01
-7.219572058017602600e-01
5.555734810417483072e-01
-5.340465069218619520e-02
-9.245187366941460816e-01
-7.211598120451523375e-01
-7.631684160572282938e-01
-9.883471615892839290e-01
2.644842484310271358e-01
9.714116501780608592e-01
1.477626487326976767e-01
-2.299301325768065840e-01
2.367684759257064897e-01
-9.741814762419502838e-01
-8.834267520679923713e-01
2.801144765209769294e-01
2.999106386259025592e-01
-1.000000000000000000e+00
-7.137926890590896578e-01
2.351246485961264732e-01
-5.295650741856503529e-01
9.803735316822637103e-01
6.539882904992692092e-01
-5.780010880422933317e-01
-1.636780373461078353e-01
8.737275065373675265e-01
-5.184616269027493285e-01
2.538410201398239030e-01
9.037646549129367823e-01
8.619083387386804462e-01
4.958391726517297204e-01
-4.515979621221114515e-01
9.434230882176436461e-01
1.943303020739373110e-02
-4.400775595395487461e-01
-9.965193729632058073e-01
6.943578139621834344e-01
1.000000000000000000e+00
-3.465358317259624732e-01
4.437494189874890971e-01
-3.031687307634429729e-01
4.391427488964291248e-01
6.070858307108095708e-01
-1.000000000000000000e+00
-1.000000000000000000e+00
8.773455403019356780e-01
-1.000000000000000000e+00
-2.832408850512465603e-01
-5.043777025190993024e-01
-9.763783994670630628e-01
-2.490561199507974610e-01
8.354011610043545755e-01
-8.876168249174775093e-01
-4.410617221571167534e-01
-1.266001846393445540e-01
6.606930755028261881e-01
-5.205744834075612948e-01
3.031687307634429729e-01
8.604085400288248309e-01
9.029952416356308298e-01
-9.936980404199223793e-01
2.186230964663976595e-01
-4.978043277850424664e-01
-3.031687307634429729e-01
1.000000000000000000e+00
-3.793318043182445920e-01
4.447171433667874707e-01
-5.395396514085268880e-01
9.548156780408215694e-01
5.243426245999027735e-01
-3.357451445740076701e-01
1.591429995955649102e-01
-8.921290828944081763e-01
9.385558300587286684e-01
-2.598145244063291281e-01
8.033645526736392650e-01
1.000000000000000000e+00
-8.325541436545458307e-01
4.260143667636907550e-01
-9.349956718958131185e-01
-7.051240410548297310e-01
-7.199515623687655630e-01
-1.000000000000000000e+00
-1.336160401715263402e-01
-6.446679751657518054e-01
2.124151131606449305e-01
2.870855250329763519e-01
9.165210358947021296e-01
-1.000000000000000000e+00
5.555249283140202277e-01
-4.819887347778200604e-01
-8.967169882516531354e-01
-5.825980899334699536e-01
-1.513480834314906154e-01
5.282917483246438728e-01
-3.676755758537324503e-01
9.462837168353067652e-01
-4.295335172930622170e-01
6.967045511113787448e-01
4.483238435349023998e-01
-2.984833351751464692e-01
1.465071591551014851e-01
-1.407338744600851732e-01
1.000000000000000000e+00
-9.761572508967448769e-01
-9.533181283499505554e-01
-9.836953982089173820e-01
1.000000000000000000e+00
4.373037738306996269e-01
8.887836457926787670e-01
-8.527426977283106835e-01
7.515834277130458707e-01
6.935500263888576544e-01
-3.663455746905799337e-01
-4.218965324217756052e-01
-8.251866519371320319e-01
9.237584217813372689e-01
9.636857040823011422e-01
4.880248327306874745e-01
8.172485788921912686e-01
-1.686953353288166424e-01
9.869492091577255488e-01
4.849340873380219574e-01
8.926940293135640081e-01
1.000000000000000000e+00
-1.000000000000000000e+00
-1.000000000000000000e+00
-9.543759365448992726e-01
9.202399002235942538e-01
3.322469018915141792e-01
2.656324274678192321e-01
-4.971719800471322559e-01
-4.715861955165836505e-01
-2.270468235830354065e-01
-8.486982530109490330e-01
8.870088629648121836e-01
9.751247698974250255e-01
-6.309975332538851900e-01
5.869782631591581312e-01
-6.514909108664885817e-01
-3.361514432220708004e-01
9.075625956659308935e-01
9.622022385830404367e-01
-6.121847857491182765e-01
-7.635358187085119486e-01
-1.071783674967863309e-02
-8.925149539295735845e-01
-9.837988820684749891e-01
-2.326187907044302561e-02
-3.562720800129585141e-01
1.000000000000000000e+00
3.217528961930374853e-01
8.984730073514518578e-01
9.340061191256396889e-01
-2.303354590789221112e-01
-1.000000000000000000e+00
-1.854708735720461688e-01
-3.031687307634429729e-01
1.000000000000000000e+00
-5.260826159046191330e-01
-9.320653915300870507e-01
1.000000000000000000e+00
3.277736159409095906e-01
-1.000000000000000000e+00
-9.828581085603267375e-01
9.424669631217926780e-01
6.755628890543832199e-01
2.896622073575990663e-01
8.904391079688692701e-01
1.330109031983237600e-01
-4.419454551546806997e-01
9.939133171082529250e-01
-9.335202347653490662e-01
5.858270011658306409e-01
-9.734327210397812902e-01
-7.335956023613142696e-01
-2.431169858517420179e-01
4.040987456247479015e-01
9.339048197918689009e-01
-7.539468788601513261e-01
5.688155976820739035e-01
8.217837653621685723e-01
2.912792347539178150e-01
-1.000000000000000000e+00
9.383054222618419926e-01
-1.000000000000000000e+00
1.000000000000000000e+00
2.730050415732218072e-01
-3.450482310403401032e-01
-1.428681682653569762e-01
9.857609381571080798e-02
-4.988484783755219309e-01
9.752692468227877054e-01
4.866855089493190012e-01
1.623322004198115565e-01
9.503923243778377161e-01
-7.824272037034505356e-01
-6.733451641765597628e-02
1.709738565253949849e-01
-8.736459721859803906e-01
-9.525298535641332220e-01
-2.661845012870552862e-01
3.276357580696369620e-01
2.992613513808941583e-01
8.436223778860660882e-01
-1.000000000000000000e+00
-8.687026764787021405e-01
7.892061832182287739e-01
7.019311742582634572e-03
-5.402024535129441585e-01
9.743094339041846741e-01
4.262562446439209785e-01
8.806136881570475472e-01
4.650984001510009014e-01
