-3.354320349289354186e-01
1.000000000000000000e+00
-3.726306541257649041e-01
-1.000000000000000000e+00
5.881641526807988019e-01
-6.664917276321196127e-01
9.299146287702138025e-01
7.305048206471886907e-01
-1.000000000000000000e+00
7.154550155276739876e-01
8.618297290379969278e-01
-3.725333836816190347e-01
4.745194270609746079e-01
-4.448344941262338259e-01
-1.000000000000000000e+00
1.000000000000000000e+00
-1.000000000000000000e+00
-3.151051666678942875e-01
-3.883377089885646782e-01
7.471790351307361355e-01
-4.907636345796898003e-02
4.162115789363700080e-01
-1.000000000000000000e+00
-8.248064547112072820e-01
-5.875446480643049529e-01
-2.443032157919633462e-01
-3.315587886910392745e-01
-1.000000000000000000e+00
-8.550078547192538347e-02
3.188052851528487830e-01
-4.728526762045975884e-01
-5.367165407680999367e-01
-5.255234680432201433e-01
-1.000000000000000000e+00
4.084571368828034954e-01
8.130417836116782260e-01
7.373705628188544914e-01
9.425118382886771284e-01
-2.989842166228665055e-01
9.863453317770322082e-01
1.000000000000000000e+00
-1.000000000000000000e+00
5.360361468428653797e-01
7.748093436854376348e-01
1.219675826885067149e-01
-1.059712699116423518e-01
5.164503558419426543e-01
3.655542011992051754e-01
3.435577254150229409e-01
5.432766793761701907e-01
8.229396583022416944e-01
-7.714520502962458615e-01
5.688071783874852905e-01
-5.755652922957930073e-01
4.401399560944885825e-01
-9.635348319076939561e-01
-7.348397022987561700e-01
-8.069225188999546994e-01
-1.000000000000000000e+00
-6.853371126923271106e-01
7.398017433923177455e-01
9.039588808140469611e-02
1.353408456792918324e-01
1.777258529710085133e-03
3.661403633531179480e-01
-9.468699848300290434e-01
8.189608728217384614e-01
5.763041827179679055e-01
-5.494383748685047753e-01
1.981227225866794006e-02
3.626866952400020772e-01
-1.000000000000000000e+00
3.417813098156009533e-01
-2.081011374262348168e-01
2.163080924568968610e-01
4.216688484314890517e-01
1.000000000000000000e+00
9.273448196508314867e-01
9.555809534999840649e-01
-7.032937525174185467e-01
-2.083768682205509037e-01
-1.000000000000000000e+00
7.033845011256745217e-01
5.254827009629048362e-02
7.243133226712580308e-01
-9.952486523933310458e-01
-7.082834795344267187e-01
4.853624746050492211e-01
-1.000000000000000000e+00
5.314897418940937035e-01
-2.214224161067966934e-01
-1.520332757594822226e-02
-5.778939349073732856e-01
7.610029705515733989e-01
-7.030679986874163179e-01
-3.349409871479049894e-01
5.737013332785020903e-02
-8.622904962787732996e-01
5.219583668668235088e-01
-8.337285506114331390e-01
9.356269114103824558e-01
-5.707757615081129332e-01
9.595510529480047457e-02
-2.975835839190347776e-01
-4.042608900778777992e-01
2.355806491862722230e-01
-1.000000000000000000e+00
-2.726518790218718236e-01
-1.000000000000000000e+00
3.091357090980105804e-01
1.000000000000000000e+00
-3.831551947901064015e-01
1.000000000000000000e+00
3.666530276621726148e-01
2.061034276965592604e-01
4.811645789572737142e-01
4.109034081696761875e-01
-6.814780427299682586e-02
1.000000000000000000e+00
-5.297989161194893715e-01
1.000000000000000000e+00
8.487519313032291235e-01
8.627885888654296398e-01
1.748568568151207259e-01
-6.422763073327643069e-01
1.000000000000000000e+00
-5.469999819871160796e-01
3.164116411307285603e-01
-2.333746705331735116e-01
-1.000000000000000000e+00
-2.791496003092553413e-01
-4.187830828644062420e-01
1.000000000000000000e+00
-1.000000000000000000e+00
-9.221346535467657146e-01
4.947907549791986659e-01
4.435908069983331981e-01
2.896801610305045349e-01
3.747511380079840415e-01
-1.000000000000000000e+00
3.851868305927804714e-01
-6.470726138674128824e-01
-5.689062474747683673e-01
6.849943672113727455e-01
7.256600426502438639e-01
1.034865074928193046e-01
-1.000000000000000000e+00
8.327658171367773310e-01
-1.000000000000000000e+00
2.778620042800662437e-01
-1.000000000000000000e+00
1.000000000000000000e+00
6.865972165266115423e-01
4.512997887088732174e-01
-1.000000000000000000e+00
-7.721425236636534351e-01
-2.053711773024647635e-01
7.122340095941726013e-02
-1.000000000000000000e+00
-2.128981096215131208e-01
5.810032396362730944e-01
5.733709415018134470e-01
1.000000000000000000e+00
-1.000000000000000000e+00
-5.132061786234025647e-01
-8.021764874808221535e-01
-1.000000000000000000e+00
3.218292918253737311e-01
9.807299490288184929e-01
-1.218481754432411690e-01
-1.000000000000000000e+00
-9.058032393665438331e-02
5.671498765514684237e-01
6.921185151645158351e-01
-3.522238230169211226e-01
8.660784145952069579e-01
-7.659312733721923561e-01
2.843701100662116010e-02
7.170050203787075027e-01
6.951257689235923465e-02
1.000000000000000000e+00
4.159737361881560291e-02
8.442893686617797266e-01
4.419793158184509574e-01
1.000000000000000000e+00
-1.000000000000000000e+00
1.000000000000000000e+00
-3.162276902151988089e-01
-1.104717842533631256e-01
-1.000000000000000000e+00
8.521377239779118207e-02
-4.781939948755214997e-01
7.731374493141961457e-01
-1.000000000000000000e+00
-7.362775574629979447e-01
1.000000000000000000e+00
-2.464575009927000848e-01
1.000000000000000000e+00
7.347807716496822517e-01
9.185032896266309699e-02
-2.838160494201966144e-02
-8.411668958521657524e-01
7.562967249913813417e-01
-1.000000000000000000e+00
-4.576091453088832472e-01
-1.000000000000000000e+00
-1.000000000000000000e+00
1.000000000000000000e+00
5.261946143086194683e-01
1.568137612158310434e-01
7.189458633125761500e-01
-1.000000000000000000e+00
2.437841860999974963e-01
9.253500163580902216e-01
9.442870740895009662e-01
-6.533244375292689421e-01
6.873345136173574232e-01
5.988439156686746756e-01
2.905529763051072911e-01
4.183893398520399098e-01
1.572805000626353311e-01
-3.128566929800062346e-01
2.622989366713235904e-01
7.229325398892771926e-02
1.000000000000000000e+00
-5.617742947435362399e-01
-1.338715201722030096e-02
-4.171784334549411000e-02
7.509025655394078180e-01
8.106535509650936167e-02
-7.016870720828580765e-01
-1.000000000000000000e+00
7.970102779522911240e-02
-3.328882528902964433e-01
-3.316508005498705614e-01
1.000000000000000000e+00
-6.820442704470978112e-01
-1.000000000000000000e+00
-2.704413368874459822e-01
-5.240986904024927950e-01
-9.940984133987111893e-01
9.266943620148060390e-01
-1.010188565570846742e-01
-1.000000000000000000e+00
8.132036266700904958e-01
-9.749648149238077099e-01
-1.000000000000000000e+00
1.312682871793847961e-02
-1.000000000000000000e+00
3.504395764696236482e-01
5.737128513649805139e-01
3.537552247874289346e-01
-3.059387371565639446e-01
1.000000000000000000e+00
-5.022475336928293732e-01
1.424195008767698833e-01
-9.727327054657886052e-01
1.366744241583869868e-01
-2.566229169561938805e-01
4.997680770241199055e-01
-1.000000000000000000e+00
1.000000000000000000e+00
1.000000000000000000e+00
7.804017593521724860e-01
6.422274308063643522e-01
