5.391405469035480680e-01
-1.000000000000000000e+00
8.876061824984233795e-01
2.932889445589497157e-01
-9.631492021482235266e-02
-2.161843810608898853e-01
-5.286720481115724235e-01
3.809487939853394844e-01
1.000000000000000000e+00
-3.157261543486886701e-01
-7.069873751856623478e-01
-1.000000000000000000e+00
-1.200492452873910265e-01
1.000000000000000000e+00
3.433648312031984950e-01
1.000000000000000000e+00
-1.213417721684475897e-01
-6.422900356149612300e-01
5.303065619554776511e-01
-1.017084667535989584e-01
-7.132048355136717532e-01
1.000000000000000000e+00
-6.899489711786452872e-01
-3.357749099578508090e-02
-6.816768182049699476e-01
-1.000000000000000000e+00
-1.000000000000000000e+00
-2.416345372360214627e-01
-1.000000000000000000e+00
7.926657039416074024e-01
1.636101380612586809e-02
-1.139951755486910967e-01
-6.389044127307180743e-02
-9.825800163498609185e-01
7.793651481583980800e-01
-1.000000000000000000e+00
3.591744117744163356e-01
1.049048064102215960e-01
-1.250407842403922221e-01
-1.000000000000000000e+00
1.000000000000000000e+00
1.000000000000000000e+00
9.146893796395172416e-02
8.576692286775403629e-01
-8.697748994491605323e-03
1.812765733672270230e-01
3.973013799229284104e-01
-4.626916702855337071e-01
-1.000000000000000000e+00
-3.387836279366687742e-01
-6.732858449149631275e-01
-5.054897195620632333e-01
1.000000000000000000e+00
-1.000000000000000000e+00
-1.000000000000000000e+00
4.351802290667145523e-01
5.000698542322286055e-01
-5.351180388018352829e-01
-1.000000000000000000e+00
-1.000000000000000000e+00
3.412224044903299225e-01
-1.000000000000000000e+00
9.011265429684885975e-01
-2.802099804392008675e-01
2.237006379326413885e-01
-1.000000000000000000e+00
9.981775989292481777e-01
1.000000000000000000e+00
5.682810163676985660e-01
3.954380857724872911e-01
-1.724648853318224706e-01
1.000000000000000000e+00
-4.651678159257994771e-01
2.115727354918027769e-01
4.573360913068050815e-01
-2.941854612815555381e-01
-7.210733428874387396e-01
3.949211234424384598e-01
-1.175262564484013117e-01
-1.000000000000000000e+00
-1.000000000000000000e+00
-1.000000000000000000e+00
-7.497505513742013239e-01
4.910728673715947235e-01
-1.000000000000000000e+00
-2.768091595299282393e-01
-1.779476697240239824e-03
1.670872151698483687e-01
1.000000000000000000e+00
-9.389583045590361721e-01
-1.000000000000000000e+00
-1.000000000000000000e+00
-1.000000000000000000e+00
-1.000000000000000000e+00
1.000000000000000000e+00
1.000000000000000000e+00
5.796783658309191400e-01
-5.052451741479904168e-01
-5.590884521245704786e-01
8.944523412360515513e-01
1.000000000000000000e+00
-3.705478912915902701e-01
-6.870352997321185207e-01
4.521684638555012459e-01
1.197436577975347360e-01
1.000000000000000000e+00
-2.682319480891985908e-01
-1.710470971870337031e-02
1.000000000000000000e+00
1.000000000000000000e+00
-5.886693236196762768e-01
1.135945671390686806e-02
5.924123444032111108e-01
-7.747181705626282611e-01
-1.000000000000000000e+00
-3.690083250627643197e-01
1.000000000000000000e+00
-4.305450217180486483e-01
3.715909020048892009e-01
1.000000000000000000e+00
1.585343523732860027e-02
1.000000000000000000e+00
8.141672958232613888e-03
7.824860323339669632e-01
9.592584265772935437e-01
1.000000000000000000e+00
4.011078618939608598e-01
-3.408022534479682730e-01
6.430066547207363703e-01
9.589252116298552231e-01
-4.780412004721492636e-01
-1.455057019547646158e-01
-6.897091907778447606e-01
5.575936178520124464e-02
-6.887499214825616445e-01
-1.000000000000000000e+00
8.443979929540029739e-01
-4.328382590412070963e-01
1.000000000000000000e+00
-4.557408833520915081e-02
4.039410239251448598e-01
1.000000000000000000e+00
3.011810651478151746e-01
1.000000000000000000e+00
-1.000000000000000000e+00
-1.000000000000000000e+00
5.088337907524591586e-01
1.093784712165760120e-02
9.232358239438109848e-01
-5.071377775905687724e-01
8.537680477045084260e-01
5.345847456267974751e-01
1.000000000000000000e+00
1.000000000000000000e+00
-1.000000000000000000e+00
2.799130283096529226e-04
-5.118910889033960743e-01
4.974709125320764258e-02
-3.866605970509886525e-01
1.000000000000000000e+00
-4.438676051381151844e-01
-1.000000000000000000e+00
1.000000000000000000e+00
1.000000000000000000e+00
-3.670218758705172113e-01
1.000000000000000000e+00
-2.877880168716581352e-02
1.000000000000000000e+00
2.640029244820780718e-01
2.035796375827685356e-01
-3.078256388507406571e-01
8.100468636435674830e-01
5.091792182547606460e-01
-2.095920909742419180e-01
3.316262559533409426e-01
-1.272485292210379093e-02
1.000000000000000000e+00
-4.251040683303797252e-01
1.000000000000000000e+00
-2.040689549965495897e-01
8.462911194850710750e-01
-1.000000000000000000e+00
-5.870446140477092456e-02
-7.166581377001908226e-01
3.649516937874249800e-01
-2.536674018784259577e-01
-4.164988667256655508e-01
-6.384340158846555369e-01
-4.089779225228289405e-01
-7.132338882374275046e-01
3.244762621640784328e-01
1.000000000000000000e+00
1.000000000000000000e+00
-4.369639218177834294e-02
3.346563384357236770e-01
-2.978098179383585897e-01
1.000000000000000000e+00
-1.000000000000000000e+00
-7.173020694406005981e-01
9.819133134446873523e-01
4.884367655385990492e-01
-1.814853646895756567e-01
-1.000000000000000000e+00
1.719009141594352030e-01
9.126292720485138510e-01
-7.105915603039100192e-01
-1.311594431560177965e-01
-9.275474042476369307e-01
-4.337834373617929784e-01
-8.123745006563424242e-01
-8.209456738668036158e-01
-4.954025903051186286e-01
3.754193837484974816e-01
-5.801097645691359883e-01
4.323794918869359183e-01
-1.504878165463043871e-01
7.143706718052200699e-03
-4.155479426316910363e-02
-1.000000000000000000e+00
9.554590152488832144e-01
-2.019502318809835995e-01
-1.000000000000000000e+00
-1.000000000000000000e+00
8.388512133329266707e-01
1.641476791128376467e-01
-1.031434240021125159e-01
1.000000000000000000e+00
-5.478267107102090527e-01
1.000000000000000000e+00
-1.000000000000000000e+00
-2.704944677865988578e-01
-4.311267293439224879e-02
-1.000000000000000000e+00
3.968313173578655872e-01
-6.697191476862632831e-01
-1.000000000000000000e+00
-2.361809825089209447e-01
-1.000000000000000000e+00
-7.184381366252299284e-01
1.000000000000000000e+00
-3.474200773629515515e-01
5.453239384108149457e-01
1.000000000000000000e+00
-1.297619774743457022e-01
-8.687648451825077389e-01
-6.895093559144302997e-01
-1.000000000000000000e+00
6.393626085550768723e-01
1.000000000000000000e+00
4.901424194577125304e-01
-6.130451025173178081e-01
1.000000000000000000e+00
4.608900049700650481e-01
3.620910663826606424e-01
1.000000000000000000e+00
-2.194777839204647973e-02
-2.606622448518739477e-01
1.000000000000000000e+00
1.000000000000000000e+00
-8.840522357495743666e-01
-1.000000000000000000e+00
1.624981339620907850e-01
5.702149755774829076e-01
1.000000000000000000e+00
6.438201460916981311e-01
