1.069660176222322762e-01
1.665691498459127562e-01
-2.152551738379872293e-01
-1.000000000000000000e+00
-2.890791912099518329e-02
3.164675693540754398e-01
2.898997432159697296e-01
2.596310602251812316e-01
7.049532119850356882e-01
-4.587999793020086647e-01
8.418869469204731670e-01
-5.179105410631027473e-01
-2.023913942907533681e-01
8.945191029419276019e-01
-5.501640648239517484e-01
-8.106523403113066184e-01
-7.222346599945672629e-02
-8.695203481597509054e-02
7.899660798735593792e-01
3.397164633621594931e-01
6.621797996973364242e-01
-4.563753608358466218e-01
1.520430774429196163e-02
-8.547506686106789986e-02
4.035078601171013801e-01
3.157535609837795465e-01
-8.239546997624787039e-01
2.094424306608855257e-01
5.126258203161524474e-01
-2.784104110369756691e-01
-1.095225145138097878e-01
7.513764141964526799e-02
-7.621751253112588609e-01
4.430287957716688152e-01
-7.577145748544802384e-01
-1.000000000000000000e+00
-1.164542315546432394e-01
-1.420497073112506892e-01
-6.610123006079634544e-01
5.061277859293193959e-01
8.574111044076395682e-01
-2.493821260655099473e-02
-5.536559328402106406e-01
-5.193195323887420667e-01
-6.799965853553850692e-02
1.163165359851661348e-02
6.287738617319600376e-01
-4.582429223112521877e-01
-3.301020119998708258e-01
9.348279451339764901e-01
8.907317587404702808e-01
1.000000000000000000e+00
-4.671377658212839123e-01
5.660003629576978446e-01
-9.682209378730187721e-01
-7.428924594222215960e-01
-7.925339334428622984e-02
4.461989589513816190e-01
9.508875999499368792e-01
-3.825523050993093199e-02
5.210555171104269689e-01
5.091912373482092302e-02
5.916638506464159120e-01
-6.314736186635656612e-01
-7.091493646221041017e-03
-9.165193550517973520e-02
-2.252052517030704581e-01
-1.770679135808975735e-01
-4.435887694783590129e-01
-1.000000000000000000e+00
2.813166428620877402e-01
-4.368627911050231294e-01
8.069324313350800804e-02
6.141559986057361364e-02
1.000000000000000000e+00
-6.967453726113345125e-01
6.913725826944513431e-01
5.297204854334227608e-01
-1.722852426712821461e-01
4.169242569451326319e-01
-3.259035306134335230e-01
-1.000000000000000000e+00
5.757393932982945994e-01
9.577230724313523513e-01
-3.082300132511798241e-01
4.833322458798793714e-02
9.690070461783752975e-01
-4.225180217052255244e-02
-9.199464851933679688e-01
2.986923487502184393e-01
4.163249863976309362e-01
-9.393617834011339651e-01
8.262247123443842156e-01
4.053268725194201783e-01
-2.944453968464377791e-01
-1.721875446376147922e-01
1.420844802192276074e-02
2.273137585209682454e-01
8.501323674155291110e-01
-2.603968413351568922e-01
1.097973142905881855e-01
6.848899936489951656e-01
-5.562558631360745576e-01
4.521779367444009878e-01
-1.448568200954706252e-02
-1.784129446345814052e-01
4.373008218246993706e-01
-5.071070511074478038e-01
-4.130523653488012981e-01
2.296299462173320149e-01
-1.362295722735596716e-02
9.309244306716021322e-01
2.055950861270404162e-01
-3.053694089929795963e-01
5.169486176112821074e-02
9.131281642733940496e-01
7.090464362952235700e-01
-2.883907853667517784e-01
6.070319386856856125e-01
1.000000000000000000e+00
2.038348313971584669e-01
-7.896787823764667147e-01
-3.143087917767778960e-01
-1.669571895779835627e-02
8.387418822994593404e-01
8.127123409420642375e-01
-5.474738281514120002e-03
-6.386106429716751354e-01
5.006888599567977938e-01
2.097960632484315024e-01
-4.912897032337514847e-01
-7.339893852887648951e-01
1.121404767106996131e-02
7.131595391478580126e-01
-1.337537774406930002e-01
8.034652356392056882e-01
-7.783424273988320818e-01
-8.517072698123964170e-01
2.332402896269823722e-01
-3.489790112690284163e-01
-1.270210256658530767e-01
-3.625476335317383003e-01
6.163181997991972194e-01
5.478474822263926791e-01
2.599207278163577217e-01
-8.119450658516169650e-01
-1.587314051399232595e-01
-7.099279570226725289e-01
-1.732776776856153472e-02
-1.800942430860964782e-01
4.405162323398851831e-01
4.552222887497291981e-01
7.154092477022827579e-02
7.711928634185517550e-01
6.364386426840830391e-02
1.219720513116068078e-01
-3.502896124439079939e-01
4.513944942302072771e-02
3.836407806610456217e-01
2.258679146516524572e-01
-9.662046356973663652e-01
9.692678235118207253e-01
-4.326027101862451318e-01
-4.307341782010245534e-01
-2.331941494997885611e-01
-5.084999011335331748e-02
-5.637009246553679187e-01
-6.202639052271988751e-01
1.047044655800557361e-01
9.651781296758115136e-01
8.836770758651704138e-01
-3.805919177769308548e-01
6.372215190861343359e-01
-3.755944716497765512e-01
5.064555053390349532e-02
-4.096539428957716167e-01
7.572767704880728479e-02
-5.639158964747669200e-01
-3.384578762925280482e-01
-9.536829632615053676e-01
-4.653689225957386433e-01
2.325357953200791472e-01
-9.091826302404338866e-01
3.048587904356414024e-01
8.399502325329148977e-01
2.938146629157998291e-01
1.000000000000000000e+00
-2.398274030747618579e-02
-8.265649655581601696e-01
-1.339325612568285084e-01
-6.570045811894592580e-01
1.346749100204806260e-01
2.801954375344035686e-01
3.000794542708947188e-01
-3.605398562887217606e-01
-8.780633978385576910e-01
4.447562642239410446e-01
3.563585077612507757e-04
-9.805709607099336589e-01
-4.057126204820830917e-02
-1.000000000000000000e+00
-8.050994971811816781e-01
-8.086586634681433017e-01
8.415801927089678891e-01
-6.708621849218353306e-02
-8.568274159606990015e-01
1.759485901981865941e-01
6.107784700809902878e-01
-9.275968395207343301e-03
1.515729158559800437e-03
-4.520190482269926258e-01
-2.489711010268800262e-01
8.350210848152876952e-01
3.350546685363320898e-01
-3.732971487390724374e-01
-6.802878789176082519e-02
4.857865408788493711e-01
5.108250276845331672e-02
4.742476147861031666e-01
-2.562450670014151388e-01
8.951733581422043340e-01
-9.703692438349088567e-01
-9.289186426322980639e-01
6.088824166050112174e-02
8.203242922245521651e-01
1.071833200499046623e-01
4.240663569956223955e-02
4.007650447470798016e-01
-9.494437786598972639e-01
9.838690188017549243e-01
5.469803342716297312e-01
8.826799640557277948e-01
-1.090785298734518877e-01
7.712078844048495530e-01
5.566135307412678479e-01
-7.407949997824464505e-01
-1.918974120337416933e-01
7.279628638841788568e-01
-9.636154636929714634e-01
3.068229536904886201e-01
-1.911221425987390254e-01
6.896489565019287005e-01
-1.077768973048367079e-01
5.195702784247985262e-01
1.000000000000000000e+00
-8.735803068772312052e-01
3.365286427510959938e-02
-6.362751329718120408e-01
-5.427549349632424525e-01
2.520704736853749961e-01
6.107019160002608027e-01
-1.000000000000000000e+00
-1.952767426700786069e-01
3.077632598604168046e-01
1.133862851618552825e-03
-4.868395160059739157e-01
-6.075844337827021047e-01
9.105569345479783694e-01
1.000000000000000000e+00
9.159760767116059688e-01
8.705558859058019072e-01
-3.805250277736137998e-01
6.651476266515189417e-01
1.000000000000000000e+00
-8.718946367892124738e-02
