9.591858905132972790e-01
1.000000000000000000e+00
1.000000000000000000e+00
1.000000000000000000e+00
-7.919250934077949333e-01
6.926565292522190997e-02
-1.000000000000000000e+00
1.265595277784039574e-01
3.345519415660558882e-01
-1.000000000000000000e+00
-7.759060942664799398e-01
-1.000000000000000000e+00
-1.000000000000000000e+00
1.000000000000000000e+00
9.206472126852196514e-01
-1.000000000000000000e+00
-1.000000000000000000e+00
1.000000000000000000e+00
-1.000000000000000000e+00
-1.000000000000000000e+00
-1.000000000000000000e+00
-1.000000000000000000e+00
1.000000000000000000e+00
1.000000000000000000e+00
-1.000000000000000000e+00
-8.909401516655004460e-01
8.092570543733711430e-01
2.297601709952776239e-01
-1.000000000000000000e+00
1.000000000000000000e+00
-1.000000000000000000e+00
1.000000000000000000e+00
3.272052356095944692e-02
-1.000000000000000000e+00
-1.000000000000000000e+00
-1.000000000000000000e+00
-1.000000000000000000e+00
1.000000000000000000e+00
-1.000000000000000000e+00
-9.742077190289821775e-01
-1.000000000000000000e+00
-5.915152013724805924e-01
6.970491006903638542e-01
1.000000000000000000e+00
3.814605344920645180e-01
1.000000000000000000e+00
1.000000000000000000e+00
1.877585086062712461e-01
1.588174819111782821e-01
7.812360253053532988e-01
1.000000000000000000e+00
1.000000000000000000e+00
-1.955570601298338429e-01
1.000000000000000000e+00
5.154634161366036249e-01
1.000000000000000000e+00
-1.000000000000000000e+00
1.000000000000000000e+00
-1.000000000000000000e+00
1.000000000000000000e+00
1.000000000000000000e+00
-1.750193718357051509e-03
1.000000000000000000e+00
-1.000000000000000000e+00
-7.709878554219234958e-01
3.398923598636051646e-01
1.000000000000000000e+00
1.000000000000000000e+00
-1.000000000000000000e+00
-6.716223735466076983e-01
1.000000000000000000e+00
-1.000000000000000000e+00
-1.000000000000000000e+00
1.000000000000000000e+00
-8.730947427068334044e-01
-6.669925083592870285e-01
-5.900486286478070497e-01
1.000000000000000000e+00
1.000000000000000000e+00
-6.922685557454020255e-01
4.196871499020615737e-01
-1.000000000000000000e+00
1.000000000000000000e+00
-8.357043824546707134e-01
-3.474563102503674950e-02
1.000000000000000000e+00
1.000000000000000000e+00
-1.000000000000000000e+00
-1.000000000000000000e+00
9.676597805013111842e-01
4.718045746197641055e-01
-4.317958601250102002e-01
1.000000000000000000e+00
9.553101157208315763e-01
-8.344682061511099480e-02
-1.000000000000000000e+00
1.000000000000000000e+00
1.000000000000000000e+00
-1.000000000000000000e+00
-1.000000000000000000e+00
1.000000000000000000e+00
-3.436516155631298419e-01
1.000000000000000000e+00
1.000000000000000000e+00
-1.000000000000000000e+00
1.000000000000000000e+00
1.000000000000000000e+00
1.000000000000000000e+00
6.571648767192104224e-01
1.000000000000000000e+00
-1.000000000000000000e+00
3.052963333432291981e-01
-3.405744894431353975e-01
-1.074498118801626156e-01
-1.000000000000000000e+00
-1.000000000000000000e+00
1.000000000000000000e+00
-1.000000000000000000e+00
1.000000000000000000e+00
1.000000000000000000e+00
-9.540972051776488438e-01
-6.800947272558302004e-01
-1.000000000000000000e+00
-5.661235210056289047e-01
1.000000000000000000e+00
2.664309238433122951e-01
-2.242866291722448446e-01
-2.869782538602535515e-01
-1.000000000000000000e+00
1.000000000000000000e+00
7.915707319169500433e-01
1.000000000000000000e+00
-5.642069818009323168e-01
1.000000000000000000e+00
1.613541390649783636e-01
-1.000000000000000000e+00
-1.000000000000000000e+00
-1.000000000000000000e+00
-1.000000000000000000e+00
-1.000000000000000000e+00
1.000000000000000000e+00
-1.000000000000000000e+00
-1.000000000000000000e+00
1.000000000000000000e+00
1.000000000000000000e+00
-1.000000000000000000e+00
-1.000000000000000000e+00
2.329360300355828861e-01
-1.000000000000000000e+00
1.000000000000000000e+00
1.000000000000000000e+00
1.000000000000000000e+00
-1.000000000000000000e+00
-3.329328365576229576e-01
9.231270394764249376e-01
-1.000000000000000000e+00
-1.000000000000000000e+00
1.000000000000000000e+00
-7.523791328497251296e-01
1.000000000000000000e+00
1.000000000000000000e+00
-1.000000000000000000e+00
1.813693359396441329e-01
-8.411905396169758742e-01
-1.000000000000000000e+00
-1.000000000000000000e+00
-3.073810494798632220e-01
1.000000000000000000e+00
-7.247187083079973391e-01
1.000000000000000000e+00
-1.167420821963028599e-01
-2.366218570432608859e-01
1.000000000000000000e+00
9.523480163298677637e-01
-1.000000000000000000e+00
-4.089512947844683999e-01
8.986619034934287820e-01
1.734130066324081343e-01
-1.000000000000000000e+00
1.000000000000000000e+00
1.000000000000000000e+00
1.000000000000000000e+00
5.523415487316085670e-02
-1.000000000000000000e+00
1.000000000000000000e+00
1.000000000000000000e+00
-1.000000000000000000e+00
1.000000000000000000e+00
1.000000000000000000e+00
1.000000000000000000e+00
-1.329908775234736329e-01
-1.000000000000000000e+00
-1.000000000000000000e+00
-1.000000000000000000e+00
1.000000000000000000e+00
1.000000000000000000e+00
1.000000000000000000e+00
1.000000000000000000e+00
9.930771080728558742e-01
-2.492771470813823220e-02
1.000000000000000000e+00
-1.000000000000000000e+00
1.000000000000000000e+00
1.000000000000000000e+00
-6.162440816534584531e-01
1.000000000000000000e+00
1.000000000000000000e+00
1.000000000000000000e+00
-5.389773653527948349e-01
9.847747296474097523e-01
-1.000000000000000000e+00
-1.000000000000000000e+00
1.000000000000000000e+00
-5.503620860143635385e-01
-1.000000000000000000e+00
-1.000000000000000000e+00
1.000000000000000000e+00
-3.838385368304595979e-01
1.430112776561077714e-01
1.000000000000000000e+00
1.000000000000000000e+00
-6.375976590085303819e-01
-1.000000000000000000e+00
1.000000000000000000e+00
-1.000000000000000000e+00
-9.554999136824054995e-01
-1.000000000000000000e+00
1.000000000000000000e+00
-1.000000000000000000e+00
-1.000000000000000000e+00
5.212966384369018824e-01
-1.000000000000000000e+00
1.000000000000000000e+00
1.000000000000000000e+00
2.277399580877679242e-01
1.000000000000000000e+00
1.000000000000000000e+00
9.818878909797960075e-01
-1.000000000000000000e+00
7.728786849301203521e-01
-1.000000000000000000e+00
-1.000000000000000000e+00
4.049472505170697567e-01
1.000000000000000000e+00
2.392827600382503861e-01
-1.000000000000000000e+00
-1.000000000000000000e+00
-1.000000000000000000e+00
-2.908825221995794408e-01
1.000000000000000000e+00
1.000000000000000000e+00
1.000000000000000000e+00
7.833048490937663533e-02
1.000000000000000000e+00
4.276298799349245172e-01
1.000617054418220242e-01
-4.143940080581970942e-01
-9.133110104667719886e-01
-1.000000000000000000e+00
-8.868420263421734617e-01
-8.110125495030459097e-01
1.050465927198749039e-01
-1.000000000000000000e+00
3.198917022066023463e-01
-3.233385168257877917e-01
