-6.631633279374281598e-01
-1.000000000000000000e+00
2.183483142605447680e-01
-8.432943418539028402e-01
-1.112342291793979587e-01
-1.000000000000000000e+00
2.013741710754278769e-01
-1.087313627991641773e-01
-1.513200717556235086e-01
-8.916005376227513490e-02
4.135502956629596438e-01
4.249596687658664385e-01
-8.333286466455771535e-01
-2.292112199155571517e-01
1.962264614355344328e-01
7.245878663541753806e-01
-1.000000000000000000e+00
-1.403326969038148075e-01
8.311089451012807494e-01
-9.462610056352196430e-01
-5.215842273911180937e-01
4.166518762471695392e-01
7.437835961350656167e-01
3.870299026994602487e-01
-1.627809070233260658e-01
5.909530602570653990e-01
-6.776000753623306894e-03
8.514901940871560937e-02
2.035824252826751724e-01
-3.831495733224418113e-03
4.154607559451578003e-01
5.213403351245724515e-01
4.171183722406481831e-01
-2.433301395057478334e-01
4.357959779860642868e-01
9.844401075956970004e-01
2.859798834772745435e-01
6.556323003962980511e-01
-2.653023125634803026e-01
-2.294205644094965690e-01
8.277428119909414628e-01
8.475758445942214170e-01
-2.457370797338985224e-01
3.508009228053039497e-01
-1.964414628921734018e-01
2.923142230781479167e-01
-5.853843675420092874e-01
-6.521103804003204329e-01
8.655711374009631420e-01
4.058604688672085015e-01
-1.115833711877272788e-01
-4.134125460092596266e-02
8.857438129115914605e-02
-6.573322211331572573e-02
-1.395222260434654526e-03
-5.891760033265870666e-02
5.784207953516284223e-02
5.109139074663315849e-01
-7.863213304986864383e-02
5.927532846022802726e-01
-3.356262554241389306e-01
-3.649963670917192315e-01
9.669197216635764258e-01
-6.295169053964432271e-01
8.271830723317986911e-02
1.842996276159659941e-01
-1.906391710380293536e-01
-4.924021869630471615e-01
4.298382465948210607e-01
6.057945337643616535e-01
-2.322094841611017924e-01
3.447425114735666596e-01
-4.108405826875012878e-01
-2.962496487662713562e-01
-5.361779112387360380e-01
-7.173662510153897554e-01
1.000000000000000000e+00
-6.478840026232698945e-02
-1.671519134530128070e-01
5.433624967514625315e-01
6.950068877959034164e-02
9.894667676860164907e-01
9.626254698741677496e-01
5.723026531043050591e-01
-9.426930434244507051e-01
-1.292211861111230431e-01
-7.910999740655392243e-01
-6.655039328753759031e-01
4.178434140589044610e-01
2.251252514993389575e-01
-6.930369993726481770e-01
-2.561853268260246286e-01
-4.752298968943347024e-01
5.711495898175426023e-01
2.354325193575415864e-01
3.775633101238527467e-01
2.050690989944892184e-01
9.438641339625145621e-01
-5.482846091580297898e-01
-9.554583260682066870e-01
3.627708181071176985e-01
-1.000000000000000000e+00
-4.705644916182824544e-02
-2.845489368567223898e-01
6.623638336041475227e-01
1.304652667606115424e-02
7.440578763870785428e-01
-8.729090733861470941e-01
4.739273532191518590e-01
4.167824411469240875e-01
2.728149457621736329e-01
6.257939065076506546e-02
9.730406462687511970e-01
-3.340211982473207386e-01
-6.259913900256262875e-02
-2.744015651158460689e-01
4.886917921491525929e-01
-4.452053070988227224e-01
-4.573319899889222162e-01
6.086316840226766445e-01
-7.258127019220056431e-01
-2.967433942194184354e-02
1.000000000000000000e+00
6.369250726515114369e-01
7.968097962834455039e-01
2.633960986063901277e-01
3.004747746870267688e-01
-5.925141159774591770e-01
-8.344195411698203113e-01
4.165747962706541074e-02
5.929640456872851129e-01
4.392302852457678070e-03
9.489155589746960384e-01
6.618419189951980641e-01
1.000000000000000000e+00
1.714580667584508222e-01
-3.611152426387442271e-01
4.638126715007953038e-01
2.179705406056781092e-01
8.038024972484862918e-01
5.686535735666261582e-01
-4.896083925433294404e-01
-4.478628894809911776e-01
2.003718995425856075e-01
6.334345962582602074e-03
-3.080856654775779857e-01
-9.392569734315603380e-01
-8.801587272471453893e-01
-7.360258618291617427e-01
4.671258658585936696e-01
9.602031371813031235e-01
4.069723302096480699e-01
1.355270395070418132e-01
-2.975257527538926472e-01
1.000000000000000000e+00
-3.854644231731407800e-01
7.468766996018529891e-01
-5.780324211053302630e-01
-6.317514778730559666e-01
1.523921409284186013e-01
9.860530573660106768e-01
-4.917125867889497459e-01
9.839503893368386489e-01
6.194187592983919632e-01
-1.569451441443440176e-01
7.758937451435140575e-01
-6.347890036547774173e-01
-3.383558374698149018e-01
4.035397614319100046e-02
-3.234998875165548404e-02
6.918410743853588007e-01
-9.614645593111523225e-03
-3.598432822537236953e-01
4.119824111140953926e-01
8.868054273167141899e-01
-6.559856176286867901e-01
3.421866656693464126e-01
1.000000000000000000e+00
1.418465977622354324e-01
-6.065726681158035705e-01
-3.608564202886545558e-01
5.705528401932619120e-01
8.331856120016993827e-01
8.375554375446897515e-01
7.597234271066051203e-01
1.000000000000000000e+00
5.261446030822681807e-01
-9.924778423878474198e-01
1.475012909406930306e-01
9.451459165302571463e-01
-1.522443185803051824e-02
-1.516495212155868355e-01
-1.474485286421586827e-01
5.369452682609306138e-02
3.550157071911300144e-01
-9.792848772882561947e-01
2.028732327814974923e-02
-9.385725546053023116e-01
-5.393307176525365815e-02
3.165484395983871047e-02
-3.254795957511746884e-01
-1.000000000000000000e+00
1.000000000000000000e+00
5.654468264426026902e-01
-2.982608888287118232e-01
6.947848023276447238e-01
1.423641514452153867e-01
1.585556354675525872e-02
3.045997616148041209e-01
-1.237801090292467016e-01
2.279722781974208023e-01
9.745371505918184463e-01
-4.694606738789771638e-01
4.567757515493665599e-01
7.142735846764762808e-01
-2.660770557992165886e-01
8.750740938398846591e-01
7.011149359508838108e-01
-1.000000000000000000e+00
6.466822316028146833e-01
7.307345161126643784e-02
-2.248091451760997062e-01
1.367240726600105483e-01
8.191191909776515678e-02
-3.058357754388231764e-01
7.358851949273804705e-01
4.326321225287023398e-02
3.842585203879004818e-01
3.553084036180191863e-01
-4.956161106937101990e-01
-9.797572745616862644e-01
-6.094251351308247466e-01
3.519675234731554636e-01
4.129125814179656628e-01
8.544077646438753559e-01
1.462591177824479893e-01
1.253988176367507035e-01
-7.440620193521252368e-01
3.781812928011299979e-01
7.994108730988878919e-02
2.021709874862634704e-01
1.014398832336030482e-01
-1.258336639882685903e-01
3.715759436441852803e-01
1.078512222264076392e-01
-5.970968577798669852e-01
-3.276962781693693039e-01
9.776531312225069659e-01
-4.285722988318984017e-01
6.287043120866944723e-02
9.869673540999588379e-01
1.202293777148347453e-01
8.911943063818293653e-02
-5.564513394564685189e-01
1.000000000000000000e+00
-4.885230399695729697e-01
8.829131843997500839e-01
-7.808489039531072429e-01
6.431643368560208129e-01
-1.398117460824214731e-01
6.923404123488882678e-02
7.128591143277562825e-02
-1.455735543028623680e-01
-5.186285446042271374e-01
-7.945148630719031102e-01
