4.115057440782314557e-02
3.617902179764273529e-01
2.723678646369920298e-01
-7.504928719734937914e-01
5.053469749298608038e-01
-6.167416428487846325e-01
2.895787294606831930e-01
5.829382159707542366e-01
-1.158550043006048025e-01
-6.904967897332955351e-01
-9.539418922162390402e-02
-4.516120959824720393e-01
2.237619079669127542e-01
-8.791252741991065767e-01
-1.301203018380492349e-02
7.161673486328735683e-01
-2.758401673058215042e-01
-1.037857512718139419e-01
-7.016975876463686923e-01
-2.365746856276462473e-01
-9.858075509750883203e-01
7.774644995468849018e-01
-4.449361611321941412e-01
8.735230733526688773e-02
8.691723137061398985e-01
-1.000000000000000000e+00
3.276524155833999696e-01
-2.399709625921567571e-02
-2.371463673611717837e-02
-9.287651808046194502e-01
1.000000000000000000e+00
5.606081157032806184e-01
1.699145010242521237e-01
-8.671225935496537640e-02
-5.616115731851263337e-01
-3.714723510801315465e-01
-4.058241119145840625e-01
-3.633237221742047218e-01
-5.667105316523093350e-01
5.629672485861230147e-01
2.059793137247101780e-01
4.981374626961034835e-01
3.523819015246260622e-01
3.783496825125918783e-01
8.576582025141032961e-02
2.233681693928415424e-01
6.281889750035134501e-01
-1.268256670487429016e-01
5.436199363667295614e-01
-2.453972885853826502e-01
-5.812835272858126734e-01
4.720439620515500811e-01
2.132839867344471507e-03
-8.296983238950224049e-01
-1.548391158884032670e-02
-7.319029036301976099e-01
-2.272458477120644638e-01
1.469291073210150789e-01
-8.304635493450496231e-02
-2.380008187340146297e-03
7.949191851315253743e-01
2.225752621448879864e-01
6.842299543351529900e-01
4.533576483215923103e-01
1.000000000000000000e+00
-8.269938338974144321e-01
4.961701305768421721e-01
2.933295565709222452e-01
2.237954931085125443e-01
5.760866532189861111e-01
-7.184618904260298144e-01
3.928575047746019067e-01
-5.853034463391243447e-02
4.811306613656167741e-01
-1.000000000000000000e+00
3.002181650994377726e-01
3.884965771833396309e-01
9.043687884047613146e-02
-6.582180129431597360e-02
-6.142337364054525350e-01
-3.942548377143404448e-01
6.454518286262016513e-01
-5.549148408072163141e-01
1.366885993891957529e-01
-9.120440785160454089e-01
-1.000000000000000000e+00
3.687880951807820384e-02
-2.355777842867984029e-01
2.671171661446779533e-01
1.000000000000000000e+00
-4.543759333071067386e-01
-4.581352197912641477e-03
-1.504675618041903251e-01
5.557179957531212938e-03
7.293656680634023060e-01
3.337899205292196858e-01
-9.765988207779321417e-01
2.089641169555718214e-01
-5.211359612347694625e-01
-1.920050105609283353e-01
-5.566458894672698943e-01
4.442327714854708565e-01
8.617622643910597402e-01
1.000000000000000000e+00
-9.882502198565823459e-01
-3.919019336713717161e-01
1.000000000000000000e+00
9.120381508319577724e-02
-3.653051550808623649e-01
-5.249818413624978142e-01
1.111464546356693006e-01
-2.650536387615736247e-02
2.574725270648504094e-01
7.737040705125581841e-01
-3.615937654933133044e-02
9.701570343992409473e-01
-3.273111399902368657e-01
3.971678364301867159e-01
8.599083866457480907e-01
6.113130262119097214e-02
1.000000000000000000e+00
1.360844019108305991e-01
-4.102969896983734155e-01
-5.983323506935120939e-01
2.209582587293436595e-01
-6.735787070984773361e-01
9.487441979142683390e-01
-2.399181671468155752e-01
1.762076544106681020e-01
3.469194850489284998e-03
-9.609867722354815678e-01
3.225384177635740590e-01
-4.995223900839498299e-01
2.956505197721335798e-01
-2.902258766434545056e-01
7.130437788355558082e-01
2.227313019883010448e-01
9.602743104091461257e-01
-1.000000000000000000e+00
6.717714255595731432e-01
5.253897712134935061e-01
-1.000000000000000000e+00
3.901149013572840496e-01
1.242941854745303054e-01
-7.382066901170062367e-01
5.231976933986464129e-01
4.432938275507974056e-03
3.276552238876633272e-01
-4.688753619349033119e-01
8.410960570378214207e-01
6.404198698474650175e-02
9.487233364325596552e-02
7.037278649358148508e-01
-1.901767011165264587e-02
4.678472857062618839e-01
-3.997212546946657952e-01
-5.971325880911014794e-01
4.704479885941335038e-01
1.499430309231680469e-01
1.964125810287381535e-01
7.163005771218594608e-01
1.712772246660166087e-01
-1.000000000000000000e+00
-8.669625533850855437e-01
-3.846991515903666059e-01
4.693925526752846904e-03
1.000000000000000000e+00
3.151579831355847960e-01
-2.513107512995949033e-02
3.137872359107893860e-01
-3.205320447149919705e-01
-5.342084578253019078e-01
-5.693250884531242395e-01
6.809366632850339940e-01
-2.672175466834578184e-01
1.000000000000000000e+00
-3.841475391374529758e-01
-2.273454023881539277e-01
-2.317912234167753827e-01
-1.006171302520215555e-01
-3.079670055987560051e-01
-7.037283423613281963e-01
-3.343500484737631923e-02
-2.393649877913093249e-01
-1.171928477994240297e-01
2.862208632155215371e-01
-6.440950905307621377e-02
-3.883869916037686609e-01
3.231520483849416037e-01
2.607794476235013592e-01
6.008869421676320544e-01
7.075931617270714291e-02
1.000000000000000000e+00
-9.460837307986079692e-01
5.831478243444546683e-01
-3.468224920690612390e-01
9.320334550120988881e-01
-2.263215939257482989e-01
3.863577437142128312e-01
1.697725703165074429e-01
-5.464395625272041590e-01
-4.938652202204832364e-01
5.544543446843946954e-02
-7.421842335978993122e-01
-1.000000000000000000e+00
-1.000000000000000000e+00
2.539032435565153900e-01
-5.423761893227627695e-01
7.581722234236751845e-01
2.313424098095412940e-01
-1.000000000000000000e+00
7.349565553240595683e-01
8.694103335923548670e-01
8.154610723094555258e-01
8.668826393696981158e-01
-1.985870482486375432e-01
1.000000000000000000e+00
-7.858517842768717454e-01
1.000000000000000000e+00
-5.142763696141083862e-02
-4.864533554694636108e-02
-8.030830775667801014e-01
8.505825157107070877e-01
4.273706422947790712e-02
3.441090821533541178e-01
7.504098775822783951e-01
-8.158323460097893776e-01
-1.613488918596914512e-01
3.485108352369400420e-01
-4.193383024914962842e-01
-2.612912034729077959e-01
-1.474288504916095033e-01
2.162388112413345387e-01
9.356090226920036335e-01
-1.000000000000000000e+00
-3.721147952305409179e-01
-2.080266109660891816e-01
-9.169811278415342104e-02
-4.826907044032753280e-01
-1.785431988751684518e-02
-2.575909182809161813e-01
9.734728090304372028e-01
6.255570740829901055e-01
7.566149546128644321e-01
2.507900979798560748e-01
-8.337123258764169709e-01
-4.931368552555623896e-01
7.829845625226347638e-02
-8.227475581448259190e-01
4.371047262326723248e-01
-9.746584217491408020e-02
-7.553681947762420634e-01
9.834012969146482819e-01
2.887971458002832614e-01
6.141264606141671328e-02
-5.724876253020924066e-01
-7.937425721051161176e-03
5.692314754544036681e-01
-3.162890131297346752e-01
5.670037348607894767e-01
2.905420720559309666e-01
6.823433962267420050e-01
7.727291405823652481e-02
-2.238453738457812925e-02
7.742373237981090561e-01
