-2.525075759031480960e-01
5.756931866368327766e-01
6.732552757419195677e-01
-7.451293394027974637e-01
-1.897439684108496172e-01
-1.000000000000000000e+00
7.611064059233200174e-01
2.394981174969472437e-01
-2.167825910518419164e-01
-7.405861131908266781e-01
-8.313534305836197680e-01
5.418208349138462498e-01
-3.788014171526898899e-01
1.257082509286024663e-01
9.948737440977881707e-01
5.260034376390263500e-01
-1.000000000000000000e+00
-2.950046462816022785e-01
-4.952058162942781228e-01
1.022730556790094614e-01
-2.305464487669900420e-01
-9.411167795073067666e-01
4.265222842395715031e-01
-8.734984327651595937e-01
-2.137481559987270685e-01
-4.487079289992318420e-01
6.814479063740727649e-02
5.811448933942928718e-01
-1.812523441169018243e-02
-5.377257190984013890e-01
-3.436599949421363376e-01
-1.487636535276359862e-01
-8.463526679920563289e-01
-9.419674444843706418e-01
4.945447044469525322e-01
-4.431243560418818839e-01
8.537384270824350807e-01
1.000000000000000000e+00
9.041182399062830388e-02
9.704208319381733006e-01
3.144255900411853655e-01
-8.148640481965662152e-01
3.466569275632737646e-01
9.456169540458869704e-01
-2.938455005535871578e-01
4.678979399504489267e-01
-7.865662638507191495e-01
7.052630493907552367e-01
-2.840600425285933484e-01
3.415362107267894132e-03
-7.335085962945661064e-01
8.421088349915719640e-01
1.000000000000000000e+00
-6.727609485943280010e-01
8.950143301858810574e-01
-9.378186643821164736e-01
3.351814514306323822e-01
2.669812394582108950e-01
8.239756863524236863e-01
8.392994678237386541e-01
2.340723965889836000e-01
3.177893283941881086e-01
2.702489075464207247e-01
6.853029774428891496e-01
2.498039679445387129e-01
-3.240272112170300978e-01
4.138499386488705412e-01
1.736179359289365953e-01
8.252643049027850175e-01
-1.998037423366661181e-01
-9.030699084808495591e-01
1.775303330912925137e-01
-5.827159081141924934e-01
-8.208741992876220084e-02
-2.479423536666871264e-01
-4.020040849656192350e-02
5.213531238963099446e-01
-4.943046873914813677e-01
1.000000000000000000e+00
2.132499667776877328e-01
-2.518477123553497510e-01
-9.939149470625279204e-01
-4.289533092522117563e-01
9.588122048552023546e-01
-1.000000000000000000e+00
2.014890117617202103e-01
-1.000000000000000000e+00
-7.437665202170912204e-01
3.202750431902362527e-02
-2.585706642291866753e-01
3.155615126864285136e-01
-4.621751026769516657e-01
-2.664579419926732529e-01
1.292568930156423601e-02
-9.576596914432056185e-01
7.230916334444555948e-01
-9.660913408244675704e-01
3.166379418859414652e-01
-2.621807609455467092e-01
4.024178339925695846e-01
-3.595036864025062950e-01
7.120012564120783427e-01
5.842027966642239500e-02
7.889063774612576907e-01
4.456496149676036217e-02
8.099726261446514586e-02
1.624700748511632153e-01
5.083598212567248531e-01
-2.519477795718917945e-01
-1.020384926907658141e-01
5.447745049138361662e-01
-6.398311185707437065e-01
1.799226817574979265e-01
3.319766289188906816e-01
5.796527687661753303e-01
-3.452494275068797025e-01
-6.440488376508984869e-01
5.544711176696277555e-01
7.074187409838850193e-01
6.488403084811933397e-01
5.170406298958984959e-01
5.223657518086954887e-01
3.550489679730152170e-01
3.302879409375605313e-01
3.727415235380808142e-03
1.082112848749436917e-01
7.792986642480059789e-01
-5.723624673895214565e-01
7.241706659177988836e-01
-8.447689999304700548e-01
-9.209738817671858646e-02
9.518920606856446920e-01
-9.133299401170431597e-01
9.113067156367036237e-01
-5.781523299700508378e-01
1.012034931738168275e-01
9.650479784062502286e-01
-9.464270827276609621e-01
6.639960634016975893e-01
-7.968419521706873176e-01
3.396722670343038653e-01
-7.033500479279454209e-01
1.110635363631122807e-01
9.299461879616611748e-01
-1.000000000000000000e+00
4.764022742149170986e-01
1.448732747342401095e-01
-5.038882960758022111e-01
7.719700340060047239e-01
3.498412451328762884e-01
-2.121875199807530532e-01
8.599270638610643225e-01
-7.425667754197262660e-02
-4.218709981498719452e-01
-6.620621923991751867e-01
-1.732206763184520881e-01
-6.956823200778953220e-01
-3.190454706767205106e-01
-1.214978056277749852e-01
1.000000000000000000e+00
4.441341434340306815e-01
5.855673146125871531e-01
-7.735025102895201066e-01
-1.000000000000000000e+00
8.379448680034369268e-01
4.291576361819381125e-02
-7.043373730388781118e-01
-2.124848134032507052e-01
-1.396711110455172919e-03
6.715635561827705269e-01
3.217065616616837098e-01
1.795774086142697470e-02
8.673673169998181720e-01
2.587678389008689628e-01
6.419176713531770107e-01
9.417000850031513881e-01
-5.892234351718342866e-01
-3.485086896803031575e-02
5.545392580045673814e-01
-2.349374380652961836e-01
-4.102370463166895576e-01
-7.989932133082513488e-01
-1.014918599261530607e-01
-3.779602028664674762e-01
1.809366169074599906e-01
-2.769330748587483515e-01
-1.336430596577271868e-01
-7.105451271907807786e-01
-9.444670359077401711e-01
-1.000000000000000000e+00
-9.244471391196983356e-01
-6.548923457885622579e-01
-9.180970760848526924e-01
-3.138814880306994848e-02
4.169396908602759355e-01
-3.601464577013694934e-01
8.638274854165550742e-01
-4.941605420312015218e-01
-9.364939526804227921e-01
9.649827314766434849e-01
9.318854604759752025e-02
-3.895294047621552513e-01
-3.537857249352041045e-01
9.140671862111741930e-02
4.456205719615883298e-01
-1.283281324212828811e-01
-7.216670642464212415e-02
-8.992538914875727318e-01
6.240988052182744328e-01
1.289054632456524963e-01
-6.369516289698284872e-01
-7.933635994401974645e-02
1.420144305483620473e-01
-1.216146392169734636e-01
1.352134760374507638e-01
-7.497560229992437097e-01
5.515455195055949389e-01
2.806360970714327774e-01
6.785518197399378337e-01
-9.452278119359165676e-02
-4.994344047505157591e-01
-9.439719223079586774e-01
6.771570309213356120e-01
5.458763388270495565e-01
8.750529165489304706e-01
5.623185897488656160e-01
-9.480356347446781129e-01
4.574989224869714932e-01
-3.252595324625817130e-01
9.765575384892217770e-01
5.605255074834836204e-01
8.516936342504555224e-01
1.000000000000000000e+00
4.653032950269880841e-01
9.857685602725995144e-01
-6.899917641186641415e-01
4.981090241406699870e-01
3.530214096394969081e-01
3.841234129745959569e-01
2.707978950691481979e-01
-5.323312058104237021e-01
8.038996960800528502e-01
7.058009702661343088e-01
6.073618004967973327e-01
4.379634650133398255e-01
-9.730468778104495176e-01
-9.550659136503064639e-01
9.418513403343108381e-01
-3.064050743091490392e-01
-1.272680645257311949e-01
-1.851732458931749370e-01
-4.454895079821554749e-01
6.459809741087434443e-01
4.225436255461436086e-01
9.925805765601269925e-01
4.621822579502707362e-01
-1.369852018331752519e-01
4.156328396425309490e-01
2.925807103882457350e-01
3.062530194202924827e-01
-2.573974763904327556e-01
2.885975068096185425e-01
8.077201145218289025e-01
6.633930596556547599e-01
5.789164253720079367e-01
