1.647429308705881390e-01
-2.825029867898839475e-01
-3.053543923449716369e-01
2.383168540290354631e-01
-1.000000000000000000e+00
-3.890559547108799476e-01
-7.480508957964501771e-02
7.710184377744414563e-01
6.206009041578501861e-01
-1.307087690502806709e-01
4.995492354503674459e-01
-4.498389208638203796e-01
4.965876576939881604e-01
-6.593811072870817691e-01
4.071248790053639821e-01
-4.405373880095844186e-01
-3.416492919421157959e-01
-9.004393370725465306e-01
8.796729087683257120e-01
-7.596831905585402778e-01
-7.402854609971132316e-01
-1.876943204506375251e-01
3.943034581346034351e-01
-5.888131035275974146e-01
-2.550725135586042747e-01
-8.484713471545970442e-01
-4.372390293357228952e-01
-9.290401014640539135e-01
7.473026400584301676e-01
9.969025879191402151e-01
-8.533336197772490861e-01
2.353626610988133194e-01
-2.631338238439969723e-01
2.226644533916754820e-01
-7.767824991497562781e-01
2.122963500275462656e-01
5.130643733587203492e-01
-1.000000000000000000e+00
3.900474058804654920e-01
9.564992735943107505e-01
9.288588364802081720e-01
9.869920967135978884e-01
-1.000000000000000000e+00
8.829309869733348304e-01
-9.080524547075974340e-01
1.000000000000000000e+00
8.824220978196875009e-01
-1.000000000000000000e+00
-7.188668399587042623e-01
-1.000000000000000000e+00
7.951780940796053798e-01
-7.216168319245021279e-02
5.690460068173729402e-01
2.546136316672407696e-01
3.403896798637897070e-01
5.104574002494575158e-01
8.951427576576183043e-01
4.230717172275054172e-01
5.272026939787076705e-01
-5.803386502479319642e-01
-1.000000000000000000e+00
-8.949036869994242416e-01
-1.000000000000000000e+00
-7.951535605817339203e-01
6.350612340378987142e-01
4.985169049505884242e-01
4.936523623627966373e-01
3.962506810125756007e-01
-8.767424873737157398e-01
1.000000000000000000e+00
3.503155680638476710e-01
-2.874667169051161042e-01
-6.092893107645520612e-01
4.473451227227273619e-02
-2.902543367402420915e-01
-6.379600229646521514e-01
-6.239978491585163045e-01
-4.673453477944597423e-01
1.822095665915218765e-02
1.172385530370007867e-01
4.207564900480973424e-01
-1.230599897855273739e-01
-1.341021515549575827e-01
-5.684342469916620066e-01
1.000000000000000000e+00
-8.123744779947765782e-01
-5.223526811014941318e-01
8.479446236304651885e-01
-6.639383565617408278e-01
-1.328633556745248412e-02
-1.000000000000000000e+00
5.860911518834099887e-02
5.528023517719390378e-01
7.819089194839781154e-01
-1.000000000000000000e+00
4.680981553132855799e-01
1.000000000000000000e+00
2.351089699010855405e-02
1.474788554006725150e-01
5.177622489460398381e-01
-2.507001228277546123e-01
6.158101175496157875e-01
-3.921883065957532111e-02
-7.088445703589414393e-01
2.500531378717951725e-01
2.306907197573050960e-01
-4.869771236767717615e-01
-3.640973438049318611e-01
-7.953857985551502363e-01
7.669668299117946564e-01
-9.653377430726757247e-01
-8.671708584915992502e-01
-9.607173648013999090e-01
-5.009427464533029450e-01
-7.718331769750780280e-01
4.635080344948152575e-01
-1.921798168176183097e-01
-1.000000000000000000e+00
8.833195433722378365e-01
-5.860416747002499260e-01
6.249675038986473030e-01
8.311818609446914863e-01
-1.862436394530775363e-01
-4.630963571427991754e-01
-3.517504749416552334e-01
9.831497580578799633e-01
9.997203391916420490e-01
-1.911076265621153292e-02
5.600440610828487653e-01
-3.334423688802496399e-01
6.169751751212361190e-01
2.586057063073083917e-01
5.070057830418841505e-01
-5.029897051111396067e-01
-3.409947201172174314e-01
1.708466463428142679e-01
1.000000000000000000e+00
-8.315971471746020915e-01
-4.325798951638769041e-01
-1.964842125442239074e-01
-6.898479592175399411e-02
4.468583337780943077e-01
-2.576259540418934235e-01
8.657046996504841330e-01
-2.060029797370339644e-01
-5.539126332469344050e-01
1.000000000000000000e+00
-7.340590211371176288e-01
-1.955851517998769828e-01
3.270301902617273049e-01
-8.391294292595123938e-01
1.855115755291986135e-01
-4.035706106157526118e-01
-4.593956742473563892e-01
5.248865867535065233e-01
-1.664069737498236057e-02
4.321008283953520213e-01
-9.573664366245230317e-01
8.060241011758262353e-01
6.526231594849610240e-02
-4.566770231918129141e-01
2.149325215839345549e-01
7.571528797894369056e-01
2.713498236717162282e-01
-5.138309624136299103e-01
1.128432296658246486e-01
-8.320174765757470947e-02
-6.013331490339121066e-01
1.654901064863621984e-01
-5.247477920641093752e-01
-9.888204137853079390e-01
9.542442499191757799e-01
-3.483726573001857396e-01
-1.621900336081004979e-01
-4.451854415863356618e-01
-9.291566446112929645e-02
3.945460530580153780e-01
5.559839695273968152e-01
-4.776755029857552293e-01
-6.583638721617056655e-01
9.323051563003050823e-01
-1.274594524776631044e-01
-2.345485935820398327e-01
-3.290282217512866536e-01
-9.327735900264606528e-01
-4.700951043616454772e-01
-8.659017512317295218e-01
-6.922409381555301167e-01
3.278620372761056889e-01
1.382339283777087591e-01
-9.251234870908215946e-01
-3.770041213133072944e-01
-6.260637481285056261e-01
-4.116463422693655283e-01
-1.659665131497270740e-01
1.000000000000000000e+00
-1.932667644906824189e-01
-8.230241639049598046e-01
9.243395980656533562e-01
5.673446150157102075e-02
8.046963514492035952e-01
6.429054090796713083e-01
1.136614972052953643e-01
-1.000000000000000000e+00
-7.376609336271595652e-01
-5.102744660210400962e-01
1.000000000000000000e+00
-6.422054731494469815e-01
-7.316730240632068893e-01
-7.536242424063906153e-02
-9.280790487877473849e-01
3.106642396623983671e-01
1.000000000000000000e+00
-9.550887417795218548e-01
8.311874736952887810e-01
-8.412094812725290360e-02
1.000000000000000000e+00
-7.002324150804419833e-01
3.610528193496015947e-01
-6.555233404748200821e-01
-8.838268721358748525e-01
8.785861190939744381e-01
8.086061378088066354e-01
1.000000000000000000e+00
6.812885436636531011e-01
-3.925270000488881861e-01
5.223092010424502663e-01
-4.104408899721008197e-01
-5.618011112741000401e-01
6.477446331974179294e-01
1.000000000000000000e+00
-3.659436097948887134e-01
-9.576476775993094659e-01
6.351957237448844218e-01
-1.000000000000000000e+00
9.432336421391747106e-01
-8.372180371221217277e-01
-8.629744231163635204e-01
-6.158221114534964125e-01
5.453499430559977101e-01
-3.155359749276926973e-01
4.909362000406962134e-01
4.666000363968385578e-01
9.678560715885933252e-01
3.826339208128410885e-01
3.239188881464958314e-01
6.013235464914581385e-01
9.841378366932929111e-01
1.000000000000000000e+00
4.481337198784429710e-01
7.593837364409674606e-01
-3.122153518442533082e-01
4.797985138553942930e-01
-5.559784753651294542e-01
3.703955806347037916e-01
1.000000000000000000e+00
3.237415680548992869e-01
-1.000000000000000000e+00
7.534967041935415333e-01
2.766825985305285673e-01
3.532719682243635750e-01
1.000000000000000000e+00
6.272731395118105180e-01
-8.629489947131484540e-01
9.235258673766228998e-01
