-1.956849215358903216e+00
8.382851733889845613e-01
-3.527788908718125782e-01
-4.041094729013663955e-01
-1.000000000000000000e+00
-1.000000000000000000e+00
6.810976840262870091e-01
-9.935417472040751485e-02
1.000000000000000000e+00
-1.896026781897097169e-01
-7.317003849025172091e-01
2.369870869758915755e-01
5.831946775434523195e-03
-9.867979745824974336e-02
-9.351424677202850866e-01
4.946473667412722847e-02
-1.906353166100008267e-02
-2.489633569620530729e+00
-4.154653897529295703e-01
-7.841827795068069262e-01
3.100720970942312804e-01
6.064606536317483920e-01
-7.460845687564460205e-01
-2.141958813462592481e-01
8.792055480325146055e-01
-2.741654959310836359e-01
6.306642414696945753e-01
3.141273869600298974e-01
-5.545125141397968527e-01
-2.478673771237949186e-01
-7.788734093094463740e-01
-4.366129638271644131e-01
-2.561306137184923282e-01
-7.212448111496199132e-01
-5.139034433805919067e-01
-1.202136087137180231e+00
7.097942282957901972e-01
-1.110121834008795716e+00
6.081946025773635744e-01
1.343979073556718085e-01
-4.928767357200751487e-02
-5.640689469566675385e-01
-2.602515591895266933e-01
-1.246550732187587274e+00
-5.951690734649445202e-01
1.000000000000000000e+00
5.051770679792675356e-01
1.476331826557522930e+00
4.603721076181247485e-01
-1.000000000000000000e+00
5.667183784020729531e-01
-9.981420840921331750e-02
1.000000000000000000e+00
1.000000000000000000e+00
1.000000000000000000e+00
1.835434954102798388e-01
1.015849194974428826e+00
2.412472873261401751e-01
6.296653771558493595e-01
-2.096574395108303346e+00
-2.009885711412530807e+00
1.040272630215968164e+00
9.001684171200347029e-01
2.088355738228850345e-01
-3.356995164573187695e-01
-1.000000000000000000e+00
-8.846968589525454618e-01
-3.606315721937707885e-01
-4.776136879027004234e-03
-1.000000000000000000e+00
-2.851292722461197804e-01
4.915875687564775776e-01
-5.065260030461831570e-02
8.023848608332717625e-01
7.051195893111564805e-01
1.000000000000000000e+00
5.419549525675181334e-01
8.024895836894292422e-01
-7.172213549889037143e-01
4.572793924211130401e-01
-9.947601876041889390e-01
-9.745650672372685452e-01
7.112714874648846664e-01
6.029067827627788700e-01
-1.041205917442661333e-02
-6.986741111578761987e-02
-5.433150360073761842e-01
-1.000000000000000000e+00
-6.341096013105381735e-01
2.624986328914211131e-01
-3.873376263153542332e-01
-8.195479124987843367e-01
1.501835034565828675e+00
1.000000000000000000e+00
-5.396650506720330753e-01
1.000000000000000000e+00
-1.938429434755600811e-01
4.439047752740439279e-01
-2.562179812484379204e-01
-1.595797104799250521e+00
8.236646927451962696e-01
-9.749449335023353536e-01
-9.437945749937957096e-01
-2.202173533011417272e-01
1.000000000000000000e+00
9.884018063415458411e-01
2.424506437615386867e-01
2.574176394000825541e-01
-5.082333504226305143e-01
1.577309339976750158e-01
3.688949081392021156e-01
-5.998687011218080123e-01
-2.160604888669549195e-01
-1.000000000000000000e+00
1.017144552199375829e+00
5.008732535627377080e-01
-1.269678904743436199e-01
8.906660155366256104e-01
-6.132294581622537155e-01
-6.889544591130688511e-01
3.675926909487575167e-01
1.000000000000000000e+00
2.211986946406537535e-01
1.503660289061439503e-01
-8.084055202270122864e-01
9.475957054447878836e-01
1.000000000000000000e+00
-7.782172213416657103e-01
7.352562576686967333e-01
-9.579678888515693602e-01
7.393395033348437728e-01
9.293764071517329750e-01
1.000000000000000000e+00
-6.837496273625617293e-01
-2.104833638295938725e-01
-8.984318984933629126e-01
-3.029757825336220067e-01
-1.000000000000000000e+00
-3.807755875939089485e-01
-7.677326567358806475e-01
7.248856447016683857e-01
-1.854205110681593771e-01
-8.614173652505578982e-01
-2.279772703003516421e-01
-7.796820051086590375e-01
3.376039826647736497e-01
9.795754355953065207e-02
4.392105173744365043e-02
7.201600783368208858e-02
6.078485874582043591e-01
-9.816261571351712067e-01
-8.913357461642702484e-01
-6.657420644982749991e-01
8.618477552159869992e-01
-4.924754849967308168e+00
6.393925978846026759e-01
-1.000000000000000000e+00
-4.152746960526328968e-01
2.349532117421275490e-03
-2.371129857992881895e-01
1.000000000000000000e+00
-1.000000000000000000e+00
1.242638465971284967e-01
-7.034560496638978533e-01
-1.000000000000000000e+00
4.713820211410270633e-01
1.321405242832261795e+00
-9.864995628623529633e-01
-1.171518216866589690e-01
-4.661027169217848987e-01
9.379050492834541952e-01
1.549925084528354979e+00
-4.847080824174777591e-01
5.416539872276932011e-02
-1.323720600119963065e-01
-9.608037515092611169e-01
1.693925410711658031e-01
-1.159610200024090210e+00
-1.120971025997387738e+00
-2.196664330614445382e-01
1.251445118342298934e-01
-1.000000000000000000e+00
-7.296482388004392750e-01
-7.538507532663574207e-01
-7.584294520412493412e-01
1.101778248391494186e+00
-7.671960011694279880e-01
-1.792429022152541296e-01
8.170099246562956274e-01
-3.313928719641761611e-01
-4.135012454023403450e-01
-1.773314802513964450e-01
-1.000000000000000000e+00
-7.467806775793887075e-01
-1.706801202002161233e+00
-1.356211240041438337e-01
-1.035552969563925119e-01
-8.044511393789233189e-02
-4.781310248247244155e-01
-1.061807842097007182e+00
3.020616232815377319e-02
-2.808526087667747098e-02
-1.583599948040042893e+00
-9.420200305736060875e-02
4.532478632713003441e-01
-1.000000000000000000e+00
-1.465895482805073646e+00
-5.600478108453367243e-01
1.000000000000000000e+00
1.046834348747444077e-03
-8.048967424921011915e-01
-1.126303286233178103e+00
-7.576612485662441721e-01
9.765053873906897053e-01
5.019453770370101431e-01
-4.111203773934840600e-01
-1.663172927867482054e+00
-4.438304363148760645e-01
3.128211820333720583e-01
-7.293395456885630734e-01
-3.089541366676712419e-01
3.568491376164045215e-01
3.043169717857954204e-01
-1.000000000000000000e+00
-5.945050232067963236e-01
2.323828980270913613e-01
-4.274163705155483162e-01
-9.531965752838335026e-01
3.135347389375067184e-01
-1.066843599676787324e+00
-1.190210777724888813e-01
-6.129028925879554945e-01
6.813101240944556825e-01
1.000000000000000000e+00
7.523016635607058245e-01
6.382627054830184443e-01
-7.422121207992968817e-01
-1.000000000000000000e+00
1.066183035202330043e+00
9.087227852330145295e-01
-1.000000000000000000e+00
6.136649424650989504e-01
-7.153109241283871489e-01
6.488531213472568115e-01
-1.000000000000000000e+00
-1.000000000000000000e+00
4.938798522189529194e-01
1.000000000000000000e+00
6.207779202794698747e-01
-1.000000000000000000e+00
8.891559441230573180e-02
-7.711994326164893776e-01
1.000000000000000000e+00
7.071058610758920171e-01
8.551294117135543882e-01
2.385037502377888863e-01
5.718373890929157044e-02
1.000000000000000000e+00
1.000000000000000000e+00
-6.495099227580475310e-01
-9.615610457893847274e-01
1.000000000000000000e+00
-1.000000000000000000e+00
9.684339980069464060e-01
1.478490935826387576e-01
