4.351144871729713537e-01
8.686067842539598738e-01
-2.975176010037569041e-01
9.705328333971678934e-01
1.000000000000000000e+00
4.036776783019502823e-01
-1.000000000000000000e+00
1.388337238898251336e+00
1.633414183288157462e+00
1.409879210752321033e+00
-1.336923530676058958e+00
-1.579410764117650912e+00
-6.079859717323200519e-01
7.657635274988936480e-01
1.889472858768045938e-01
4.699535940469973805e-01
-1.241891797749306914e+00
-9.955676717013767218e-01
-8.343253615246837285e-01
-5.738693087894992662e-01
-1.126568803683232423e+00
-1.001349003154528905e+00
2.113175076703155963e-01
-1.811409095928024016e+00
-1.042456788669374967e+00
5.214550203228793812e-01
5.010435100689061283e-01
-1.838177050910563270e+00
-1.000000000000000000e+00
5.223772975041424127e-01
1.253780943766421574e+00
4.418859907660284136e-01
9.014348169861680082e-01
-3.907079213810020768e-01
-1.000000000000000000e+00
1.000000000000000000e+00
2.261251168554533758e-02
4.565852728619849976e-02
7.997609849703749552e-01
3.993883621513106275e-01
-1.000000000000000000e+00
4.433760542456265941e-01
-1.769957772765723414e-01
1.453204137743709656e-01
-8.447150945684589463e-02
4.298372643454811404e-01
-4.495813604558297483e-01
-2.570568164057818183e-01
-1.000000000000000000e+00
2.310535908836591101e+00
-1.097608436979345292e+00
-4.911447596905169632e-01
9.683684664413171328e-01
-1.000000000000000000e+00
7.159105560525310663e-01
9.077878269685643042e-01
1.621401322369268927e+00
2.650462843776641431e-01
1.000000000000000000e+00
-6.448355829547716134e-01
4.540623531795933143e-01
1.768649355366839648e+00
-4.329985522492809519e-02
-1.416779650967817883e+00
8.140592786705441730e-02
5.674382452536389509e-01
4.749919044074220609e-01
1.780443378814111077e-01
-3.397231840521790502e-01
2.645768932205125878e-01
-9.378448646207290240e-01
-7.267786270810247529e-02
5.236946139003104683e-01
-9.008855301346051503e-01
-1.000000000000000000e+00
-1.218187409834087687e+00
4.372696581846896580e-01
-7.273886318594411371e-01
-3.458783285009791042e-01
4.985730879737999000e-01
4.795533019589449109e-01
1.565582948781839123e+00
9.326637796902134125e-01
-7.306360017290338682e-01
3.267210677887085524e+00
1.126049989484964930e+00
-1.000000000000000000e+00
-1.118215452774102614e+00
1.021751299562206006e+00
1.000000000000000000e+00
3.955568101240235501e-01
1.059890744504734084e+00
-1.118119796923398024e+00
-5.741800327748537436e-01
8.545874514434453895e-01
1.314564439381520344e+00
-4.028890506195150767e-01
4.905312670293739963e-01
-2.572123276745670872e-01
1.000000000000000000e+00
-7.775464333889781088e-01
-5.418288068736809571e-01
1.000000000000000000e+00
1.530449656169117212e+00
-1.624369338101808169e-01
-5.856401883566455385e-02
-3.514289232197189139e-01
-1.205641165671368586e+00
5.810577148042069817e-01
9.965057880574624827e-01
-2.219566006353461962e-01
3.927285988116402393e-01
5.400223806306385654e-01
-1.748819173172541763e+00
1.590222926574056617e+00
5.327816804327640821e-01
1.844842807953002151e+00
5.174030340064623701e-01
5.776354160531479986e-02
-1.077426121489996058e+00
1.007621148637062758e+00
-3.046248399015110131e-01
-4.463188191784617787e-01
5.307001836633129521e-02
-5.353525438006402348e-01
7.702830525362729108e-02
3.925973712968249818e-01
-8.871770399970934085e-01
5.578704686598573437e-01
9.890787615835352486e-01
4.881833891416755278e-01
3.514214136452126214e-02
6.404320024214466001e-01
1.216768832915968934e+00
4.131088890956381432e-01
-1.035559950737922952e+00
1.000000000000000000e+00
-1.024305127437133756e+00
1.031391847217846491e+00
-3.964843396949492282e-01
-1.425827070382213790e+00
4.899504865952344357e-01
-1.470628646223930310e-02
-9.322142240322687234e-01
-5.799089930830954032e-01
-6.250707876427273879e-01
4.354227304421096068e-01
-9.385494022310721940e-01
-1.223623888329009812e+00
1.009545714318679677e+00
2.058204601472168327e-01
-1.069802254643468231e+00
1.023432639218448070e+00
-6.335602306201773004e-01
-1.000000000000000000e+00
5.278983737228108535e-03
1.000000000000000000e+00
7.799413565246147151e-01
-1.810424279601403841e+00
1.007944492457939045e+00
6.147075043098183533e-01
-1.545556480976400415e+00
-1.000000000000000000e+00
-3.224482169212215532e-01
-1.330124183867462451e+00
-5.873579540947306832e-01
4.634538133172858565e-01
9.231353432266268255e-01
-2.221839644312414430e-01
-9.849648524996568177e-01
1.000000000000000000e+00
-7.825112483721197165e-01
-1.401620731997704483e-01
1.717816320355417092e+00
-3.747525443495215991e-01
1.000000000000000000e+00
3.522350509615470582e-01
2.404561743007036512e-01
-1.000000000000000000e+00
-1.000000000000000000e+00
-1.816983179761434197e+00
-9.814739554898037621e-01
-4.855403620336829484e-01
-9.663073866957330171e-01
-4.634358319851910463e-02
3.929109313546824134e-01
-8.527604504477025449e-01
1.218838679275566494e-01
-9.397538444385966638e-01
1.552175219520492144e-01
1.202795134154865053e+00
-8.446405921516517701e-01
-7.666973736323032806e-01
1.442050210029239166e+00
9.359640684403662814e-01
6.739214450238679710e-01
-9.043141811334207691e-01
-1.737257785786962661e+00
-1.000000000000000000e+00
-2.486772208416539176e-01
3.324243200569694245e-01
-1.626532093126418776e-01
7.535665344943484056e-01
-4.231953953429142268e-01
3.638443111362934523e-01
6.355758675980019978e-01
-1.000000000000000000e+00
1.262358830912624352e+00
-1.000000000000000000e+00
-1.000000000000000000e+00
-4.572955650737855482e-01
1.797660354360472168e-01
1.399042388390074665e+00
-1.000000000000000000e+00
-6.063143301175369926e-01
-3.668285109903086094e-01
-5.255745302029668498e-02
-1.000000000000000000e+00
9.011341301722916031e-01
2.726233231480966190e-01
-9.937400567037912857e-01
-9.500150733632880540e-01
-4.831767628188328167e-01
8.562033957576640208e-01
7.731793713263664936e-01
8.941751217860219869e-01
3.001938784371969149e-01
7.438605794585965159e-01
-9.346286248797015528e-01
4.098170389917137335e-01
-1.570021289556173150e+00
-8.462627109937652659e-01
-1.225873146508278166e+00
1.000000000000000000e+00
-1.280940810529883178e+00
-1.000000000000000000e+00
-1.000000000000000000e+00
7.408735912028026060e-01
1.000878507495023939e+00
1.506450191433605701e+00
7.677395424714594796e-02
1.216314557273316721e+00
-1.012199220433892988e+00
1.000000000000000000e+00
9.111842241942701426e-01
-2.117595034859948988e-01
1.426642739599927712e+00
-1.800420080843156523e+00
-1.192230269275608157e+00
7.477693180265185813e-01
-4.038089643953087782e-01
-1.000000000000000000e+00
-5.592382245745783909e-01
-1.639725017888389980e+00
1.672069203348053312e-01
-1.196730491240301175e+00
-6.161414868676026169e-01
6.356001125968679943e-01
-1.000000000000000000e+00
-8.125910313684470143e-01
-1.000000000000000000e+00
-1.087390124870259323e+00
3.700537783611039799e-01
9.270779995304737620e-01
3.723332173207938300e+00
