-5.510853799280093224e-01
-9.074148063603371117e-01
1.637466226242343392e-01
-2.475120464221502170e-01
-2.856883917420511287e-01
-4.766355196358955659e-01
-1.000000000000000000e+00
-2.825487885345961958e-01
9.903513965595217572e-03
7.309802152664677255e-01
1.000000000000000000e+00
7.158616570167308790e-01
7.182886379490334150e-01
-6.612333957619431768e-01
-8.671921928257284584e-01
-1.308434872368260116e-01
1.000000000000000000e+00
3.934389480213038581e-01
-8.016594392008438152e-01
-1.000000000000000000e+00
-9.974799794942678099e-01
2.477589479846354636e-01
7.441884809836651904e-01
-8.660898289910491377e-01
1.000000000000000000e+00
1.000000000000000000e+00
-5.784299472265890252e-01
7.393809294666154885e-01
-6.762604383112748030e-01
-5.398884980664371280e-01
-1.000000000000000000e+00
1.156455369297163249e-01
7.687642675967446548e-01
1.692325260065105086e-01
-1.000000000000000000e+00
-5.404054287742348084e-01
9.157976299691498179e-01
1.000000000000000000e+00
-6.862765985408079139e-01
1.761061291198063039e-01
2.579849015641167975e-01
-1.000000000000000000e+00
-2.358185226592671435e-01
8.460300557982226577e-01
1.229765366326807385e-01
-9.918964910471230745e-01
-4.322062523830960123e-01
-5.804385434385865850e-01
-1.208271180316538018e-01
-1.000000000000000000e+00
1.306495590540091289e-01
-7.025934379997833545e-01
7.211072716105930702e-01
1.465849528040528149e-01
-1.000000000000000000e+00
-8.973714300393744736e-01
-3.486941292773284018e-01
-3.936430160806768663e-01
-4.647226690029096496e-01
8.385142459405559023e-02
2.128160665631417814e-01
6.626914932100391731e-01
-5.733082782569209890e-01
-7.875978493785606993e-02
-1.000000000000000000e+00
1.000000000000000000e+00
-9.306267159004023570e-01
5.408834504575674718e-01
1.000000000000000000e+00
-1.000000000000000000e+00
2.143429643669385043e-01
9.092405691204197282e-01
7.348784588896020153e-01
-4.220973243502126326e-01
-5.831064933976227715e-01
-1.000000000000000000e+00
-9.292581319798972617e-01
6.007352323131621707e-01
-1.000000000000000000e+00
1.000000000000000000e+00
-6.856950714480876119e-01
-9.598029878742639354e-02
-2.384379307641770751e-02
8.951165964503116079e-01
-6.968477180921196501e-01
-6.133618083748000327e-01
-3.463487054533213594e-01
4.504771587529695087e-01
1.000000000000000000e+00
9.667253998806923931e-01
-1.000000000000000000e+00
-1.000000000000000000e+00
1.000000000000000000e+00
1.000000000000000000e+00
7.203942478977609642e-01
1.000000000000000000e+00
1.000000000000000000e+00
5.546988780015091880e-01
-2.475761101755574733e-01
-1.000000000000000000e+00
1.000000000000000000e+00
-4.452891944806574021e-01
-1.000000000000000000e+00
-5.470065204080658550e-01
7.068938307193695092e-01
-6.127733348124103641e-01
-1.355296836238170932e-01
8.193214479335131362e-02
8.498701985197631981e-01
-9.984726516193460633e-01
-3.693976109456920121e-01
-5.195995045791470535e-01
-7.186850864471848732e-01
-6.743994898615921496e-01
1.000000000000000000e+00
1.000000000000000000e+00
-7.587542721952760250e-01
-7.910121212598221208e-01
-4.105932862555924379e-01
-1.000000000000000000e+00
-5.513930938285969141e-01
-1.154855227479732183e-01
-1.000000000000000000e+00
6.868520555677800621e-01
4.775349968263455369e-01
9.690667788262147253e-02
-1.959789508102277866e-01
8.087092973607782342e-01
-5.792418942113353175e-02
7.488289671863275210e-01
1.000000000000000000e+00
-4.735075532152246414e-01
-1.000000000000000000e+00
2.755688064491716438e-01
-3.222454487438990850e-02
5.929084012428285089e-01
3.825273172854010140e-02
-3.831312296672202411e-01
1.000000000000000000e+00
6.615985643334075794e-01
1.000000000000000000e+00
-1.000000000000000000e+00
-3.003451759379892616e-01
-8.109851628303097471e-01
3.287808493665649034e-02
-9.071994633761580884e-01
2.632350978626812887e-01
-1.000000000000000000e+00
6.193290486315574661e-01
9.445759880240958695e-02
-2.168943480049835837e-01
-1.000000000000000000e+00
-4.163248169432236523e-01
3.104907869133818887e-01
-1.000000000000000000e+00
-1.000000000000000000e+00
3.759705562590222039e-01
1.129010365841038172e-01
-5.186958812283914977e-02
-1.000000000000000000e+00
9.923434411459866045e-01
-2.135778957012148815e-01
5.659135141650479817e-01
2.135894629367298403e-01
8.320857732674147300e-01
-1.000000000000000000e+00
1.000000000000000000e+00
7.674100185644719962e-01
-9.384664714112890271e-01
-1.000000000000000000e+00
1.091091875395711064e-02
-1.000000000000000000e+00
-1.000000000000000000e+00
1.000000000000000000e+00
-4.340886609918183092e-01
-9.194488357989087923e-01
-8.775707046341906237e-01
9.683642925049367189e-01
6.335547928286174857e-01
2.617413175221017241e-03
-8.018477900106184553e-01
-5.444556019891275134e-02
5.354480528491131208e-01
-1.000000000000000000e+00
-6.038415332295059557e-01
3.394779403254372108e-02
-4.898083009410632016e-01
5.493935286741209456e-01
-4.881282552669938268e-01
-6.764906996177418863e-01
-5.437104135498237456e-01
9.304949772859172352e-01
-8.344740660045997238e-01
-5.855204487424012783e-01
-4.000362674581573463e-01
8.006786717037506218e-01
-8.641085536173606085e-01
-8.112396412637253862e-01
2.267401273260619687e-01
-9.014971143535484011e-01
1.000000000000000000e+00
4.824961470680730335e-01
-4.906938337142661699e-01
-3.556300928583004950e-01
7.430188667052515239e-01
-6.596289286510108596e-01
1.000000000000000000e+00
3.378198321894394507e-01
6.533077534715212575e-01
7.853175261993086131e-01
-5.680478501112050660e-01
-6.015359343732037400e-01
-3.505063065041715831e-01
-1.326592278250013635e-01
9.567683187245843435e-01
-9.660843362467852469e-01
9.446196846655224855e-01
6.169926560025377205e-01
-5.238641754534940631e-01
-8.918132520765889026e-01
-5.133897745436196702e-01
1.000000000000000000e+00
-2.504011964458510153e-01
9.289631269837972730e-03
6.490996911315355389e-01
-1.000000000000000000e+00
-2.113909687766073464e-01
5.177419266067291581e-02
7.715985438296398824e-01
-8.519066753422128713e-01
9.660421613178074018e-01
6.356682404498468220e-01
8.770355252097175036e-01
4.789324460806960171e-01
4.289223980538232617e-01
-5.916462644912671154e-01
-8.455527648173580824e-01
5.348997800708769068e-01
7.728185161702230133e-01
3.856236826515146987e-02
5.734541514074173452e-02
-6.887043308582414536e-01
8.982476569267331401e-01
1.000000000000000000e+00
-7.939063235651316885e-01
7.724047534200445542e-01
-1.000000000000000000e+00
-6.088175416184382627e-01
3.504441174715967611e-01
-1.000000000000000000e+00
-7.803599325773236117e-01
-9.538458349111542667e-01
-7.131867507196203160e-02
2.027807121206045837e-01
-7.150517144399953784e-01
1.276487540566130507e-01
1.000000000000000000e+00
8.997070624047228682e-01
-1.115008374386978751e-01
4.792835206036044626e-01
-2.577933354034737112e-01
3.644288392146700639e-01
2.745554967474133634e-01
-1.348413480176653967e-01
-1.000000000000000000e+00
