1.000000000000000000e+00
-3.244193491444365973e-01
-1.000000000000000000e+00
-7.003214042616012769e-01
-6.260064199497737958e-01
-9.171428770158496224e-01
8.793094312877722807e-01
-9.810044799402601878e-01
-7.923456916536151251e-01
-2.563618710512626797e-01
2.373099363181911670e-02
1.398235163916800028e-01
-7.764907965740892593e-01
-8.050426797472558516e-01
-4.816388474652963381e-01
4.588312927679910613e-01
2.773385502564670868e-01
-4.351625988480860990e-02
8.869612417941450389e-01
-3.978667093551253586e-01
-6.731551575794344489e-01
6.162370672835851826e-01
-1.000000000000000000e+00
-1.614005405797091508e-01
-1.957421806136007136e-01
-2.013049682702174326e-01
1.000000000000000000e+00
9.371535352371310745e-01
8.434304867552728791e-01
1.000000000000000000e+00
-1.000000000000000000e+00
-2.949086277412501511e-01
-4.990277612436209709e-01
7.510542040079760673e-01
-1.173358245325413218e-01
-7.650022348236075187e-01
4.590223274217060390e-02
7.227017467585871158e-01
-9.240486627408291964e-01
-1.000000000000000000e+00
-5.178593568039535633e-01
5.753209959649232541e-01
-5.993349939236203294e-01
7.197979981328296306e-01
-1.000000000000000000e+00
-6.037256581304948355e-01
3.089792375870350494e-01
7.819519842676976307e-01
1.870018913710356778e-01
-4.701372660816598992e-01
5.884755654681038672e-01
-9.948051455343376315e-01
1.000000000000000000e+00
-6.262658370927500773e-01
1.000000000000000000e+00
2.473448927950895881e-01
8.641328679738409235e-01
8.405672903966339149e-01
-1.464525028712357901e-01
5.028265477778782744e-01
-1.000000000000000000e+00
8.932128087633087743e-01
-8.000794724599481489e-01
-4.433671934452309560e-01
-6.964880214437998429e-01
7.008382221269573442e-01
1.000000000000000000e+00
2.616387011369507021e-01
-7.410929168713228377e-01
5.560784021945236466e-01
-1.776241178960419609e-01
7.652572700784903148e-01
7.892977623711493473e-01
-1.000000000000000000e+00
5.774812657932489567e-03
-1.000000000000000000e+00
9.280549938270979959e-01
7.586237027049888004e-01
-5.317329666772533381e-01
5.942949122116946148e-01
-1.000000000000000000e+00
-1.000000000000000000e+00
-7.149435847830510893e-01
-1.000000000000000000e+00
8.735734259554432668e-02
-6.499939344090314153e-01
3.616754500537650019e-02
1.000000000000000000e+00
-7.832480580039163920e-01
1.000000000000000000e+00
-9.755950267057890146e-01
2.462114175212639366e-01
-4.786021393206742469e-01
-3.942253617289560030e-01
2.383061358884951131e-01
7.588767615449810711e-01
-9.056044869704282796e-01
8.062776152122459461e-01
-7.916916187625676615e-01
-9.132345132847304869e-01
6.477136700705340422e-01
3.179919705116298068e-01
-1.000000000000000000e+00
-9.991464464198487327e-01
1.000000000000000000e+00
5.071674153431402488e-01
7.455842383514018623e-01
-3.940724685214346268e-01
-6.189881608740125385e-01
3.688038637543648024e-01
-3.221736020580228121e-01
-6.668152585693982726e-01
-9.346804591871369361e-01
8.036654150810410568e-01
2.634240532669480661e-01
1.651470106792503334e-01
6.449802367891579458e-01
-7.770051958729540242e-02
-9.075371430267002992e-01
7.128438623705088961e-01
1.000000000000000000e+00
-5.920331862567376202e-01
-2.688614356372482361e-01
-1.000000000000000000e+00
-8.684981385943382204e-01
6.129034809247629889e-01
6.953770973227069163e-01
-9.906878713340112608e-01
5.043110536271868671e-01
-9.067442900554446572e-01
2.819986410130145282e-01
7.099551746667522867e-01
9.595299886388904964e-01
-1.000000000000000000e+00
-4.996821085795294937e-01
-1.869293139355029942e-01
3.864319223707015083e-01
5.947517806363588483e-02
-8.157512537315878554e-01
-9.004828224884451338e-01
-1.000000000000000000e+00
-2.395805703584608648e-01
4.426121715717976635e-01
7.974430539168119170e-01
4.793033263452948223e-01
6.080419808631880585e-01
4.364873340385929112e-01
-4.590089825385013644e-01
1.000000000000000000e+00
8.117676057953040480e-01
-8.914496236686439978e-01
1.778885629492029385e-01
-9.886476720626365955e-01
-3.496163980612680966e-01
-8.839791420006876121e-01
-3.492471636452648687e-02
2.992001039840699317e-01
-9.319020433731322051e-01
-1.000000000000000000e+00
9.184514728922936744e-01
1.000000000000000000e+00
-1.871745937990840214e-02
1.452173139653618050e-01
5.268461848955532378e-01
4.382071658676118808e-01
4.103893798030566753e-02
-9.797600122756056074e-01
1.738734813644202959e-01
-3.302258760074006094e-01
1.000000000000000000e+00
7.885141593493134593e-01
-9.340308686395669691e-01
8.416818697814285599e-01
9.078057886357313588e-01
-6.077239799813611842e-01
-1.750570887935078701e-01
1.904569381523947558e-02
-6.147212418287790747e-01
1.000000000000000000e+00
-7.170198621805422556e-01
-2.109133619424402306e-01
-1.698296059800397939e-01
-4.469444365039841882e-01
-1.896008794865492175e-01
-1.000000000000000000e+00
7.324335146928082629e-01
4.222225740942315286e-01
-7.524509706892040795e-02
-3.493407579412556863e-01
-4.627560678385022053e-01
-1.000000000000000000e+00
1.000000000000000000e+00
1.000000000000000000e+00
1.000000000000000000e+00
8.033312338201675784e-01
-4.375899865774747766e-01
4.285034678914507733e-01
8.235329601718193171e-01
5.827109346810660506e-01
1.000000000000000000e+00
1.000000000000000000e+00
8.493906260119061802e-01
1.000000000000000000e+00
5.934751360890982985e-02
1.000000000000000000e+00
9.445490224424726300e-01
-2.334886101983160989e-01
6.683224519376180783e-01
1.000000000000000000e+00
-9.922175183072002858e-01
-1.000000000000000000e+00
-1.000000000000000000e+00
6.869344884462876832e-01
1.000000000000000000e+00
-1.000000000000000000e+00
-3.675669589548539729e-01
5.940971608147129768e-01
-9.109109427371149259e-01
-1.000000000000000000e+00
-1.000000000000000000e+00
-1.000000000000000000e+00
5.623478253281847250e-01
7.245807708951258475e-01
1.955858045932834174e-02
7.635923835609026433e-01
9.064621646082793305e-01
4.409114111145471804e-01
1.948625537261677310e-01
-9.717748078138840340e-01
-2.695212846735980938e-01
8.701355307125472338e-01
1.000000000000000000e+00
-2.759510544919980823e-01
1.000000000000000000e+00
8.767747991012259101e-01
-1.000000000000000000e+00
-5.931827627036241335e-01
-5.305282957859825954e-01
-4.002216991811314295e-01
3.557485105054529195e-01
-8.823329683931757650e-01
-8.808803205706563499e-01
9.262487211991192737e-01
5.287477822899790958e-01
-7.462768053463858520e-01
-5.040083896110506556e-01
8.988113039120053660e-01
4.291588867244918726e-01
3.025900243499664022e-01
1.000000000000000000e+00
-2.632042731432262528e-01
-1.000000000000000000e+00
2.902208295581100161e-01
4.106017688463596271e-01
4.396319603994874869e-01
1.000000000000000000e+00
1.000000000000000000e+00
1.000000000000000000e+00
-2.500204650973761877e-01
-1.000000000000000000e+00
5.931912986526217679e-01
-8.242325632809062164e-01
1.000000000000000000e+00
-5.414836376203414625e-01
-6.040262080089693342e-01
