gen,best,mean,sd
0,5.133333333333439,-80.31777777777775,22.53667814316022
1,5.133333333333439,-81.02837037037034,21.416618620752832
2,5.133333333333439,-81.02837037037034,21.416618620752832
3,5.133333333333439,-81.02837037037034,21.416618620752832
4,5.133333333333439,-81.02837037037034,21.416618620752832
5,5.133333333333439,-81.02837037037034,21.416618620752832
6,5.133333333333439,-81.02837037037034,21.416618620752832
7,5.133333333333439,-81.02837037037034,21.416618620752832
8,5.133333333333439,-81.02837037037034,21.416618620752832
9,5.133333333333439,-81.02837037037034,21.416618620752832
10,5.133333333333439,-81.02837037037034,21.416618620752832
11,5.133333333333439,-81.02837037037034,21.416618620752832
12,5.133333333333439,-81.02837037037034,21.416618620752832
13,5.133333333333439,-81.02837037037034,21.416618620752832
14,5.133333333333439,-81.02837037037034,21.416618620752832
15,5.133333333333439,-81.02837037037034,21.416618620752832
16,5.133333333333439,-81.02837037037034,21.416618620752832
17,5.133333333333439,-81.02837037037034,21.416618620752832
18,5.133333333333439,-81.02837037037034,21.416618620752832
19,5.133333333333439,-81.02837037037034,21.416618620752832
20,5.133333333333439,-81.02837037037034,21.416618620752832
21,5.133333333333439,-79.73075880758805,22.47594393351347
22,12.86666666666682,-51.24977777777773,26.977342687320725
23,12.86666666666682,-50.740268456375794,29.128251537999454
24,12.86666666666682,-47.65666666666662,31.559630038201483
25,12.86666666666682,-42.9820175438596,32.619895330428555
26,12.86666666666682,-45.481015452538585,36.36535691244006
27,12.86666666666682,-37.54256756756752,33.81230559017699
28,12.86666666666682,-40.19511111111106,34.29256357928797
29,12.86666666666682,-38.575938189845424,33.7740710571798
30,12.86666666666682,-32.273509933774776,31.773870429310083
31,12.86666666666682,-35.09624724061805,32.31257669775602
32,12.86666666666682,-27.203070175438544,28.507942967030274
33,12.86666666666682,-34.394854586129696,32.50427969867642
34,12.86666666666682,-30.963288288288233,31.46454788920136
35,12.86666666666682,-32.474603174603125,33.87324206645593
36,12.86666666666682,-26.616666666666614,29.583289014051328
37,12.86666666666682,-26.24370860927147,29.71805361396272
38,12.86666666666682,-28.3149122807017,31.515573238817243
39,12.86666666666682,-28.166445916114736,31.181739693478125
40,12.86666666666682,-25.670419426048507,29.472967258399077
41,12.86666666666682,-27.92962962962957,31.902441053604832
42,12.86666666666682,-29.320995670995618,32.98302855192976
43,12.86666666666682,-25.926143790849615,29.600823591845607
44,12.86666666666682,-26.98733333333328,30.002584251657034
45,12.86666666666682,-29.311920529801274,30.45881532687327
46,12.86666666666682,-26.24244444444439,29.54863759387769
47,12.86666666666682,-28.937499999999947,32.80404079207335
48,12.86666666666682,-25.664679911699725,31.188282273425383
49,12.86666666666682,-23.0331125827814,25.91650443840647
50,12.86666666666682,-27.06171171171166,30.024820404346915
51,12.86666666666682,-23.284353741496545,28.668248204573118
52,12.86666666666682,-26.137807606263927,31.01278215651603
53,12.86666666666682,-21.53822222222217,27.848934386599726
54,12.86666666666682,-26.949999999999946,28.992008030311226
55,12.86666666666682,-25.89183673469383,30.406624619287715
56,12.86666666666682,-19.460850111856768,24.12926187476699
57,12.86666666666682,-25.40521541950108,30.055334129064015
58,12.86666666666682,-22.32244897959178,28.852122294485092
59,12.86666666666682,-23.45805739514343,27.845484377180387
60,17.16666666666668,-25.961777777777726,30.383383710975906
61,17.16666666666668,-26.674272930648716,32.16924323948459
62,17.16666666666668,-26.099999999999945,32.2757996123737
63,17.16666666666668,-29.732671081677655,32.517039280419844
64,17.16666666666668,-27.073026315789424,31.025167282006738
65,17.16666666666668,-24.868444444444393,28.62090476263983
66,17.16666666666668,-24.421555555555504,31.35238998194951
67,17.16666666666668,-26.134444444444387,31.3783962993807
68,17.16666666666668,-27.995302013422766,31.996961782534367
69,17.16666666666668,-29.002888888888833,32.26677386039741
70,17.16666666666668,-29.245253863134607,33.39566717970748
71,17.16666666666668,-29.499776286353416,29.865000876525592
72,17.16666666666668,-24.80222222222217,31.02220940782927
73,17.16666666666668,-31.467555555555506,35.164092364263716
74,17.16666666666668,-30.65584988962468,33.24324084389611
75,17.16666666666668,-26.397333333333282,31.23671190549139
76,17.16666666666668,-28.55799999999995,31.028113280987267
77,17.16666666666668,-28.614093959731495,30.60244081378956
78,17.16666666666668,-27.62460850111852,30.701898445741197
79,17.16666666666668,-28.043929359823352,32.125590644507064
80,17.16666666666668,-23.437306843267056,30.745012918913222
81,17.16666666666668,-24.391333333333282,30.509727272170476
82,17.16666666666668,-24.707505518763742,30.07522801712976
83,17.16666666666668,-23.88035320088295,29.865156426536668
84,17.16666666666668,-22.518666666666615,27.96230067363849
85,17.16666666666668,-26.96293859649118,30.74054662594222
86,17.16666666666668,-25.28911111111106,33.456367272340394
87,17.16666666666668,-24.97933333333328,32.66119334419163
88,17.16666666666668,-23.895270270270213,30.357265089196087
89,17.16666666666668,-23.45727069351225,30.296542351511455
90,17.16666666666668,-20.441059602648952,28.550321283341557
91,17.16666666666668,-25.223333333333283,29.094582097143242
92,17.16666666666668,-25.772483221476456,32.62146183546241
93,17.16666666666668,-25.05234899328854,31.698445200259417
94,17.16666666666668,-23.485777777777724,30.155883486303413
95,17.16666666666668,-21.738666666666614,29.37873079980495
96,17.16666666666668,-26.21766004415006,31.78801723687802
97,17.16666666666668,-25.8872483221476,29.22895211974128
98,17.16666666666668,-26.895143487858668,33.02387666051273
99,17.16666666666668,-30.78523489932881,33.5351791163793
100,17.16666666666668,-25.773777777777727,30.9681424326419
101,17.16666666666668,-25.043847874720306,29.935656100182143
102,17.16666666666668,-26.712141280353148,31.490523115914772
103,17.16666666666668,-24.098454746136813,29.5290277204069
104,17.16666666666668,-27.29028697571739,31.0549709837591
105,17.16666666666668,-27.55767543859644,32.64150077227747
106,17.16666666666668,-25.705777777777723,30.068145503583885
107,17.16666666666668,-30.562251655629087,33.40294512214331
108,17.16666666666668,-25.820581655480932,33.64521712378624
109,17.16666666666668,-24.97192982456135,30.475223400411974
110,17.16666666666668,-29.289254385964863,32.647057890685105
111,17.16666666666668,-25.810375275938135,32.07710889660321
112,17.16666666666668,-24.760888888888836,31.247235076893094
113,17.16666666666668,-27.955111111111062,33.2236441880749
114,17.16666666666668,-29.195555555555504,32.79015721030541
115,17.16666666666668,-29.793818984547407,33.74553313671299
116,17.16666666666668,-23.81125827814564,30.924348310537667
117,17.16666666666668,-22.947072072072018,30.69744952505264
118,17.16666666666668,-27.221777777777724,30.34799523226015
119,17.16666666666668,-26.46291390728472,31.187154093819107
120,17.16666666666668,-28.562719298245558,33.329471472389265
121,17.16666666666668,-28.94799999999995,31.898504430284657
122,17.16666666666668,-28.541666666666615,32.546706072983824
123,17.16666666666668,-30.1754504504504,32.004072179308004
124,17.16666666666668,-29.03668903803127,31.757161110592424
125,17.16666666666668,-27.503355704697938,32.004635138057054
126,17.16666666666668,-27.028666666666616,32.31283497541107
127,17.16666666666668,-28.85257270693507,33.00243210281767
128,17.16666666666668,-28.104415011037478,30.488110247328
129,17.16666666666668,-25.775275938189793,29.18385213376329
130,17.16666666666668,-26.06535947712413,31.52478106338649
131,17.16666666666668,-28.112280701754333,32.54086852003441
132,17.16666666666668,-25.821621621621567,30.638647076325697
133,17.16666666666668,-27.167320261437858,32.787482660013076
134,17.16666666666668,-24.28013245033107,32.921010818784225
135,17.16666666666668,-29.5883002207505,35.06521144519845
136,17.16666666666668,-31.445413870246036,34.89874374401951
137,17.16666666666668,-31.66017897091718,33.98534857319178
138,17.16666666666668,-26.627814569536373,32.75909333575154
139,17.16666666666668,-25.583777777777723,31.103366671808836
140,17.16666666666668,-20.226490066225104,29.087112651684524
141,17.16666666666668,-22.532885906040214,30.924795354766488
142,17.16666666666668,-24.093693693693638,30.243006873242717
143,17.16666666666668,-24.339035087719243,33.510689744305786
144,17.16666666666668,-24.119910514541328,33.383097733878245
145,17.16666666666668,-21.355921052631526,30.81570989993648
146,17.16666666666668,-20.778222222222166,29.080383355429934
147,17.16666666666668,-18.464205816554752,26.467071572297552
148,17.16666666666668,-21.8762557077625,32.500286606605165
149,17.16666666666668,-21.47673378076057,32.42551878577186
150,17.16666666666668,-24.99977324263033,33.69274657145548
151,17.16666666666668,-21.187671232876657,30.94911348939223
152,17.16666666666668,-17.155482456140295,26.915930396773618
153,17.16666666666668,-22.473245614035033,31.44838062368165
154,17.16666666666668,-17.922295805739456,29.259400034652955
155,17.16666666666668,-21.64041095890405,32.51434812863232
156,17.16666666666668,-17.597333333333275,31.857702951301032
157,17.16666666666668,-21.633111111111056,31.56956821034547
158,17.16666666666668,-23.201535087719243,32.78197968530807
159,17.16666666666668,-17.664069264069205,29.073606277826787
160,17.16666666666668,-20.389692982456083,30.392881648117893
161,17.16666666666668,-19.819333333333276,30.19825804885418
162,17.16666666666668,-19.08165548098428,27.782568592866376
163,17.16666666666668,-19.018568232662133,29.650830396715214
164,17.16666666666668,-22.59204301075263,32.16227850928079
165,17.16666666666668,-24.1595555555555,34.52733915945594
166,17.16666666666668,-23.846444444444387,31.32799030015993
167,17.16666666666668,-25.388235294117592,34.431182028346214
168,17.16666666666668,-22.275496688741665,29.852265306984645
169,17.16666666666668,-22.360888888888834,29.12315478094814
170,17.16666666666668,-21.46951754385959,29.9219921331707
171,17.16666666666668,-18.186577181207994,27.99506319519488
172,17.16666666666668,-25.555630630630574,32.605619412072954
173,17.16666666666668,-22.17488888888883,31.17818917998944
174,17.16666666666668,-24.85866666666661,32.333431999849466
175,17.16666666666668,-22.027412280701697,30.014468757987
176,17.16666666666668,-30.691722595078243,36.38132944356403
177,17.16666666666668,-25.93646532438473,32.11159543538975
178,17.16666666666668,-17.285555555555497,27.332731271598764
179,17.16666666666668,-25.211856823266164,30.79057112661505
180,17.16666666666668,-24.26666666666661,31.474437835123247
181,17.16666666666668,-22.788888888888835,29.55288310765644
182,17.16666666666668,-25.18662131519269,32.955023442048585
183,17.16666666666668,-25.528859060402628,32.36724614150485
184,17.16666666666668,-21.88791946308719,31.966272824359116
185,17.16666666666668,-26.36269315673283,34.310488108136525
186,17.16666666666668,-18.635526315789413,27.14655042301308
187,17.16666666666668,-24.84909909909904,32.20928918804619
188,17.16666666666668,-23.709843400447365,30.71520342035362
189,17.16666666666668,-24.29337748344365,33.20908699012514
190,17.16666666666668,-25.136689038031257,33.06165138974384
191,17.16666666666668,-23.60045045045039,32.07341615452148
192,17.16666666666668,-27.451111111111054,32.66064494762868
193,17.16666666666668,-23.713063063063007,29.704471467309094
194,17.16666666666668,-27.855033557046923,32.378107776387075
195,17.16666666666668,-23.344594594594536,29.981896828724164
196,17.16666666666668,-22.912471655328737,29.37737731610079
197,17.16666666666668,-19.543929359823338,28.609298922805962
198,17.16666666666668,-23.447972972972916,31.080495179064425
199,17.16666666666668,-27.938548752834414,34.22075497502835
