-5.691646450764783483e-01
-6.701466100070530008e-02
7.299632417445559573e-01
-9.554979615429803896e-02
1.000000000000000000e+00
-6.427611998675724081e-01
-1.000000000000000000e+00
1.000000000000000000e+00
6.432503055488520971e-01
-2.172341102357175369e-01
7.806982211170077068e-01
-3.197623698181482621e-01
-1.652124204920312200e-01
1.000000000000000000e+00
-4.086040914422968684e-01
-6.533758022491681361e-02
1.130055616422197262e-02
-8.369681498371606132e-02
1.648770091476348121e-03
3.059029721089985276e-01
1.904968018087889181e-01
-5.098022075750422433e-01
3.335223202643431972e-01
-9.725511480262810649e-01
-9.407291443307287393e-01
5.211491227558144868e-01
-3.359017354472181860e-01
1.590149286807105433e-01
1.047206208122122839e-01
3.531528387933409174e-01
-2.957372026023852296e-01
-2.198364343621191375e-01
1.000000000000000000e+00
-1.000000000000000000e+00
9.084644085644741907e-01
1.000000000000000000e+00
-1.978860987431555474e-01
-9.639375260704304837e-01
-3.049718791225367598e-01
9.808518296171175876e-01
6.924587458968531894e-01
3.253056448991151761e-01
-1.677640561768168337e-01
-9.305858056431817182e-01
-1.000000000000000000e+00
2.735696327346853751e-01
-3.903440610552911805e-01
-9.574830646168244197e-01
-9.545848249127359963e-01
-1.067763238317109842e-01
-8.170215826261322256e-01
5.384664504870162460e-01
5.553071026970370916e-01
-3.927540653025970441e-01
-5.153250187467250942e-01
1.000000000000000000e+00
-8.127500462951461335e-01
4.528539701828251385e-01
-1.017259164050073189e-01
-6.593340602271479112e-01
2.536606292953086372e-01
-4.126455125277653790e-01
8.785006802057476749e-01
2.143543194929400930e-01
6.934227070809670934e-01
1.000000000000000000e+00
6.240568677846998202e-01
-4.052146390653815211e-01
8.697391650317967127e-01
3.049878580514601145e-01
-3.512857674567251287e-01
9.377604372036399960e-01
9.163307763483070634e-01
-3.596516939440515259e-02
-9.544482555434274929e-01
8.140767400456703218e-01
8.099025945862792231e-01
5.557486797981316951e-01
-6.382553358440525015e-02
-2.460073147161003781e-01
-5.428472763793067424e-01
7.703062118824698379e-01
-2.750459403119820401e-01
1.000000000000000000e+00
-3.242382404705849153e-01
1.029286894936090047e-01
-5.536637806233086767e-01
6.567214548530206919e-01
6.302288351213529705e-01
7.045980539538322374e-01
5.883918749706025242e-01
1.289080310149546757e-02
-9.362456768675139207e-01
-7.133988886091671144e-01
2.105989448543645892e-01
1.909457987445195015e-01
8.789451782312702743e-01
-2.388149591968660168e-01
8.323088668937264067e-01
-9.393183186542939378e-01
-1.207118899126358169e-01
-1.205177985351619796e-01
6.528509199245633443e-01
6.179924969740411278e-01
4.231513176630953277e-01
9.674821125329458038e-01
-3.153649946786715730e-01
1.000000000000000000e+00
-5.950151061670351238e-01
-7.151237456877607146e-01
9.690388323019206718e-01
8.263198275952239324e-01
7.278257872383880889e-01
-5.969381850840933534e-01
9.402588878535411698e-01
-8.258966742149128626e-01
2.794878655758888941e-01
-8.738128526726280931e-01
1.523455565825689029e-01
-9.120223066239696585e-02
-5.925436639831710428e-01
-9.324671408454849875e-01
7.842168087989535019e-01
5.611946407856858304e-02
6.216572985363139070e-01
5.664035963752752645e-01
1.269143790744343692e-01
4.542681819474712612e-01
1.000000000000000000e+00
-7.671104385908737722e-02
1.000000000000000000e+00
-2.319571504356760794e-01
-3.862722511691597527e-01
-4.795130381851603341e-01
2.054170422936114626e-01
3.101560554706901951e-01
1.000000000000000000e+00
6.015580329803074111e-01
5.765507882823334151e-01
1.767028543467614732e-01
-5.236166326063618204e-01
1.000000000000000000e+00
1.000000000000000000e+00
-6.247658401577999010e-02
3.444048649127349204e-01
1.987106789186484923e-01
2.324291799558455551e-01
-5.881292683201084781e-01
8.882679219647909852e-01
-1.734539593660612208e-02
3.328967101166069309e-02
-4.824958078345849277e-02
-6.680668629155531169e-02
-1.936377639156277031e-01
8.202655734769018769e-01
2.935632696038341649e-01
-9.901033545552648807e-01
1.551732709677693389e-01
2.361007760902256725e-01
-3.645972446378583642e-01
-7.081919168404446907e-01
2.411224698175575831e-01
-7.775808031938876708e-01
-7.321404829552567994e-01
-5.475395650353064303e-01
4.579055425179585082e-01
4.489316150373028336e-01
8.588254845591547504e-02
8.632033889522736647e-01
-4.036033061550974299e-01
7.998940630521497175e-01
9.463129045745509726e-01
2.436768238388016261e-01
-3.146070667027212053e-04
1.000000000000000000e+00
5.132757487234083094e-01
4.775403120157162284e-02
8.316591235376540325e-01
8.177565286020453683e-02
7.658625058274028952e-01
-7.291448966610689641e-01
-1.732352284893367081e-04
8.156967356388129531e-01
1.075397947089086204e-01
-1.666969340883778239e-01
-9.092194586062068984e-01
-7.656950121228516259e-01
8.529691120276924332e-01
3.562080839278065625e-01
5.261640552541771987e-01
6.753617780388634362e-01
-4.306212518031738989e-01
-7.319094195810602610e-01
7.668999402810732224e-01
8.559298609113932255e-01
-2.409937704116144053e-02
-1.000000000000000000e+00
2.512149202374690526e-01
-1.000000000000000000e+00
-2.278436819526801216e-01
2.884206641474743593e-01
4.058647183394356039e-01
2.523028637935209595e-01
3.755739531244756679e-01
-7.931593229214195517e-02
4.594737899664060321e-01
5.847616758988628816e-02
7.197657928432732444e-01
3.792858900883089301e-02
-8.416509164505746668e-03
-4.474856191977171216e-01
1.000000000000000000e+00
6.868474221143089364e-02
7.348973539463287130e-01
5.110015483539512848e-01
3.608842582721984438e-01
-1.416678478551968157e-01
4.561460113582183062e-02
-3.571663752437610473e-01
1.944167107945877770e-01
-2.609599792755485370e-01
1.000000000000000000e+00
4.974294960886327388e-01
2.173158734080932464e-01
6.139442806816650666e-01
-4.721027828153218087e-01
8.730443348501177869e-01
1.463168433594073115e-01
3.028570729148916119e-01
5.078136866164474350e-01
-4.610719676639007253e-02
1.739540410685999072e-01
-3.962025559843503908e-01
-1.000000000000000000e+00
-5.965868249029445680e-01
-3.941517026795674505e-01
5.117664304155666866e-01
8.553151742494029541e-01
-7.221649322030514462e-01
-9.037520747546208266e-01
7.753339841227844254e-01
-8.337759195919428601e-01
-6.270891996795983914e-02
4.421915615233766861e-01
4.940765984444523973e-01
5.653299837104966974e-01
5.466816902664330957e-01
-4.045773635971067761e-01
-7.157196333918618425e-01
6.048631767279180060e-01
1.000000000000000000e+00
-1.000000000000000000e+00
-6.582575743647097744e-01
-2.629962167367084769e-01
-7.124974758636155592e-01
-2.084226311196419323e-01
-6.355015095671469050e-01
-5.541634294122965709e-03
2.335594772535170560e-01
1.000000000000000000e+00
-6.755772942765055911e-01
7.879556421761215734e-01
6.719623779759902327e-01
-3.334314964214187688e-02
1.000000000000000000e+00
