2.140285527405202948e-02
-6.937128782347068423e-01
-5.399417366417581521e-01
-1.000000000000000000e+00
7.633277686878131574e-01
9.142058730191665594e-01
6.871492053758085361e-02
2.431431816345296093e-01
8.289989260436354535e-01
4.876337795790553487e-01
-1.684955842036664764e-01
-5.418375559559155397e-01
-3.339607440395065407e-01
-2.184966993318546713e-01
-6.949884705258861928e-01
3.239783094672767372e-01
-1.000000000000000000e+00
-5.569570435618256266e-01
3.026781480259265744e-01
-4.458633596235058727e-01
-1.000000000000000000e+00
-2.245299120332873988e-01
6.948532130119420280e-01
1.954474663029067694e-01
8.091960017839977537e-02
4.517176002490912445e-01
4.406446277280308133e-01
-1.045931022864284715e-01
6.952253174259496182e-01
3.691399960370313482e-01
8.111011893577483312e-01
3.822981828250181235e-02
4.396339869468589012e-01
-2.858213400260616321e-01
-7.360472002733462471e-01
1.000000000000000000e+00
-1.000000000000000000e+00
4.935422910823439868e-01
-6.867904596839571885e-02
2.479708328178129029e-01
-7.867529378033642773e-02
1.912664762444105382e-01
9.186780870897229279e-02
6.441722956199809058e-01
4.652189158291525350e-01
-5.683186686522417874e-01
-3.795334588353459215e-02
9.712401718381856452e-02
2.626695771069148533e-01
1.000000000000000000e+00
1.673934839740160441e-01
1.729233635050380080e-01
4.806608907485310223e-01
-3.294860473044171068e-01
9.812205792965381645e-01
-9.527516889306851533e-02
-7.729056232416526839e-01
8.286898806721076927e-02
9.912702609475498861e-01
-2.008394734491620592e-01
-1.777499096479834562e-01
-4.797226850230051909e-02
-2.110476187326773834e-01
4.385572403167846411e-02
-4.481886096648290407e-01
4.643143441664251969e-02
-6.305072118578463058e-01
-1.158047730438701572e-01
2.074929289218702677e-01
-7.183191840742740863e-01
-6.095672137812119251e-02
1.241844452387844133e-02
2.945673534393441484e-01
3.969731589926046023e-01
-8.008443652472804208e-01
1.762307435867749295e-01
-2.820965369513495635e-01
4.621711932823698299e-01
2.711175212719233452e-01
4.348817876902022483e-01
1.820195206116428377e-01
-7.891768140570000201e-01
5.257197007374013742e-01
-3.978382970008921271e-01
1.331120627780819632e-01
1.857952752888061554e-01
1.416126422460057543e-01
2.607554678762957073e-02
4.375435179380041673e-01
-8.901135093580168078e-01
6.007751315382235946e-01
1.484467788915885822e-01
-5.010395389022723744e-01
2.702505846184029559e-01
-2.080954540141652098e-01
6.103687488146614104e-01
-1.000000000000000000e+00
-3.179381960790590433e-01
2.613093970505671673e-02
5.026547493310639103e-01
-1.081757315208803222e-01
-5.433915029458676743e-02
-2.123962906590403932e-01
-3.433191369531977677e-01
3.696600287222684966e-01
-4.751205559187538507e-01
-3.926102503735180993e-01
4.764511973961806923e-01
-5.591404930812352569e-01
1.245104674373583020e-01
5.240523496035961459e-01
1.000000000000000000e+00
-2.302823964897217357e-01
-4.571438523404929288e-01
-6.545630063827087008e-01
6.081619865005017944e-01
-8.175494828697655869e-01
7.525281047411930269e-01
-5.173566658260215778e-01
6.799137143342441902e-01
-2.609721750656382455e-01
2.906916748440188311e-02
-5.184570396987091545e-01
4.525057006555206485e-01
-6.792171448253204735e-01
9.725319135681547156e-01
-4.479297181996086397e-02
6.533857896573018464e-02
-4.955751477399022442e-01
1.820187851231607201e-01
9.018073462424995579e-03
-7.445216196723543345e-02
-4.698522229835128683e-01
-6.450290207673995413e-01
-1.000000000000000000e+00
-2.884131904618512099e-01
2.439420371497018564e-04
-3.033917040424009559e-01
-6.953625033512687015e-01
7.465544570321661633e-01
-4.288113452624621735e-01
-3.008236985199837510e-01
4.777659448977890078e-01
-6.927916926275080600e-01
1.627801206364473674e-01
2.390905803089878323e-01
9.606140324862808555e-01
-7.066090850672833434e-02
-7.147335782812630489e-02
-2.660892086764535258e-01
-6.712265076924635310e-02
5.205375737422964777e-01
2.137975513899576518e-01
-7.095199045919337033e-01
9.284097010649757786e-01
-8.599462231370525594e-03
2.239499424238609870e-01
5.046871586824659417e-01
-2.068868662037288142e-01
2.343450891307738149e-01
-9.985454699838114401e-01
3.554246973646548180e-01
-1.271324923685448471e-01
7.334814761276693684e-02
4.541278816158058618e-01
2.348699645394309310e-01
-2.306600161336553600e-01
-1.000000000000000000e+00
-8.308598576332530961e-01
3.347839392529199376e-01
-1.650301264728759321e-01
7.146056612339548586e-01
9.022219336841409421e-01
-1.000000000000000000e+00
4.216098553346480093e-01
-4.348901909940529331e-02
-9.425173853633170840e-01
-7.202098587315343137e-01
-3.780764170500246490e-01
-9.486027692359293439e-01
-5.725843409122233912e-03
-3.144909236048031298e-01
1.689945896105657652e-01
-7.309675715088436165e-01
3.885374783124317388e-01
4.971071678820916384e-01
6.811318074992044336e-01
2.488965319060827963e-01
-8.001351795946480827e-01
5.828486718826192403e-01
-7.760547807449749147e-01
2.561214678855507909e-01
1.947205392291719295e-01
-5.575002293786330831e-01
-7.793302801618842146e-01
1.441835088781396323e-01
-9.688938643596795020e-02
-4.068011256805142278e-02
-1.000000000000000000e+00
9.884688236549792340e-01
5.481336306920622098e-02
-3.127712366954999434e-01
1.494304222646184732e-01
7.789016526278739194e-01
4.457463338977044748e-02
-7.560729042482134954e-01
-1.004468979218989533e-01
1.314412787945432592e-01
-3.518359005938247464e-01
2.446889206803617434e-01
1.696715936057590357e-01
-1.256958823183342566e-01
-4.008111033586292393e-01
5.624345882870870339e-01
-6.505545261172220872e-01
-9.130663452827925131e-01
-1.834275553513108337e-01
6.345793095196137212e-01
4.821553104645274201e-01
-4.987347255386919559e-02
-2.194128133299681482e-01
-2.145295152776980907e-01
9.144677313827090370e-02
8.763345363718819669e-01
1.980426507951938142e-01
-2.283332098261677545e-01
7.443938512676270824e-02
4.084366047231174912e-01
4.161387918188991231e-01
-5.965440448331136292e-01
6.791096715054449895e-01
3.397168567664783367e-01
3.533598086390291604e-01
-2.693110137195677267e-01
6.940277356869012371e-01
-1.996282278545127853e-01
8.537509019241776853e-01
-2.550556547830540310e-01
5.463040440423629768e-02
-8.047545959418664907e-01
8.290429505668369670e-01
3.733885907272052607e-01
1.000000000000000000e+00
7.726668083452345459e-02
1.778022260938011412e-02
3.353331958449948802e-01
-8.573272754007194019e-01
-6.294304435223340155e-01
9.244517664466224416e-02
2.124696130422910056e-01
-9.399951093067103747e-01
8.059442713261250057e-01
-1.674108687722381250e-01
-3.823873153424237059e-01
2.927042212095598908e-02
6.354612960069223604e-01
5.728213136432513952e-01
-9.095914509186454611e-01
-6.942478982621833605e-01
3.753457014220278332e-01
-5.980827451339958412e-01
4.155675856872518281e-01
-6.896095241656180486e-01
-4.338189603281058376e-02
9.687725575536449973e-01
