5.570369138266381137e-01
8.575594232397693029e-01
2.623219181902574082e-01
1.000000000000000000e+00
-6.110511291980882387e-01
1.321180475659788356e-01
4.780459776517839710e-01
-4.144068908194774026e-01
5.703099943742561129e-01
-2.428214354790783625e-01
-4.549880083701014488e-01
2.079752910000874089e-01
5.661176202486198905e-01
5.271950238328382277e-01
8.639829120507626359e-03
-4.505591151880193324e-01
-4.280190323162998967e-01
-4.913043114972919789e-01
-1.467820285488950494e-01
1.115598666087919966e-01
-1.858212513959579537e-01
4.699696704624914401e-01
-8.152370929388288445e-01
2.440821333262261916e-01
-1.995779796750907775e-01
1.843241980583666673e-01
5.021107159244604379e-01
5.590248913658145691e-01
2.160261551687885362e-01
9.708306697044996603e-02
-2.726166639226486610e-01
-5.524553370758743254e-02
-2.262186274470874836e-01
4.574342126243344242e-01
5.848950263577070707e-01
-4.722984496968973267e-01
2.881222296111181636e-01
-7.611794327655220238e-01
-1.438126461803223843e-01
1.017079980758157365e-01
-2.051814563269304392e-01
3.943960580767972290e-01
1.839747284773501912e-01
7.031883277852721825e-01
-1.000000000000000000e+00
-3.782533069005570292e-01
-4.054778176923342081e-01
-6.618453873877511162e-01
-5.461893689245845840e-01
-6.491670305638228555e-01
1.000000000000000000e+00
-2.490478791238583123e-01
6.066394072896927891e-01
9.121370718172098213e-01
-2.598372255779425322e-01
1.000000000000000000e+00
1.289396643911909779e-01
-3.761446255724220089e-01
1.897211521889569374e-01
-6.647793312750099881e-01
3.024224645168344106e-01
5.009164264235546615e-03
3.619569292885526646e-01
1.854138759138162507e-01
-8.108305915586686563e-01
-3.655590584627770312e-01
-6.020805507277643409e-01
4.225500967569557620e-01
-1.335326530459611527e-02
4.803693795035561265e-01
-7.037806476757083596e-01
1.000000000000000000e+00
-2.886674148875477686e-01
-5.548618130129542858e-02
-2.162913184489850468e-02
9.178436759732383488e-01
-2.791050603262191787e-01
-2.297115726784236256e-01
-5.447304177259680857e-01
6.998696060330049651e-01
5.336706717797882193e-01
5.166988328426167509e-01
-2.014576501938219744e-01
1.911465494800688447e-01
3.397279499183705753e-02
-5.294856931751720612e-03
-1.692438348079124688e-01
-6.083033080555062533e-01
-2.130961752260228381e-01
-5.785155642005032073e-01
-1.253887455670053552e-01
8.200174131799777000e-02
1.447400027542140866e-01
-2.667776041812713883e-01
-8.522213201778217062e-01
-2.278571772793013539e-01
9.683092557170671633e-01
2.183689784009255341e-01
6.264646820266376315e-01
-5.154323496735218058e-01
-6.477773807183843102e-01
-2.452941880266283070e-01
-4.254493785534193551e-01
1.840113574658667761e-01
-7.708900849666572297e-01
2.753269058223688504e-01
6.511204889220163494e-01
-1.000000000000000000e+00
2.925683888651650078e-01
-1.622858282596102431e-01
4.383204444326375127e-01
5.396694717321262047e-01
-4.650047025747386931e-01
-1.000000000000000000e+00
1.188900754759758677e-01
3.598610415420125941e-01
-4.985816358849737284e-01
1.017752787761432021e-01
-5.317179300163736855e-01
-2.167981805257934991e-01
-5.723130618284740789e-01
-9.955878124506285509e-01
-8.713111880270448806e-01
-4.350315626120591223e-02
-1.924489702057169127e-01
1.000000000000000000e+00
-4.473115491316632664e-01
6.656321500967439242e-01
-3.514411549152071101e-01
-2.089146933824027885e-01
-3.172503027011718824e-01
2.818421991895192491e-01
-9.460404362356436003e-01
9.973621435258362977e-01
4.847260670142791161e-01
6.142637550680524194e-02
1.195929295426531036e-01
-9.601864765013427006e-01
5.180699684374454606e-01
-5.711929084327468376e-01
-1.720401284192672742e-01
6.068416640249579136e-02
4.686726927762616124e-01
7.479814314439503509e-01
-6.808474657138902097e-02
3.080797586264247268e-01
6.456095194189035436e-01
2.956689723621502286e-01
2.717129476854810433e-01
1.703063810592604088e-01
3.689506934793158888e-02
6.911488653822049910e-01
5.665072357297197200e-03
3.932426448405355879e-02
5.226327005267006331e-01
6.326871328157296359e-02
-4.747510713092120138e-01
-7.060367329171250705e-02
-2.519547207892186003e-01
-9.791913325686166583e-03
-7.305543021284571781e-01
1.000000000000000000e+00
3.830278346268048972e-01
1.000000000000000000e+00
-9.770598543549401382e-01
8.542953272892930272e-01
-1.000000000000000000e+00
-2.539200549582711908e-01
6.273685414630068014e-01
-7.839878532944167810e-01
-3.688778033421004077e-01
-4.982495156011207404e-01
1.000000000000000000e+00
4.286385161133453581e-01
-7.688263697436124866e-02
8.394868654576836953e-01
-3.241350785816025648e-01
6.492299885044391372e-01
3.839618467398014379e-01
1.371320787971034572e-01
-8.760484425555634669e-01
7.178643814679606938e-02
-2.202589179878552683e-01
2.194989029658960672e-02
-4.473430762665095983e-01
-1.569689773704332769e-01
8.043621695823697237e-01
-6.037807894486199034e-01
1.729848096523749768e-01
2.227452296024882705e-01
-5.130929376572196388e-01
4.767623307616162820e-01
6.042943907745094156e-01
-1.000000000000000000e+00
-9.263933357383744571e-01
6.432395321267785349e-01
-3.540190391363346456e-01
-4.621515483203811891e-01
1.000000000000000000e+00
-2.130561757157618721e-03
-8.433552121708515203e-02
-5.610050393540148006e-01
7.781765923810717300e-01
9.767678101493395548e-01
-3.939698193156739858e-01
2.707521683954242642e-01
7.799992739634807881e-01
-4.929838854119283909e-01
-6.332727777164678384e-01
-5.244333920318875464e-01
-6.700033899685068350e-01
2.035395349735031612e-01
4.454967141290019361e-01
-2.553051535474423206e-01
-3.602138925260492397e-01
-9.950529570704584603e-02
-2.638244406365263320e-02
1.856902394248511889e-01
6.127910411235290011e-01
-9.015336217541621844e-01
-1.043726263289778966e-01
-9.961730160805420953e-01
1.110663166641447930e-01
7.246942214848904884e-01
-4.510278598042347098e-01
-1.402012821986709512e-01
-6.938947352950225467e-01
4.337113082442261014e-01
9.588477952334152343e-01
8.582589808236863460e-01
-6.220806390413494702e-01
-9.794052173431589958e-01
3.952706493656409914e-01
4.350917727523598288e-01
-7.753617619527654048e-01
9.556399327033561208e-01
-1.000000000000000000e+00
6.774595443354389790e-01
8.240001595352253183e-01
-5.142411638534415408e-01
-4.715635933911547228e-01
-5.879445624311571139e-01
9.699475878693535336e-01
2.862792138174545253e-01
2.595086317916367458e-01
-6.569156023455690052e-01
-3.529106433028771361e-01
-2.328176592594643213e-01
3.756336349901064908e-01
1.606852829376423722e-02
-3.735449323899235896e-01
3.400291460835009327e-01
4.165362265123039309e-01
9.201205452944087593e-02
-1.000000000000000000e+00
-2.715021378817517594e-01
-1.000000000000000000e+00
4.017684872467451873e-01
7.812458954325820493e-01
1.000000000000000000e+00
7.664749832010995245e-01
1.886352058168503931e-01
1.947557352971838740e-01
1.878753123602175112e-01
-8.057344166593887191e-01
