-1.000000000000000000e+00
-4.692274107480263745e-01
5.092310964353558012e-02
3.756684819019061039e-01
-5.834751420510438935e-01
-1.000000000000000000e+00
4.119599552141420817e-01
8.687926329617825516e-01
-9.891091818760134879e-01
-1.000000000000000000e+00
-3.871065987932775232e-01
-2.129127357461489400e-01
-1.000000000000000000e+00
2.260860769047568219e-01
-3.139270033999350673e-01
-1.000000000000000000e+00
-7.082567462481946796e-01
5.817152996226806483e-01
1.000000000000000000e+00
3.553801612958408240e-01
-6.606027339960462985e-01
-6.165149221080108433e-01
6.618191605616635664e-02
5.229625770004784346e-01
1.000000000000000000e+00
-1.000000000000000000e+00
-1.000000000000000000e+00
-1.000000000000000000e+00
1.892361687757301014e-01
2.041838773673449459e-01
1.000000000000000000e+00
-4.120091861903354413e-01
1.598407720872700721e-01
1.000000000000000000e+00
-1.000000000000000000e+00
-9.312390911809622640e-01
-9.282498996752094889e-02
4.093211505690818042e-01
-1.000000000000000000e+00
-3.257314311910073368e-01
-2.645342380593628251e-01
-1.000000000000000000e+00
1.000000000000000000e+00
1.000000000000000000e+00
-1.000000000000000000e+00
3.989435944132339040e-01
-9.922160108738566908e-01
5.436049361082534448e-01
8.358518018016596329e-01
-1.000000000000000000e+00
-1.000000000000000000e+00
8.578350127318132845e-01
9.560735031375467985e-01
-3.801201840433301449e-01
-1.000000000000000000e+00
-1.000000000000000000e+00
-1.000000000000000000e+00
-1.000000000000000000e+00
1.000000000000000000e+00
-1.000000000000000000e+00
1.000000000000000000e+00
-1.165594965538510053e-01
1.000000000000000000e+00
-2.407875798563222647e-01
7.061707668907051261e-01
-1.000000000000000000e+00
6.283809702887590554e-01
-4.563421926604491197e-01
8.783627386474562870e-01
-5.742337356379086932e-01
-1.000000000000000000e+00
6.127656567064356796e-01
-4.136718392941417521e-01
-1.000000000000000000e+00
2.537714870840200865e-01
-1.000000000000000000e+00
-1.000000000000000000e+00
-4.146961279190109484e-01
3.967801494512172567e-01
7.694849972515627190e-02
-8.900595661660745117e-01
-8.975847537485805994e-01
-9.378221656881495782e-01
3.472837024319521543e-02
-3.818492877063955904e-02
4.844202207117157544e-01
-3.817702756117890561e-01
-2.856120044637306954e-01
-1.000000000000000000e+00
2.766120622239511342e-02
9.809253307254451881e-01
7.520948990051060656e-01
6.976086356154714840e-01
-7.654635563751434058e-01
-1.000000000000000000e+00
7.922148247707276880e-01
1.000000000000000000e+00
4.657088154332699736e-01
-1.000000000000000000e+00
1.000000000000000000e+00
8.094782870155767807e-01
-1.000000000000000000e+00
1.000000000000000000e+00
-8.764034667785791655e-01
-8.522904325136164694e-01
-5.592904752826820536e-01
-7.889326141266844727e-01
1.000000000000000000e+00
-1.000000000000000000e+00
1.000000000000000000e+00
1.000000000000000000e+00
6.861477399903557206e-01
-1.000000000000000000e+00
-6.661706511703908706e-01
3.726772697526074540e-01
1.869842216489607523e-01
8.009813903369039645e-01
1.000000000000000000e+00
-2.900073669231264528e-01
-4.897132549741025076e-01
1.000000000000000000e+00
5.443382829650462718e-01
1.000000000000000000e+00
5.501455812642879195e-01
7.931611194710005419e-01
-2.351195935218930444e-01
1.926461733578767599e-01
-9.200685715005172405e-01
-4.668777808790572359e-01
-5.131783901164701511e-01
5.331403433016130844e-01
-2.962899926754093416e-01
6.750156353595671010e-01
-5.211182676993748597e-01
1.000000000000000000e+00
1.000000000000000000e+00
-1.000000000000000000e+00
-5.420180481927060478e-01
-1.000000000000000000e+00
-5.914072895696968757e-02
-4.162159746452810394e-01
1.000000000000000000e+00
6.117665519425148357e-01
8.284203727108691018e-02
-1.000000000000000000e+00
-8.334648157864784634e-01
-3.392893144675378503e-01
1.000000000000000000e+00
-3.676374990235184437e-02
1.000000000000000000e+00
5.864637242272900952e-01
3.961628272396938710e-01
-8.712454377652000259e-01
-1.000000000000000000e+00
-5.252232454698262387e-01
1.000000000000000000e+00
-5.717473281540018659e-01
5.020589804886825824e-01
-8.798796856712746139e-01
1.000000000000000000e+00
9.040841390219008789e-01
-4.825359614102117112e-01
7.926284784107007209e-01
-2.614524074194716774e-01
9.657100920662233801e-01
1.000000000000000000e+00
4.355647931244407967e-02
5.981716309840648949e-01
-4.214473935948603867e-01
-1.776656756073355381e-01
4.593705367899549308e-01
3.205411056572333717e-01
1.000000000000000000e+00
-1.175115460442215931e-01
-1.000000000000000000e+00
6.250829245424276426e-01
-8.402184498413362013e-02
-1.151580400517495661e-01
-1.000000000000000000e+00
3.028919790124429690e-01
2.872767326018686451e-01
-2.232345999118870439e-01
-1.000000000000000000e+00
-7.864582510366594503e-01
-1.000000000000000000e+00
1.000000000000000000e+00
1.000000000000000000e+00
-7.963438439241807831e-01
9.596660918292992948e-01
-1.000000000000000000e+00
1.000000000000000000e+00
9.041224101877620711e-01
-8.143535143258212594e-01
-1.000000000000000000e+00
8.956909362899397875e-01
5.000495503042634571e-01
-9.009027083578191597e-01
-4.050954547529935779e-01
6.391626780783563055e-02
-1.000000000000000000e+00
1.000000000000000000e+00
1.434335565317832739e-01
-6.491742751516922372e-01
-1.000000000000000000e+00
1.000000000000000000e+00
4.582228815866175586e-01
1.000000000000000000e+00
1.000000000000000000e+00
-1.000000000000000000e+00
-1.000000000000000000e+00
-1.974780126041649486e-01
-9.488442441903676139e-01
-2.441962788977338206e-01
1.599026693320805548e-01
-9.808983100839032687e-01
-1.000000000000000000e+00
-7.471415944663098441e-02
9.884694758372922774e-01
9.493173525481664043e-01
1.000000000000000000e+00
-7.739855193128225563e-02
-3.806146762116072724e-01
-6.997639846152886589e-01
1.000000000000000000e+00
1.531490222738235429e-01
3.095732014158894541e-01
-8.066386986052769270e-01
1.000000000000000000e+00
-8.627100499647905041e-03
8.057906515889168286e-01
-7.129884794587548758e-01
-1.000000000000000000e+00
-4.198494898184970681e-01
1.000000000000000000e+00
5.564614739380538966e-01
-1.000000000000000000e+00
1.000000000000000000e+00
1.000000000000000000e+00
-1.000000000000000000e+00
-6.483637027625167581e-01
2.092703620623357907e-01
2.460443750081550141e-01
4.831857965932167542e-01
7.816447580148353502e-01
1.000000000000000000e+00
-1.000000000000000000e+00
1.000000000000000000e+00
-6.065282905358446719e-01
-1.000000000000000000e+00
-5.053412263664280868e-01
-4.744194214215926575e-01
-4.483423039087586215e-02
1.000000000000000000e+00
-7.608361778882133386e-01
-1.000000000000000000e+00
7.126564019379908466e-01
2.063832848761914807e-01
-1.000000000000000000e+00
5.173036387828219285e-01
1.000000000000000000e+00
1.000000000000000000e+00
-1.000000000000000000e+00
-2.138123669460321452e-01
1.000000000000000000e+00
-1.000000000000000000e+00
