7.577214382877959231e-01
1.000000000000000000e+00
-2.506581218340375727e-02
-9.803142752504938606e-01
-5.122808637042426394e-01
7.420072552761146634e-01
5.189133413004503037e-01
-5.124740986673528842e-02
8.042005392186762913e-01
6.668434081476324327e-01
1.000000000000000000e+00
-9.613235991825938020e-01
-9.610372760544556581e-01
-1.000000000000000000e+00
9.675013928039596367e-01
-2.743293877795451863e-01
5.378026659366319517e-02
9.384354710340241379e-01
-9.320498120221041294e-01
-2.721842192080420331e-01
8.457537211960417523e-01
9.556208926981140106e-01
5.193754700987360806e-01
-1.000000000000000000e+00
-3.886987579875637588e-01
-1.000000000000000000e+00
2.429032990964519190e-01
3.645346839042129528e-01
1.000000000000000000e+00
-9.195185101233197544e-01
-8.445464732400298491e-01
-5.193754700987360806e-01
1.406470060004729739e-01
-5.193754700987360806e-01
9.338331220438593760e-01
4.188362970115712125e-01
5.305693824602258912e-01
1.000000000000000000e+00
-5.291788322849000359e-01
5.799097402771663523e-01
-3.246779317770207562e-01
4.854508361933705940e-01
7.746762198002250521e-01
1.471285096010057081e-01
8.381328717972074127e-01
-6.483574104765400525e-01
-1.000000000000000000e+00
-1.000000000000000000e+00
7.981785278208877177e-01
9.807520011471957400e-01
-5.889875408576006333e-01
6.835981467474872009e-02
-1.000000000000000000e+00
4.904522263194870946e-01
1.000000000000000000e+00
-1.000000000000000000e+00
8.410975864433374305e-01
8.871268149197024666e-01
-5.193754700987360806e-01
6.742955277123805491e-01
9.542313181525441390e-01
1.354495735264719669e-01
1.000000000000000000e+00
5.193754700987360806e-01
-6.138884976094504120e-01
1.000000000000000000e+00
5.895583286576081689e-02
1.000000000000000000e+00
-1.000000000000000000e+00
-1.000000000000000000e+00
-1.000000000000000000e+00
-9.791714801471316232e-01
-8.315091030045340670e-01
1.509496651784362209e-01
9.998339705052613491e-01
-8.262608173852195037e-01
-5.193754700987360806e-01
9.994378683536758734e-01
7.445838830209190462e-01
8.363425343209085483e-01
9.396621308863682964e-01
-8.499501305723515809e-01
9.723720796280455048e-01
-1.977732624262008576e-01
-4.872815876884724062e-01
-1.748767159591495535e-01
-1.324623103254847223e-01
-4.686721253252226771e-01
-4.699352856781587318e-01
7.792783883444956983e-01
-6.247612011061145498e-01
-5.242880897016252151e-01
1.152444846454497851e-01
1.363059384282986619e-01
-3.741652087895598888e-01
1.000000000000000000e+00
1.000000000000000000e+00
-8.906410990272556338e-01
-1.000000000000000000e+00
-9.968361248113903894e-01
-7.422475953610904176e-01
-5.858642853978688336e-01
8.407256846991063570e-01
9.997188993015529990e-01
8.780928904980391803e-01
5.721042310897378469e-01
6.361859156308515839e-01
5.193754700987360806e-01
-5.568429703197501635e-01
-1.000000000000000000e+00
-8.298173874530149208e-01
9.025562350294999980e-01
-1.000000000000000000e+00
-2.816411190854448687e-01
-5.193754700987360806e-01
8.812080107014951258e-01
8.716459869901729274e-01
9.894071401016354406e-01
5.788776840278970770e-01
7.222480387005212332e-01
-2.789478981312139005e-01
8.113984101065561116e-01
4.322762718707474638e-01
-9.442571615190902268e-01
-7.061173701631416610e-02
9.555177676839060608e-01
6.807911577607794751e-01
-5.230325412564433840e-01
-1.000000000000000000e+00
-7.371723252529577275e-01
-9.172614777556244992e-01
5.228394121820476581e-01
-2.477579608335306605e-01
1.000000000000000000e+00
5.193754700987360806e-01
-4.343610590431354890e-01
-9.859478623121484819e-01
1.902410226483249034e-01
5.408050307221687891e-01
-6.385348082712983819e-01
-8.220672064552380087e-01
5.193754700987360806e-01
1.000000000000000000e+00
1.000000000000000000e+00
-9.742866727152076356e-01
-2.728583322242467135e-01
8.766031140019807655e-01
-7.579044921157671588e-01
-3.864794434920175714e-01
-4.823051764209125292e-01
9.858216621988273864e-01
7.437349129587331742e-01
1.000000000000000000e+00
-5.671991026373500722e-01
-8.406366837403513870e-01
9.855147628098300805e-01
-8.510706017223348407e-01
9.983318352367515081e-01
-9.112590489760417078e-01
4.443728657446008867e-01
-4.033992771968811786e-01
-9.944842561694895444e-01
-8.167329150156492634e-01
-4.088741715156606338e-01
9.383074540232920757e-01
5.244307141835231612e-01
-8.306109616674304252e-01
4.983350390317848877e-01
7.411324674811409219e-01
-7.378848478238797526e-01
-5.613855808315821871e-01
-1.082176936789980282e-01
-5.193754700987360806e-01
-5.907445184216629785e-01
7.894519912268256334e-01
2.788260307674150784e-01
-9.923029855200100613e-01
-1.000000000000000000e+00
7.714462752123429912e-02
9.925575948209797161e-02
-1.000000000000000000e+00
7.688923553068651717e-01
-7.275075565505831898e-01
-1.000000000000000000e+00
9.870809372293541939e-01
-9.500839925474282577e-01
-3.866529846813737681e-02
-1.000000000000000000e+00
9.340041399643701503e-01
9.791016791933839780e-01
2.421721929519513594e-01
9.984150747340365672e-01
-9.116960410495162925e-01
-1.000000000000000000e+00
-2.090012068238065457e-01
1.000000000000000000e+00
9.680787259300429604e-01
-1.000000000000000000e+00
9.926460707843395292e-01
9.847506958168484870e-01
-4.624329037331396108e-01
9.970474165427263280e-01
4.110295267979873213e-01
-9.660873150209878801e-01
7.118465505242332902e-01
9.182436540820386739e-01
-6.728000103780965580e-01
7.753009169394570188e-01
-3.251799099979584273e-01
-5.759500360715822387e-01
-1.000000000000000000e+00
5.104813249957592669e-01
-2.896736440375480837e-01
9.967543208554376921e-01
-1.000000000000000000e+00
-4.046432997852691393e-01
1.000000000000000000e+00
-9.911160844204459641e-01
5.193754700987360806e-01
2.156076124196911747e-01
-9.649726276057544183e-01
1.000000000000000000e+00
5.982731775402134744e-01
8.153387266901271913e-01
1.000000000000000000e+00
-1.000000000000000000e+00
9.072965028398802811e-01
1.000000000000000000e+00
-5.400477342923832857e-01
4.399795265429494728e-01
-1.000000000000000000e+00
1.553927843697747724e-01
-8.142984408392863749e-01
-5.193754700987360806e-01
-9.795143494535596407e-01
-6.890431527672915557e-01
-8.701511144940941023e-01
9.540606153011186308e-01
9.806057213869607825e-01
-3.720735713935727773e-01
-9.632597651470798938e-01
-1.000000000000000000e+00
4.494460072472228340e-02
9.482881759869598026e-01
-4.058276130192985387e-01
-1.000000000000000000e+00
6.952245433393664520e-01
-1.000000000000000000e+00
3.325698763146799353e-01
6.369103353313367855e-01
-1.000000000000000000e+00
-7.847103650823312737e-01
3.751035569196961572e-01
6.301387546152337205e-01
-6.107826717782942616e-01
1.717156209295889191e-01
-8.716098610238490751e-01
5.193754700987360806e-01
1.000000000000000000e+00
6.062810386916206440e-02
-6.053450934587198962e-01
-8.283465057198273751e-01
-2.226752799393547644e-01
-8.500030161049687560e-01
6.641845089418760839e-01
