2.958240660269031430e-01
-3.439455380475014978e-01
-4.948595217978368765e-02
-1.000000000000000000e+00
1.000000000000000000e+00
7.205641480447888547e-03
-9.210100253641808621e-01
-1.000000000000000000e+00
8.016404574345630252e-01
-7.698278129962636829e-01
1.727447456614411292e-01
-1.000000000000000000e+00
-3.981921654994203807e-01
-1.000000000000000000e+00
6.571510156764879262e-01
2.974146304047011746e-01
-1.000000000000000000e+00
1.000000000000000000e+00
-6.155966893186755051e-01
-1.000000000000000000e+00
1.000000000000000000e+00
-1.000000000000000000e+00
1.000000000000000000e+00
4.043128732078988818e-01
-1.000000000000000000e+00
-1.000000000000000000e+00
-1.000000000000000000e+00
-4.255018953140506932e-01
1.000000000000000000e+00
-1.000000000000000000e+00
-2.491355514886404166e-01
1.000000000000000000e+00
2.855356804221622635e-01
1.000000000000000000e+00
5.763907870165116965e-01
1.000000000000000000e+00
-9.280352733434962254e-01
1.000000000000000000e+00
1.000000000000000000e+00
1.000000000000000000e+00
1.000000000000000000e+00
5.039058923733489292e-01
1.000000000000000000e+00
-1.000000000000000000e+00
-5.938761941263734911e-01
1.000000000000000000e+00
-1.000000000000000000e+00
-1.000000000000000000e+00
-1.000000000000000000e+00
-2.100312065094158687e-01
1.000000000000000000e+00
1.000000000000000000e+00
-1.000000000000000000e+00
1.000000000000000000e+00
2.236517773425159561e-01
-1.000000000000000000e+00
1.812600412920408743e-01
1.000000000000000000e+00
5.602811767815016886e-01
1.000000000000000000e+00
1.000000000000000000e+00
9.263228838190225023e-01
8.672179368852017678e-02
-1.000000000000000000e+00
-1.000000000000000000e+00
1.000000000000000000e+00
-1.000000000000000000e+00
1.000000000000000000e+00
-5.948628088019352056e-01
-1.000000000000000000e+00
-1.000000000000000000e+00
-1.000000000000000000e+00
2.039646443749215665e-01
-1.000000000000000000e+00
-1.000000000000000000e+00
-1.000000000000000000e+00
-1.000000000000000000e+00
-1.000000000000000000e+00
-1.000000000000000000e+00
1.000000000000000000e+00
-8.841473925996361505e-01
-1.000000000000000000e+00
1.000000000000000000e+00
-7.692858132968051210e-01
1.000000000000000000e+00
-9.600092616470436990e-01
-7.838817821242866080e-01
-3.900042163793628336e-01
-6.091864622750787772e-01
5.949450591705204294e-01
1.000000000000000000e+00
1.000000000000000000e+00
-4.597171248806448673e-01
-8.297917393143394715e-01
1.000000000000000000e+00
1.000000000000000000e+00
-6.751701233128104551e-01
-7.153046930397556347e-01
1.000000000000000000e+00
-1.000000000000000000e+00
3.801697077746928333e-01
6.442363687477676848e-01
5.237379624349843832e-01
1.000000000000000000e+00
9.461885800219733689e-01
6.606087616133324847e-01
1.000000000000000000e+00
-1.000000000000000000e+00
1.000000000000000000e+00
-3.832094469142975912e-01
-1.000000000000000000e+00
7.508925921487309418e-01
1.000000000000000000e+00
4.870705409811206255e-01
-1.000000000000000000e+00
1.000000000000000000e+00
1.000000000000000000e+00
-1.899187093430785289e-01
4.502741994433656636e-01
3.677250556370562085e-01
7.941043892332450005e-01
6.634094482582122421e-01
9.792926901207684720e-01
-7.443699580726603759e-02
1.875797126413074611e-01
1.000000000000000000e+00
6.233923043242233231e-01
-7.689106699136876166e-01
1.000000000000000000e+00
-1.000000000000000000e+00
-1.000000000000000000e+00
-8.115331414135913413e-01
-1.384760271347796334e-01
1.000000000000000000e+00
-1.000000000000000000e+00
-6.774185429799486347e-01
-1.000000000000000000e+00
-8.108297431482844875e-01
-1.000000000000000000e+00
-1.000000000000000000e+00
7.644540783549693685e-01
-1.000000000000000000e+00
9.534901908693478312e-01
-1.000000000000000000e+00
-1.565029448704338133e-01
1.000000000000000000e+00
-4.250894661006363040e-01
-1.000000000000000000e+00
-1.000000000000000000e+00
-4.129229399827721858e-01
-1.000000000000000000e+00
1.000000000000000000e+00
1.000000000000000000e+00
7.035901411412552875e-01
-1.000000000000000000e+00
-1.000000000000000000e+00
-1.000000000000000000e+00
-3.552831768085741304e-01
1.000000000000000000e+00
1.000000000000000000e+00
5.149872198324764172e-01
-1.000000000000000000e+00
-1.000000000000000000e+00
1.000000000000000000e+00
-1.000000000000000000e+00
-9.781427090585502748e-01
9.886014067944146611e-01
7.239891905144812956e-02
1.000000000000000000e+00
1.000000000000000000e+00
-1.000000000000000000e+00
2.607488710348829786e-01
-1.000000000000000000e+00
-7.003794754455787697e-01
1.000000000000000000e+00
1.000000000000000000e+00
-1.000000000000000000e+00
-3.511500058528422841e-01
-1.000000000000000000e+00
1.000000000000000000e+00
-1.000000000000000000e+00
1.000000000000000000e+00
1.000000000000000000e+00
-4.343683513282872721e-01
1.000000000000000000e+00
-1.000000000000000000e+00
-1.000000000000000000e+00
-8.267217112609409613e-01
-1.000000000000000000e+00
1.000000000000000000e+00
-3.357839504398688613e-01
6.286232181562055876e-01
-1.000000000000000000e+00
3.107030171586031564e-01
-1.000000000000000000e+00
-1.000000000000000000e+00
1.000000000000000000e+00
-8.020138058222687771e-01
1.000000000000000000e+00
1.000000000000000000e+00
-1.000000000000000000e+00
9.287694234632786205e-01
-1.000000000000000000e+00
-1.000000000000000000e+00
-1.000000000000000000e+00
3.976552335860185083e-01
-1.000000000000000000e+00
9.811382854949927124e-01
-3.126058653491005646e-01
-1.000000000000000000e+00
-1.000000000000000000e+00
3.143200021917443299e-01
1.000000000000000000e+00
1.000000000000000000e+00
1.001338014892465544e-01
-1.000000000000000000e+00
1.000000000000000000e+00
-1.000000000000000000e+00
1.000000000000000000e+00
-1.000000000000000000e+00
-1.000000000000000000e+00
-1.906845270773873113e-01
1.000000000000000000e+00
1.000000000000000000e+00
7.786780430421158528e-01
-9.829793048503278063e-01
-1.000000000000000000e+00
1.000000000000000000e+00
-5.108312546935800391e-01
1.000000000000000000e+00
-1.000000000000000000e+00
1.000000000000000000e+00
9.979836249966391737e-01
1.000000000000000000e+00
-6.307464430871565497e-01
-1.000000000000000000e+00
6.708231979713350501e-01
4.092502285104056003e-01
4.827480634881706756e-01
-6.213232404658365349e-01
-1.000000000000000000e+00
-1.000000000000000000e+00
-1.000000000000000000e+00
1.000000000000000000e+00
-1.000000000000000000e+00
-1.000000000000000000e+00
1.000000000000000000e+00
1.000000000000000000e+00
8.473499500911435556e-02
1.000000000000000000e+00
1.000000000000000000e+00
-4.542512870373365819e-01
1.000000000000000000e+00
1.000000000000000000e+00
-1.000000000000000000e+00
-1.000000000000000000e+00
1.000000000000000000e+00
1.000000000000000000e+00
1.000000000000000000e+00
1.000000000000000000e+00
7.378294909858229556e-01
-1.000000000000000000e+00
-8.760196358379129800e-01
-1.000000000000000000e+00
3.236523738279588058e-01
