-1.000000000000000000e+00
8.772956149094275347e-01
-9.798313006986509865e-01
-3.273158470572938294e-01
5.341560537639657158e-02
9.374713655523921885e-01
-1.210331348273474550e-01
-4.382723124262803971e-01
-4.219992661690560309e-01
6.655615668646239769e-01
-6.565888169648259609e-01
-2.442077670882639995e-01
-8.593809438444528492e-01
1.000000000000000000e+00
-1.000000000000000000e+00
-4.684706955015774943e-01
-5.703381396364499700e-01
9.190808379275638984e-01
-8.266114083721537442e-01
2.603490663251355197e-02
6.605480809714903145e-03
1.421375221876742534e-01
9.245389824500134246e-01
-4.966146680017496928e-01
-1.625145451605192193e-01
-1.000000000000000000e+00
-9.845280049484699258e-01
1.000000000000000000e+00
-4.424565254823656923e-01
-1.553080530718516927e-01
8.134830013243078417e-01
-9.149028225247939350e-01
-2.571322058429975077e-01
-2.166409305599762969e-01
-5.595105727576488164e-01
-5.711094896261001974e-01
4.352449841726681590e-01
-6.426627650607940057e-01
9.717024117056417554e-01
-4.495927590966690701e-01
-8.285714737554737974e-01
-9.415244061192679093e-01
-7.386447283346493364e-01
2.999355681110598137e-01
-1.692944031667042992e-01
-2.731548715078722100e-01
-5.478483394429899400e-01
1.916180070807415869e-01
-9.857830712305364340e-01
5.372452416636339656e-01
-9.285475172051246284e-01
-5.180993068126691359e-01
-7.246139572754435321e-01
-9.256264628140939976e-01
5.481272644461172572e-01
-2.220112038490318351e-01
9.857088727140406181e-01
-8.647475936209063629e-01
9.872538385960726304e-01
-4.302261389647435430e-01
-4.509478222893516519e-01
9.590885175100181126e-01
9.991792653862617835e-01
-5.263559608305046211e-01
-8.351471698391204068e-01
4.086084287140664406e-01
6.232323048528505272e-01
-5.763438365445650025e-02
-9.690717074348862425e-01
-5.796761362065115941e-01
-4.406775593688120329e-01
-5.689952704788159288e-01
9.263491723109070763e-01
-6.204563357246056787e-01
-5.669582911360976363e-01
3.706009280098068182e-01
1.473987097815872005e-01
-7.443449689610233122e-01
-9.109292961416026735e-01
8.514763912087167652e-01
5.651106329847918053e-01
3.194804140940944448e-01
-7.531408582559780962e-01
-2.808974070661059419e-01
2.400583773442994673e-01
-3.469282957082898688e-01
9.942452982031367847e-01
6.137585540878547352e-01
7.980387772588262152e-01
-9.823762152667181446e-01
7.719192122990479188e-01
-9.997517916473677158e-01
-4.000694540236878760e-01
-6.308745837504320386e-01
-9.466935219879916152e-01
2.514741881138353730e-01
-1.414301455614001002e-01
8.244014690333707485e-01
9.745903321357172189e-01
-1.405533230169047076e-01
-6.175531734232551084e-01
2.496781246426618139e-01
6.437866379012979756e-01
-8.202361166872174092e-03
9.872538385960726304e-01
1.502536749070249311e-01
4.504850136244407111e-01
-9.729268941412791971e-01
6.273456339233205448e-01
-4.051755294109393724e-02
1.000000000000000000e+00
-7.559271536983142026e-01
3.136720306046758555e-02
2.097962406200598595e-01
-7.824688145681721885e-01
-9.228820277943984296e-01
-9.999379272361610393e-01
-4.914791805627929944e-01
-2.884740670528260775e-01
6.367817702389113599e-01
-8.562646720481399409e-01
2.997147468753157407e-01
1.000000000000000000e+00
-7.855650105931730742e-01
7.932116989422884901e-01
3.654947945552906585e-01
8.937867698173025399e-01
5.076069160678541303e-01
8.151490548267289471e-01
-8.609316185571498359e-01
4.904064248355054501e-01
-1.000000000000000000e+00
-7.358273936076356048e-01
1.000000000000000000e+00
-5.962436296257569435e-01
-1.029339140649224715e-01
-1.000000000000000000e+00
-5.524053596703517588e-01
-1.731622876719987880e-01
1.271078080630611007e-02
-1.485247672406830866e-02
9.684865927634545013e-01
7.996149819525564251e-01
-5.954618391983571568e-01
6.717207675424911040e-01
5.605357726067801138e-01
-5.378907547008612289e-01
5.684489038525465388e-01
8.003093158350272907e-01
-5.564471332661770075e-01
2.780722634613816968e-01
1.000000000000000000e+00
1.000000000000000000e+00
5.029956095421709295e-01
-4.786221051412420935e-01
3.533599632821690095e-01
-9.984036953575939899e-01
-8.465455200262153035e-01
-7.365335756437824122e-01
2.387065629012541379e-02
4.643312331160800444e-01
9.306020033077195830e-01
-5.373986669421437767e-01
-2.786189966670333806e-01
8.109561701399821132e-01
-4.940991656534482468e-01
-2.387065629012541379e-02
-4.090403099860190350e-02
-7.262648637720037215e-01
-2.109685058277579461e-01
-4.639042117865733728e-01
-5.705265906643151030e-01
-8.723362965903931343e-01
-7.528115035103364328e-01
-5.554636117316462673e-01
4.568394477866937198e-01
-6.781560790514350456e-01
3.830911061249229199e-01
5.881843891550050385e-01
3.349616675144350686e-01
7.384163656484897809e-01
7.943329890070770505e-01
-4.206333442931975419e-03
-1.694424975438825198e-01
5.282101568346613263e-01
-1.000000000000000000e+00
-1.830495204034833234e-01
3.744272925735920299e-01
-6.479517496800397680e-01
-1.000000000000000000e+00
-2.791155362688082509e-01
6.538911229365131916e-01
3.233588233627009423e-01
8.620872725859467511e-01
-8.382405965747837806e-01
5.830956176252333201e-01
6.570003309106733358e-01
-5.844411591969447262e-01
-6.311443437923025535e-02
9.445608739984656665e-02
5.981078817924678770e-01
-7.309521706963494347e-01
-6.398404849972835207e-01
7.437765532557949477e-02
-7.365805547639033835e-01
1.000000000000000000e+00
-3.442167525567993991e-01
-1.128340400246063968e-01
-2.539715652645354593e-01
9.155133244447938301e-01
-1.000000000000000000e+00
-8.528698315042345657e-01
8.918283709210669263e-01
8.928628538940068804e-01
9.991536699608004612e-01
-4.601668456596386125e-01
2.503715644253985406e-01
1.000000000000000000e+00
9.390017280326161675e-01
-9.224692765351505397e-01
-1.319356758903964533e-01
6.094731766653416205e-01
7.882797769516355357e-01
9.489209215030336431e-01
-6.935281704606477936e-03
7.537327176712312893e-01
-6.002855622424798643e-01
-2.575510557884465590e-01
5.153869447855832231e-01
4.682685410535220583e-01
1.101304194572971795e-01
8.980173757134195522e-01
-9.517753787470136784e-01
8.371973345911336573e-01
-6.091475343935257580e-01
1.262414526853526953e-01
-8.204809982816029246e-01
-3.377526696923996985e-01
6.793541746583351415e-01
-5.774906936023338488e-03
-9.892245993640038648e-01
-6.980245401025992891e-01
5.625171146205980577e-01
3.459998673139642600e-01
3.449964236188731714e-01
-6.919583116250020982e-01
-9.985136920614055001e-01
1.237305460083419906e-01
6.517466829380864635e-01
4.207619077225333015e-02
3.968930166513190416e-01
7.947231390464470913e-01
1.000000000000000000e+00
6.115251083741467530e-01
-7.070286141511388234e-01
2.995690366359605727e-01
-6.687645044306649300e-01
-4.689701396450760562e-01
-8.927294599667294772e-01
-3.755180965884702404e-02
8.442183454795990638e-01
9.109292961416026735e-01
-6.095118514490593942e-01
3.922393112287042571e-01
-1.000000000000000000e+00
