1.000000000000000000e+00
-8.047508580971489689e-01
-1.000000000000000000e+00
1.569502110033382802e-01
2.235189279728165834e-01
8.263523967328518793e-01
1.000000000000000000e+00
-1.000000000000000000e+00
-1.000000000000000000e+00
7.938422270005364156e-01
-1.000000000000000000e+00
-3.781719578289405859e-01
8.214472580094245302e-02
7.632431900311068551e-01
-8.797643588213530652e-01
1.000000000000000000e+00
4.678562128359147754e-01
8.380665051851444725e-01
-5.890417258230153941e-01
8.897436598799370877e-01
-8.364418341554462344e-02
1.000000000000000000e+00
6.007421729067696781e-01
-1.000000000000000000e+00
1.000000000000000000e+00
-9.619453879802569718e-01
-8.237354149044144869e-01
6.564201195131116884e-02
-4.080618743772873036e-01
-4.158619434607512266e-01
1.000000000000000000e+00
-1.000000000000000000e+00
-9.803928405938896473e-01
-3.410324722790181173e-02
-4.624443749575937179e-01
-1.000000000000000000e+00
3.096190560798934843e-01
-1.000000000000000000e+00
8.135709191673834439e-02
1.260397309656327847e-01
-1.000000000000000000e+00
5.355625579959086835e-01
-1.000000000000000000e+00
-1.000000000000000000e+00
2.829811478437648242e-01
1.000000000000000000e+00
-9.948041778348645225e-01
1.000000000000000000e+00
-1.000000000000000000e+00
1.597294437156350222e-01
9.154768968983331145e-01
9.442170216481039491e-01
9.731491302203056915e-01
-4.776313084648567409e-01
7.874530788273294002e-01
-2.020199082534541168e-01
1.000000000000000000e+00
-1.000000000000000000e+00
-1.000000000000000000e+00
-5.595745710865707157e-01
-1.000000000000000000e+00
8.887612866489137398e-01
-1.356557987447323255e-01
-1.000000000000000000e+00
-3.647588949474262487e-01
-1.000000000000000000e+00
1.000000000000000000e+00
-7.782598335770385400e-02
-4.917381175339117783e-01
-9.234645062575845831e-01
-9.766480801221875119e-01
1.131225591173515288e-02
1.000000000000000000e+00
-1.000000000000000000e+00
1.000000000000000000e+00
1.000000000000000000e+00
-3.311984043859356186e-01
-1.000000000000000000e+00
-9.406065615164814764e-01
-8.558366345346659632e-01
1.000000000000000000e+00
-1.000000000000000000e+00
-4.704517134706538983e-01
-1.000000000000000000e+00
-1.000000000000000000e+00
6.417736505000589675e-01
9.452059705430124747e-01
-8.586455912255298584e-01
1.000000000000000000e+00
-1.000000000000000000e+00
1.000000000000000000e+00
4.293646401472416274e-01
5.698869603337519685e-01
-1.000000000000000000e+00
-5.845152086092200161e-01
-1.000000000000000000e+00
5.651960354330167746e-01
-4.092547625403490930e-01
7.718022607092867027e-01
1.000000000000000000e+00
-7.589498065451681930e-01
-1.501695268482668710e-01
7.767894098273175896e-01
-1.000000000000000000e+00
-5.140798878464242216e-01
6.176881850225008908e-01
1.000000000000000000e+00
1.000000000000000000e+00
1.000000000000000000e+00
-1.000000000000000000e+00
8.018561655690652490e-01
-4.768780557852609903e-01
-7.480372035751242654e-02
9.539538435444467890e-01
2.175275800051229003e-01
-8.301156512052821901e-01
-6.999932103994291888e-01
4.266738495307491608e-01
4.091176217239463342e-01
1.000000000000000000e+00
-6.621420163174744911e-01
3.855405217306318022e-01
5.243768193498891117e-01
-9.873402520340769373e-01
1.000000000000000000e+00
1.984871540817126911e-01
7.700029119127078658e-01
-1.000000000000000000e+00
1.000000000000000000e+00
-4.228230344124991325e-01
-1.000000000000000000e+00
-7.943776591450470992e-01
-1.848541749732975914e-01
1.000000000000000000e+00
-9.642811724541483498e-01
-6.745894372606783262e-01
-7.821201399308649327e-01
-1.000000000000000000e+00
8.795938322955603184e-01
-1.000000000000000000e+00
8.460370947276282250e-01
-1.000000000000000000e+00
1.000000000000000000e+00
1.000000000000000000e+00
8.900978950708344772e-01
-9.723260088019451963e-01
-1.000000000000000000e+00
1.000000000000000000e+00
-4.094017753426418826e-01
-5.486178492443283261e-01
-1.000000000000000000e+00
1.000000000000000000e+00
1.000000000000000000e+00
-8.436543948385439862e-01
-2.330966088307193651e-01
1.000000000000000000e+00
-9.057289203842608938e-01
-7.946229519369144567e-01
-8.340423182260654489e-01
-3.734295181029006483e-01
1.000000000000000000e+00
-1.000000000000000000e+00
-1.769214704479139533e-01
-3.839195983825836600e-01
6.824519282315969493e-01
-7.865898687947008028e-02
-5.834398502035322842e-01
-1.000000000000000000e+00
-1.000000000000000000e+00
1.000000000000000000e+00
-1.000000000000000000e+00
-1.000000000000000000e+00
-6.088405546605943908e-01
-6.586117815730339053e-01
-1.000000000000000000e+00
6.930206001912093683e-01
-4.003425222102539038e-01
2.517823826661019226e-01
1.000000000000000000e+00
9.018430933632965996e-01
1.000000000000000000e+00
8.612448525954383705e-01
1.000000000000000000e+00
1.000000000000000000e+00
1.782393606351959647e-01
-3.168088650125092665e-01
-3.403039526459595843e-01
9.578730071070128416e-01
1.000000000000000000e+00
-1.000000000000000000e+00
-1.000000000000000000e+00
-8.958790556853266640e-01
2.335546470520325490e-01
2.877648366708319694e-01
-1.367337177040054419e-01
3.652089176993219555e-01
5.936836855568419780e-02
-3.396756781242986634e-01
9.055419844855181477e-01
1.000000000000000000e+00
-7.204022246218473313e-01
-1.000000000000000000e+00
-7.978970538371055188e-01
7.079683969851660041e-01
-1.000000000000000000e+00
6.791017671239683029e-01
-9.941860588898907558e-01
3.923761222992392383e-01
-4.339955219781604923e-01
-6.994434865439292937e-01
-6.827018003921144773e-01
-9.314585536111723574e-01
8.058537754889496529e-01
6.782587561867987613e-01
1.000000000000000000e+00
-6.330033327297773793e-02
-1.071066638175314223e-01
1.000000000000000000e+00
9.375335409750015225e-01
-1.000000000000000000e+00
-1.000000000000000000e+00
3.082262448580423975e-01
1.000000000000000000e+00
-6.853283996101207087e-01
-3.999881923543991968e-01
3.118806452208688906e-02
-1.000000000000000000e+00
8.164346410528278142e-02
7.654437875819847248e-01
1.000000000000000000e+00
-1.000000000000000000e+00
1.000000000000000000e+00
-9.368264972332883689e-01
-4.850567865499195164e-01
8.822743527326825097e-01
2.181832132860782592e-01
-1.000000000000000000e+00
-9.421608427867311786e-01
1.000000000000000000e+00
-8.870948921415584554e-01
-7.490288013318349147e-01
8.121446857365155481e-03
7.263264958844299901e-01
4.939644832469184399e-01
4.327231022575509511e-01
-9.376559824317626246e-01
2.196085793076730242e-01
-4.011249351525320028e-01
-1.000000000000000000e+00
-3.158602856515387858e-01
1.000000000000000000e+00
-4.728660843755693177e-01
7.767543934929230787e-01
1.000000000000000000e+00
-1.000000000000000000e+00
-4.795002419658796478e-01
-1.000000000000000000e+00
-1.000000000000000000e+00
2.138450237600068027e-01
-1.000000000000000000e+00
-6.956888701032015732e-01
9.432467578120052876e-01
6.732924440791954179e-01
-1.000000000000000000e+00
1.000000000000000000e+00
