-5.323763371308057879e-01
2.806625807299154562e-01
-9.206725220341331895e-01
-1.377168700770620979e-01
-7.328248686564178827e-02
-1.716193356748602628e-01
-7.099478003837340623e-01
2.400029450941317810e-01
8.679153057382007486e-01
5.337133028116507472e-01
3.607255620252957096e-01
-7.990183227054367121e-01
-3.397283097799536078e-01
-1.251886991139072869e-01
4.845512909493617237e-01
-2.192750800545240075e-01
-3.777460213448149418e-01
-1.385965885513913420e-01
-7.016812564522698636e-01
7.134809828454125036e-01
-8.115740492582969035e-01
8.695094195320890451e-01
-4.806374609762582156e-02
-5.631802030830401762e-01
-3.720251356105596097e-01
2.805945296591652038e-01
9.060953333813819288e-01
-2.258713309871298314e-01
-2.678147406402088537e-02
-5.706817683174131295e-01
-2.370348662776308180e-01
-2.865999602725886053e-01
-4.180934769755032532e-01
-2.982629183927341943e-02
-2.771533177284064564e-01
3.247036422239013564e-01
-8.986100113728947569e-01
-2.032389830421246768e-01
-3.903655254556586685e-01
-4.433083101433752948e-01
-1.597682362977219661e-01
-9.092607391874125700e-01
-4.121432682633186517e-01
-6.679697386028933537e-02
1.975719603640599398e-02
5.792270186590705583e-01
7.601777494147761438e-02
4.500297495564263284e-01
-2.138767053455840894e-02
-9.795731299091753330e-02
-4.490279058932930001e-01
-4.684513856638952145e-01
9.583950338432478677e-02
1.116017707875912035e-01
2.515216434566077686e-01
5.452351598029159252e-01
6.160517818502229126e-01
7.265955621983410939e-02
-2.537481429167651181e-01
-3.206086478833473641e-01
-8.218797203298174869e-01
-6.790552113313458316e-02
-6.954440769959808755e-01
-1.924223837809561910e-01
-2.484046894696393393e-01
-5.901657452838300344e-01
-2.420091836762737758e-01
2.710750048182665739e-01
9.639207505317666236e-01
-7.511687086247897938e-01
-3.821900446714254218e-01
3.794155326946956897e-01
1.239702100740263865e-02
9.554258421722989780e-01
1.328654752485079193e-01
2.593843883569104114e-01
-7.589826994821105011e-01
-7.234402383730157426e-01
-6.976607032822262910e-01
3.589887452193076811e-01
1.000000000000000000e+00
6.454469063071134327e-01
-9.608165009912510435e-01
7.858242711861911367e-01
-5.881170305320000402e-01
-6.236504488722813822e-01
-1.324378621818092516e-02
-6.006782775210527392e-01
-3.531323685451766003e-01
-2.656023775310462076e-01
-5.121973004869815327e-01
-2.404563140870679128e-01
-7.216105270565763563e-01
2.080331858925464905e-01
-3.963783276105885545e-01
-1.184544291500498892e-01
-6.406026844839499690e-01
-4.402797742208541809e-02
3.349984247682327165e-01
-9.534638761758047476e-01
8.360370948771740363e-01
7.364571057327802261e-01
3.944031519914270589e-01
-6.436573980798399042e-01
-4.829713233085032309e-01
5.578178854864540570e-02
-1.000000000000000000e+00
1.000000000000000000e+00
-5.470296757567953971e-01
-3.197400555665135813e-01
-8.575853368360740747e-01
5.799713359117674161e-01
6.594011828790817820e-01
5.841821306720578200e-01
-4.170089140372091330e-01
7.689341274982407215e-02
-9.083738574809402389e-01
6.220139010105713018e-01
7.249423311047675789e-01
-7.098969589617741827e-01
-4.831724021804790770e-01
-2.302995846453555762e-01
6.528523030814115113e-01
-1.000000000000000000e+00
-6.881617126326748934e-01
-2.939709033355340506e-01
2.681252016826622397e-01
3.020169519417260640e-01
4.931740369665361112e-01
1.579102480514950058e-01
6.639698855792204313e-01
9.126581478812867410e-01
8.205078482599938994e-01
-4.439993084324013739e-01
-2.176239762174017600e-01
-5.085826623426887849e-01
-4.448156995810941261e-01
-1.653926685991612966e-01
4.493330025911065340e-01
-8.818448518729969932e-01
-7.674106935791082940e-01
-4.530495540336244159e-02
2.283676580891914054e-01
7.390450798151404488e-01
-3.765933044618775538e-01
-2.207501184940273975e-01
7.598542872931741687e-01
2.214961885563092592e-01
-9.595369590706752660e-01
-2.588169131651573696e-01
-4.363029643937447188e-01
1.812129520632392576e-01
5.362697644813392284e-01
-4.350217447836015605e-01
-8.375925234579983947e-01
-7.496860612732477724e-01
6.921951330787495804e-01
-1.000000000000000000e+00
-5.138246337384636542e-01
3.247426490710914604e-01
5.007906129924668548e-01
3.545331519831780298e-01
7.385092852992192203e-01
6.749870150110109934e-02
-2.197297311724263347e-01
7.644229231921031431e-01
6.023075811975530103e-01
-1.000000000000000000e+00
3.609786411203971812e-01
-7.226012715257821295e-01
1.101512930087324427e-01
-6.104149236379062815e-01
2.927062877103493999e-01
-3.160809853444838113e-01
3.602938227754906020e-01
-1.080683564622166720e-01
-4.552906619614305317e-01
4.478238277009928825e-01
1.000000000000000000e+00
1.854265639483190786e-01
-1.000000000000000000e+00
-1.169524257538504808e-01
-6.133461855086322911e-01
-9.362197262244434937e-01
9.487309334474969269e-01
7.495486469588393819e-01
4.783460492465251290e-01
8.771639026230643177e-01
3.942591508752142371e-01
6.334312092952615325e-01
-4.970367265491545949e-01
-1.000000000000000000e+00
3.478260875773254712e-01
2.767151613766913876e-01
-7.415902171128709863e-01
-8.458113290663056283e-01
-1.879461993902916406e-01
-1.000000000000000000e+00
-7.922212396708311344e-01
1.095166679058133252e-01
-2.709854183125386395e-01
-1.123306097717097218e-01
-1.000000000000000000e+00
-5.696989671634840047e-01
3.030744861811261459e-01
-3.746486076604836901e-01
-8.305996581742103313e-01
-4.333532233341950701e-01
-1.717001611813931405e-02
-1.209362813018075022e-01
-4.176773700776054699e-01
-1.552584202890771592e-01
5.086065594520827737e-01
-2.956909757292196517e-01
2.561217179929433096e-01
-4.473910820610336181e-01
-1.000000000000000000e+00
-4.465649675679415204e-02
-2.576521165661623813e-01
2.080788636379609369e-01
-9.565152460857607730e-01
-1.000000000000000000e+00
8.938494823930736022e-01
6.863747011303183987e-01
1.629616571845833306e-01
2.309408430084295971e-01
-2.547374730146224064e-01
7.121272667669030776e-01
6.865674835344590665e-01
1.344910825080151140e-01
-9.090920293147619624e-01
-4.358481526751509794e-01
2.042379769957104463e-01
-6.018833372478912258e-01
-4.596950918155231491e-01
6.487018852395924906e-01
9.082479190842952799e-02
-6.980559611219978589e-01
-3.937865984155522470e-01
-1.481899531016560023e-01
-8.694056546915523986e-01
5.972717594263085017e-01
6.901273543397778987e-01
-8.874663206348931688e-02
-5.419414847765525733e-01
1.024558195198919108e-01
-6.260081156331704921e-01
6.861805525152849805e-01
7.896965059494717165e-01
-7.554335204150703920e-01
3.371288766480531329e-01
-4.674594991348071660e-01
1.478809419468865571e-01
8.813795931957135732e-01
-5.574231491211559808e-01
-1.000000000000000000e+00
-8.203415833496439102e-01
-2.559288998082108746e-01
-8.694334442721707301e-02
1.733802173192957319e-01
-1.922918579098499559e-01
6.652067914215555877e-01
6.374199764142425284e-01
1.920754662070826568e-01
-3.862697758903967937e-01
