-5.400567204666041343e-01
-7.451701754775441611e-02
-1.000000000000000000e+00
2.655197844896097226e-01
-8.386944508656839492e-01
4.235485176437284727e-01
-1.654066847862398493e-01
-9.954820920128145678e-01
-6.584019116464067123e-01
-3.110196719599527260e-01
5.674743312569964226e-01
3.396863849926673451e-01
-9.290672567338440491e-01
-2.863667252305683864e-01
-2.588343513162957299e-01
-4.267594676361766703e-01
3.724127014050720996e-01
7.095243985697614608e-01
2.449841637487147894e-01
1.000000000000000000e+00
-7.465794202714183259e-01
1.957958893306432913e-01
-1.806621496922377612e-01
8.873820436528643274e-01
4.039531352106842110e-01
-7.036021660069158301e-01
1.891398929608855972e-01
6.037652556239395674e-01
-1.574128032594774851e-01
1.000000000000000000e+00
-3.556122686002708977e-01
-3.700401241868082614e-01
-4.071355729804947976e-01
-9.875551810492124716e-01
6.771732808964626704e-01
7.863568724126404064e-01
-7.134432732880118255e-01
-1.903933724911874847e-01
-7.290520907899822323e-02
5.696029174582148968e-01
-5.024248228753875889e-01
-4.947891199222733682e-01
1.222225893599260538e-01
1.000000000000000000e+00
-7.692838781600758180e-01
-5.032743905169299037e-01
-2.504099867447351357e-01
-5.262864892642966641e-01
-3.903632054409250651e-02
1.000000000000000000e+00
2.637191591784865952e-01
9.052608004156468269e-01
-7.793078135435738130e-01
4.833186139837944428e-01
8.741217034364027194e-01
-9.081239093035763377e-01
1.492995019193092965e-01
1.538270199731246457e-01
-7.715542952700963353e-01
1.617504071170568491e-01
4.619296460393200743e-01
9.432056188312100131e-01
7.948894038006219798e-02
-1.000000000000000000e+00
3.725907924725296305e-01
-9.068148596194105515e-01
2.143660942550314474e-01
-3.274861004832859690e-01
-8.249038927977639379e-02
-9.810471141348111601e-01
5.991183642950002053e-01
1.984772441406429666e-01
2.628272963761524306e-01
-9.134948193236538949e-02
8.586629938052687816e-01
-7.234951645743711302e-01
2.732443499819303678e-01
-8.884828773835121707e-01
-6.666122766487896367e-01
3.126998283080612007e-02
-9.889723730245483235e-01
-9.795111400723999218e-01
-6.716395858897884485e-01
-3.889077112688266724e-01
-8.503825295482549951e-01
1.815661617225722280e-01
7.046750832167523182e-01
-6.158150141862629434e-01
1.000000000000000000e+00
8.466828605387568540e-01
8.345794813291962377e-01
-6.263370649938311274e-01
-7.009972981424241745e-01
-1.948721908711294193e-02
-9.061382329624481091e-01
-1.521192053967008184e-01
-1.000000000000000000e+00
4.220164388634228825e-02
-8.800978032120334582e-01
-7.022554082568935874e-01
3.422469001216014162e-01
6.379962600298610953e-01
-2.316242960217863578e-01
-5.769830437806166001e-01
-3.641452806055855418e-01
4.173223105934997790e-02
-1.545160972390346998e-01
7.398629890068173509e-01
7.183427863941604929e-01
2.999877557519955995e-01
7.009418937250410098e-01
-7.042635712350457933e-01
1.000000000000000000e+00
-8.962329912706179513e-03
5.594304502237587018e-01
2.916792513043906521e-01
5.832145403162405373e-01
3.218055541806158493e-01
5.820786310924195295e-01
9.576171744885816350e-01
3.884016080692750950e-01
6.994605532341402476e-01
4.777841824392691228e-01
-7.291868134037207128e-01
4.049454954358855385e-01
-1.437186511679835466e-01
6.920057329266384727e-01
9.989609370648108166e-01
-2.662194423285857425e-03
5.006147612036599970e-01
-1.497488555660908549e-01
-6.372696598528522216e-01
-3.956276061419010392e-02
-2.433910436608631711e-01
-1.239750412658643663e-01
2.450063602938285512e-01
-5.896903376569462285e-02
1.000000000000000000e+00
-1.000000000000000000e+00
5.467019147948550817e-01
-6.863828345455091906e-01
4.838261054595318633e-01
-3.377566199543073355e-01
5.091346508968033202e-01
5.220331651217970936e-01
-3.613275850631579855e-01
-1.000000000000000000e+00
1.717293719794865670e-02
3.627605396675160354e-01
-2.007994928307548776e-01
-6.120950939973798244e-01
3.796073173550935098e-01
1.824087999588955289e-01
5.363613517033516409e-01
-9.835759826509955506e-01
-1.319422603752497536e-01
2.218289694166743209e-03
-1.970457828911704179e-01
-9.226923898123691181e-01
2.198366199935790910e-01
7.696070281733728979e-01
-8.640477081186714869e-01
-2.443669209385350982e-01
5.154955255365815114e-01
8.075832594442511336e-01
-5.481622114687128011e-01
-3.147345343715728938e-01
-1.869476884733848598e-01
-1.426300179937773360e-01
-3.322691873791047690e-02
-9.175478003560471052e-01
-1.000000000000000000e+00
1.619981863807872791e-01
-1.000000000000000000e+00
5.106393720059747565e-01
6.782595151601539252e-01
7.837462711379012958e-01
-3.013236674463880618e-02
-3.814010460654612689e-01
1.000000000000000000e+00
-7.519114048322987909e-01
2.836663141852567849e-01
-6.649695873359660059e-01
-5.713310854215792878e-01
3.143025455491646469e-02
4.972548211063702872e-02
5.170219802013151789e-01
-6.513669587938747396e-01
5.381863372310805582e-01
8.583242246842431866e-02
-1.000000000000000000e+00
-1.946886603771152968e-01
-4.488143039048302363e-01
1.326263273867588355e-01
-4.543194782966307188e-01
3.074365284768164619e-01
5.201707623817843906e-01
1.714110747416941471e-02
-6.896667083812868526e-02
-9.033847414180202762e-01
8.225544701715108431e-01
4.114000056856025878e-01
1.000000000000000000e+00
7.516487353233719526e-01
-5.362582940720115321e-01
2.805895641981888677e-01
8.664552393913088624e-01
1.808117821630358391e-01
-3.415741538996286408e-01
4.192655796289979087e-01
7.879776883288752698e-01
4.783177180563882303e-01
-9.246406928068728881e-01
-4.615358158079010953e-02
-9.240612033730108976e-01
6.585201788827071967e-01
5.414369105764974544e-01
-5.650072084880240764e-03
-9.680485167750864095e-01
-3.778914471852673485e-01
2.653693895904411515e-01
4.150723431197876900e-01
4.341666899659118450e-01
-8.867157790086227509e-01
2.813164313756225665e-01
-7.541117603399948299e-01
1.205840143994477004e-01
1.578570042726623046e-01
-8.530636496443074757e-01
-6.781770109047005057e-01
1.519918936376642715e-01
-5.192783946659085270e-01
-4.021316992989869554e-01
1.000000000000000000e+00
-1.000000000000000000e+00
-7.424922940109299763e-01
4.287953220848895186e-01
-5.853852326343654822e-01
3.514984404241678906e-01
5.826700505134355668e-01
6.166582708248082856e-01
4.560893638710699638e-01
-5.783321010407992402e-01
-3.501565114641907450e-01
1.000000000000000000e+00
-2.304173646366097783e-01
-5.963548740539555970e-01
-2.804847929046598853e-01
7.778319207221188192e-01
4.944353732053407557e-01
-3.461521732339853386e-01
-1.974401826442194197e-01
-4.260421517738253727e-01
6.248051021367231339e-01
-3.980215074795559471e-01
-4.540117197886961997e-01
-8.644813039278857747e-02
9.496252251758742213e-01
-1.000000000000000000e+00
7.915344883029293288e-03
-6.193740655004279505e-01
8.744836513523871480e-01
-1.467543079517443783e-01
4.295057328154066045e-01
-3.224848259618269819e-01
