9.448140225535511805e-01
3.769890382493110148e-01
-1.000000000000000000e+00
9.700889264774790188e-01
8.469551829501986706e-02
-1.000000000000000000e+00
8.731086965316664505e-01
9.809247920057694303e-01
-5.355516153764539045e-01
5.379849958248676955e-01
-8.045727129078230622e-01
-3.890167292312273761e-01
-7.962166472518837912e-01
-5.820518382269903590e-01
-9.537996067703111702e-01
4.008178512614311018e-01
9.502700066492273390e-01
-8.837748649715218563e-02
7.058656801928735458e-01
-9.840440699633810073e-01
2.972395817371480398e-01
6.841269578929449757e-01
1.000000000000000000e+00
-7.216381737224154547e-01
-9.779991270372010437e-01
2.277272792000457624e-01
5.197840071509989279e-01
9.463563313859674198e-01
-9.942322070768250253e-01
-8.314463105408501642e-01
-9.950550377900631016e-01
1.000000000000000000e+00
-1.000000000000000000e+00
1.508470237532983371e-01
-2.981507649188721021e-01
7.035405389770080786e-01
-8.702557238413184404e-01
-1.000000000000000000e+00
1.064110671733443057e-02
4.958322167423788174e-01
-9.742681729047993899e-01
1.000000000000000000e+00
8.237386172190460654e-01
-3.031141992410140151e-01
9.674973688936691074e-01
1.000000000000000000e+00
-9.871611057357808638e-01
7.139443092298098925e-01
-3.989121553379383345e-01
-4.694686181661255064e-01
-2.457575782088827418e-02
1.000000000000000000e+00
7.847196974215562282e-01
-1.944947696896720812e-01
-7.060448017295232193e-01
-7.140287400060791878e-01
-2.598798744403787442e-01
8.456949230509542836e-01
5.956529819149161131e-01
-6.068765770470172516e-01
-5.741718305002189160e-01
-9.809221147189783885e-01
9.721604343097293155e-01
3.739024968950016570e-01
-4.110153518597322031e-01
-9.973841354419222816e-01
9.720835275024953814e-01
7.494618720002027557e-01
-9.677962815537132224e-01
-7.736936677128166684e-01
-7.409222262476120591e-01
-8.265959962361708602e-01
3.585957056678821808e-01
-7.441281904756369414e-01
9.788006997479941074e-01
-9.941638944155709590e-01
5.802441721780131623e-01
-9.739044951252546767e-01
5.987197178985589341e-01
9.930915175546815021e-01
-5.582851610275320065e-01
8.842684342127161701e-01
-1.000000000000000000e+00
9.770244856162387803e-01
9.665983851032295959e-01
-6.641383544666363825e-01
-9.848687633059779456e-01
7.960653826260793986e-01
-7.874260705004424432e-01
9.892270781825707182e-01
8.829915602945297426e-01
-1.000000000000000000e+00
-6.121475334919328493e-01
6.414972673095096223e-01
-1.474578937034054238e-01
8.947892682883147319e-01
-9.435678663209547956e-01
9.909103650784366613e-01
9.335986972690928365e-01
-8.497182518343190383e-01
-3.333443740424518742e-02
6.225602792341056180e-01
8.076599872011305248e-01
5.036370573367239256e-01
-2.705620224789045403e-01
4.954084455296103862e-02
4.513135388215941957e-01
-9.410873960523790105e-01
-4.173683024573937583e-01
-9.513932351943109600e-01
-9.768549557949707252e-01
9.846689873725875675e-01
-1.421151058283246817e-02
-4.992267851992807093e-02
1.000000000000000000e+00
-9.298981625051059297e-01
-8.065666042575875272e-01
-8.599885563254590082e-01
5.379849958248676955e-01
-9.651684442171803990e-01
-9.272010466165450104e-01
1.000000000000000000e+00
9.826198836139645731e-01
6.768766212368263480e-01
5.376279374181363035e-01
-6.109666165290628115e-01
5.933188910493557566e-01
-8.392941703775114171e-01
9.797362484214950928e-01
9.828692661203881631e-01
-1.722474153033617950e-01
1.999778179753467500e-01
-6.160862833297048313e-02
9.026265753850895024e-01
-9.361676401946331660e-01
1.000000000000000000e+00
-5.503754467586969845e-01
-1.000000000000000000e+00
-3.138295192105333697e-01
1.000000000000000000e+00
-9.014414478565558886e-01
9.838848247089800880e-01
7.013553297179648816e-01
-6.795285760540362152e-02
9.691764481337619141e-01
2.958320126987957210e-01
-7.010077409731371167e-01
-3.088717174671362642e-01
-1.000000000000000000e+00
-1.000000000000000000e+00
3.499467711545484749e-01
-2.957410668314310875e-01
-9.829089084973913204e-01
-1.000000000000000000e+00
8.907654516987788540e-01
1.000000000000000000e+00
-1.534608887629532181e-01
2.111657633662744060e-01
6.987933976662317193e-01
-4.754101042036848468e-01
6.625529559204506036e-01
1.000000000000000000e+00
-8.392733070574378562e-01
2.939413546735949456e-01
9.784067844524720892e-01
-8.809522464636303507e-01
2.185160518222103443e-01
9.587728279617202531e-01
-3.892155523215075075e-01
-9.181869176876518157e-01
-7.098430034781427755e-01
9.634922983800902063e-01
-9.674973688936691074e-01
1.000000000000000000e+00
4.934194921195901862e-01
-1.000000000000000000e+00
5.546090888920466311e-01
-3.221676656644651970e-01
-8.811600156419132635e-01
-9.703461565360060881e-01
-9.302585334135288209e-01
9.898977387001114403e-01
-9.846281027732809443e-01
3.119789177266377722e-01
1.000000000000000000e+00
9.614224023820677756e-01
8.274041071727930019e-01
-9.589988355150022015e-01
3.310124684021116259e-01
9.485540433193471177e-01
6.082162492740861293e-01
4.222365814273432161e-03
9.336807105816045116e-01
-9.961525828737460841e-01
7.110194710988573252e-01
-6.006769840951324824e-01
9.025992293607594252e-01
-8.861004254876285735e-01
3.029401196454427625e-01
-9.757744920988389303e-01
-4.714990919059355301e-01
-6.812606125019240455e-01
-6.618342848686341595e-01
-7.406609040984835080e-01
-6.950235818103411845e-01
4.696074324692182111e-01
9.562590105965662612e-02
-4.573695177225450825e-01
3.514396293097565849e-01
-5.244194980236390746e-01
-9.339197421418141687e-01
-4.347639680498932568e-01
6.468842218912776443e-02
-7.709756822426332423e-01
-1.000000000000000000e+00
8.864467967515911040e-01
-1.000000000000000000e+00
9.821298799755370235e-01
6.668371934487345998e-01
-2.099006498444145608e-01
8.876533385104118379e-01
8.885325577175525735e-01
8.297708795156246708e-01
9.174392616874621487e-01
1.000000000000000000e+00
2.703162314856290549e-01
-1.000000000000000000e+00
-6.914997034993404235e-01
9.762222108551334987e-01
-7.074572863586650051e-01
-9.434337088185805742e-01
-8.835218404018294613e-01
-9.729555761649222312e-01
-8.977001345955070155e-01
9.002452554127718942e-01
2.969949424945635408e-01
-9.993568516804541835e-01
7.101603767956163882e-01
8.216187999177274603e-01
9.597319656129859045e-01
-8.921081195325212265e-01
9.922146110300217314e-01
8.970235324066533344e-02
9.467160397342805345e-01
-1.000000000000000000e+00
-1.000000000000000000e+00
8.037795527126257999e-01
9.846281027732809443e-01
9.846281027732809443e-01
-9.899121650429490993e-01
-3.373928074263563004e-01
-9.815192093265637796e-01
-9.485555398615370670e-01
-9.423066031541742493e-01
-9.403552329094789775e-01
8.493125457071174500e-01
9.512483436256480296e-01
9.040800829577365638e-01
9.664569997456384787e-01
9.165390587112294263e-01
-9.799598288105781929e-01
-8.008657402611253362e-01
-6.386500786316556821e-01
-8.514757803406353132e-01
-9.627277958218771747e-01
