-6.532336610879745376e-01
1.570687837624334948e-01
-2.615815364676518651e-01
8.414549450364274819e-01
7.626099840938170837e-01
-8.250455580666216093e-02
-1.000000000000000000e+00
-5.180727031648166836e-01
6.023258594326953430e-01
-6.614798498585313657e-01
1.000000000000000000e+00
-9.639907806359632181e-01
-3.694087286557961591e-01
-2.931624287052386202e-01
2.265419639465264812e-01
-3.038055415533445491e-01
-4.867775629120191239e-01
3.908442119912756141e-01
6.691873805079038284e-01
4.447686207595836771e-01
-5.377824246904310268e-01
1.281638672904185372e-01
-2.240420087606196375e-01
-2.897677004699301673e-01
4.721690289593456491e-01
-8.815297171703218027e-01
-1.000000000000000000e+00
4.671378143788763593e-01
-8.694705737163896941e-01
-3.834262644641160400e-01
2.846925597314219347e-01
-8.017441786638089818e-01
-6.346443911129152626e-01
5.790802574977185202e-01
-2.178098783636264746e-01
9.864245063160639315e-01
-1.313478338693325753e-01
1.000000000000000000e+00
2.240420087606196375e-01
5.014278342921787424e-01
1.294088115155457297e-01
-1.614571950374272813e-01
-1.223065055697863945e-01
-9.538412519908946452e-01
-6.233197733211054414e-01
-8.219078464067681722e-01
-7.880796899920197163e-01
-1.891161761877731551e-01
2.578859366087291605e-01
5.944235490154210488e-01
8.519809548457625281e-01
9.286805065506481549e-01
1.752586137546129352e-01
-5.381696808507622221e-01
1.000000000000000000e+00
4.904591964739057897e-01
2.240420087606196375e-01
-1.000000000000000000e+00
5.136643066785671063e-01
-9.500449185003759789e-01
4.644264122067276457e-01
-8.532233960927009253e-01
-1.000000000000000000e+00
4.074531682441155933e-01
2.908196408514355236e-01
1.000000000000000000e+00
1.000000000000000000e+00
-4.200595299970807384e-01
-5.561577641078485623e-01
4.558071791070750223e-02
-7.957933944257535863e-01
-3.179557482228322907e-01
-6.937399588714414644e-01
7.720835157470360421e-01
1.000000000000000000e+00
2.781091940514126559e-01
2.698411903180899518e-01
-5.747584254181190566e-01
1.530560617372550558e-01
-2.385878149972613937e-01
6.094628153138412774e-01
1.906689355040077638e-01
6.300118471655914432e-01
-6.906716880580262563e-01
-1.000000000000000000e+00
1.000000000000000000e+00
-2.240420087606196375e-01
-5.243417214473420351e-01
8.139615228606671138e-02
1.987139768031792597e-01
4.181085383762611629e-02
1.000000000000000000e+00
-4.421023714955681916e-01
1.000000000000000000e+00
4.548754509645592803e-01
2.613905922591860942e-01
-9.370049986567909883e-01
-7.308954634085603752e-01
-9.331388453579082531e-01
8.043410464778413260e-01
-2.240420087606196375e-01
-2.240420087606196375e-01
-4.863628670589651426e-01
3.976290548755589960e-03
8.142516701657176448e-01
-5.672967816903478067e-01
6.003122357919723484e-01
1.193715817900111165e-01
2.240420087606196375e-01
4.055908453370958844e-01
5.274930920405840329e-01
7.553531964972661772e-01
-4.570001328854141898e-01
1.000000000000000000e+00
1.000000000000000000e+00
7.867279632136797707e-01
-9.827528515680379329e-01
-5.029069593857488085e-01
6.622702495109537013e-01
1.000000000000000000e+00
5.394354613406966426e-01
-1.309872795522875055e-01
2.012732628214426445e-01
2.240420087606196375e-01
-2.454865453963387401e-01
5.948169512644325696e-01
1.000000000000000000e+00
-1.000000000000000000e+00
2.240420087606196375e-01
-3.030291408046005275e-01
-3.134661616748947166e-01
-1.000000000000000000e+00
8.631484439372616446e-01
-3.991891099957392552e-01
-1.000000000000000000e+00
1.000000000000000000e+00
-2.751223522941559363e-01
-2.240420087606196375e-01
1.738871058947674686e-01
5.169850178886913339e-01
-2.831377268481688469e-02
-9.108997558042838394e-01
1.875902434195272361e-01
-2.240420087606196375e-01
-1.000000000000000000e+00
3.740138702998932474e-01
9.129060234949537556e-02
-2.240420087606196375e-01
2.050109977918773696e-01
4.969574235197505296e-01
-8.179715640099284313e-01
-1.588846796184006926e-02
-1.000000000000000000e+00
6.892733365655274724e-01
-5.303365122734620130e-01
2.197106337276342469e-01
1.988598173319603424e-01
4.439193504041463734e-02
4.884409014927237891e-02
-2.798555451968326446e-01
5.287506177328006318e-01
-7.790131613812733002e-01
7.407480757268626315e-01
-1.314619920045884127e-02
1.222686222686840268e-01
-1.891411892414307516e-02
1.000000000000000000e+00
-2.240420087606196375e-01
-2.240420087606196375e-01
-8.570919847661206958e-02
2.240420087606196375e-01
-1.000000000000000000e+00
1.000000000000000000e+00
1.000000000000000000e+00
-2.849323793313432995e-01
4.540202973237566358e-02
-5.077369194769101313e-01
4.367550703016130353e-01
4.744803667541340753e-01
4.089769583071460879e-01
4.159402040571302250e-01
3.976652632479551475e-01
1.000000000000000000e+00
-7.631131555625649820e-01
-6.913106416206954430e-01
4.893920119175804717e-01
-9.750440028624924871e-01
7.262297053635013988e-02
2.240420087606196375e-01
-2.996916795748554296e-01
-4.352738516182808048e-02
-9.263089227781308166e-01
1.188407370525965678e-01
-1.820852603886730647e-01
-6.029586836525749893e-01
4.588741369498370304e-01
-2.240420087606196375e-01
5.227946191482967242e-01
-3.840748873954850096e-01
-9.828661394309539112e-01
3.850877092403516277e-01
7.970409221640080144e-01
2.305101400815247059e-01
1.000000000000000000e+00
-5.964941774893295356e-02
-1.000000000000000000e+00
1.464510783308627384e-01
-7.455729757367096644e-01
-1.537946291511334551e-01
-9.792857194974317059e-01
-4.913683571711280340e-01
-4.410737032778502265e-01
4.315177346423888505e-01
6.897636675179619203e-01
9.628371362800437483e-01
2.240420087606196375e-01
2.240420087606196375e-01
-1.568284832271764628e-01
9.700171900602029551e-02
-7.504216935511413000e-01
-9.882449105965640523e-01
-9.881169218136948151e-01
-4.110000241409272892e-02
9.752756657399279661e-01
2.240420087606196375e-01
-1.000000000000000000e+00
6.781084914150976584e-01
1.000000000000000000e+00
-1.384701574124223011e-01
-5.880129326567227199e-01
-1.000000000000000000e+00
2.224927506315883541e-01
1.934912766052426236e-01
3.430290155681892661e-01
-9.363132978216872626e-01
-6.768173512324192620e-01
-7.660935186987765100e-01
-9.076550820767056993e-02
4.928368452509876430e-01
1.000000000000000000e+00
-2.185519770252317695e-01
-4.254904815057758416e-01
2.240420087606196375e-01
8.357779120072845735e-01
-5.228505513386908499e-01
-2.240420087606196375e-01
-7.499781533030976943e-01
4.924138104055029719e-01
6.523625692284729105e-02
1.000000000000000000e+00
-5.343272695902927527e-01
-1.298528057457821183e-01
9.022503254164012665e-01
-1.000000000000000000e+00
8.169115408721244753e-01
7.957995746878534504e-01
1.000000000000000000e+00
6.402410508737278461e-01
-2.240420087606196375e-01
7.460975271637850792e-01
-1.000000000000000000e+00
-2.240420087606196375e-01
3.476049186476425357e-01
-9.307841934781303506e-01
1.000000000000000000e+00
