1.907758005155853198e-01
-1.261777989459197252e-02
4.356803429861555443e-01
1.000000000000000000e+00
1.000000000000000000e+00
-4.179492309702903530e-01
1.000000000000000000e+00
5.267034496849128111e-03
-1.000000000000000000e+00
5.315603533939052827e-01
8.067614463650114587e-01
-9.984453341576130514e-01
-1.000000000000000000e+00
9.960199690318375376e-01
-1.000000000000000000e+00
-5.488973894252611174e-01
-4.776626468807364245e-02
-6.431675526648321650e-01
5.886058040047664752e-01
-5.705123129884484001e-01
6.456369758682616311e-01
1.000000000000000000e+00
-7.535439547348126155e-01
-1.000000000000000000e+00
-7.335768941058249393e-01
-2.903658884598956380e-01
-7.732856047370836317e-01
-1.740630924809636326e-01
-9.029498169470996372e-01
1.000000000000000000e+00
-1.344156493541476816e-01
8.096565892680148702e-01
8.528357179997901882e-01
4.526777315680818314e-01
-1.000000000000000000e+00
6.694349753854160756e-01
8.611359165855262399e-01
-1.000000000000000000e+00
-3.846258738127429633e-02
6.026898893168093352e-01
-1.000000000000000000e+00
-3.436452414843407244e-01
-1.000000000000000000e+00
4.428582167125257318e-01
-1.000000000000000000e+00
9.870402181090228710e-01
1.000000000000000000e+00
-1.000000000000000000e+00
9.473677430526925569e-01
3.489496210204882654e-01
-1.000000000000000000e+00
-2.036078160387631009e-01
-8.038169492783397985e-01
1.000000000000000000e+00
1.000000000000000000e+00
-1.000000000000000000e+00
1.438506454551005120e-01
-6.888895825376797344e-01
-1.000000000000000000e+00
-1.000000000000000000e+00
1.000000000000000000e+00
1.467240264628199009e-01
-1.000000000000000000e+00
-6.147452183565983441e-01
-1.000000000000000000e+00
-9.707573841717088703e-01
-3.065675984719641312e-01
1.000000000000000000e+00
-1.749738009393587701e-01
-2.319254610987218079e-01
1.000000000000000000e+00
5.102662104312860603e-01
1.000000000000000000e+00
2.853317745217452961e-01
-1.000000000000000000e+00
-1.000000000000000000e+00
9.207964406288485781e-01
-1.000000000000000000e+00
1.000000000000000000e+00
1.000000000000000000e+00
-1.533983176134513515e-01
1.000000000000000000e+00
-1.000000000000000000e+00
-1.000000000000000000e+00
1.685498175622348604e-01
1.000000000000000000e+00
4.978701778007005307e-01
9.258387799095689763e-01
-1.000000000000000000e+00
-9.678210602530697981e-01
-8.455216302233473646e-01
7.408642096515832831e-01
1.000000000000000000e+00
1.000000000000000000e+00
-1.000000000000000000e+00
-7.053253827476629878e-01
-1.000000000000000000e+00
4.285563066266411258e-01
-8.309386439470702879e-01
3.236817035106472895e-01
-6.929633197984410575e-01
-1.000000000000000000e+00
8.003370562207753891e-02
7.932173090602456789e-03
6.798740462691997832e-01
2.394954179175727282e-01
-1.000000000000000000e+00
-7.057774058484020951e-01
6.105187328511867406e-01
-1.000000000000000000e+00
-1.000000000000000000e+00
1.000000000000000000e+00
1.000000000000000000e+00
-1.000000000000000000e+00
9.134174469041411726e-01
9.531864674176437902e-01
-1.000000000000000000e+00
-3.376536880678907560e-01
-9.762636558255961550e-01
7.885120103605124386e-01
-1.000000000000000000e+00
-1.000000000000000000e+00
-1.994324314540927845e-01
1.804397535147707066e-01
5.410916370562284250e-01
7.037034106879969109e-01
-1.698437944019293988e-01
-2.989505928184577055e-01
-1.000000000000000000e+00
8.337005256429461664e-01
1.645091575642003423e-01
9.835349407785286546e-01
-1.000000000000000000e+00
-6.763422922247031011e-01
1.000000000000000000e+00
4.674604206930698114e-01
1.000000000000000000e+00
-7.601016734632815020e-01
1.000000000000000000e+00
1.000000000000000000e+00
-1.064140597769989149e-01
-9.369374644048797940e-01
1.989800070938485266e-01
1.895587942042195051e-01
-3.156624884822785138e-01
-1.000000000000000000e+00
1.197771755955031880e-01
-1.626721132510000611e-01
-1.000000000000000000e+00
8.776208613400711123e-01
-3.773872063549890132e-01
-2.055559538933992014e-01
-1.000000000000000000e+00
-1.000000000000000000e+00
-1.000000000000000000e+00
-2.442938518422654859e-01
8.937284230774051874e-01
1.000000000000000000e+00
-4.905822910741586274e-01
9.658623271185412529e-01
-7.133716418749393995e-01
9.361976119677033470e-01
-1.000000000000000000e+00
-7.745646826399341656e-01
-9.679896552591792380e-01
-1.000000000000000000e+00
1.000000000000000000e+00
1.000000000000000000e+00
1.000000000000000000e+00
1.909254998737382747e-01
-1.000000000000000000e+00
9.481790191611476348e-02
-5.267775311012455886e-01
-1.000000000000000000e+00
9.577169931672682157e-01
5.742421843917440150e-01
1.000000000000000000e+00
-4.416859360385392286e-01
6.446914118616510203e-01
8.331149762611610443e-01
-7.864115488595955217e-01
6.521274972436195139e-01
-9.968944645422235240e-01
-1.976783988503672262e-01
1.000000000000000000e+00
-7.775522074906437986e-01
9.990450725628001738e-01
6.832854808151589410e-01
-1.000000000000000000e+00
8.869171240127212696e-01
-6.573973364348131287e-01
6.024848231713848534e-01
-2.787409136576123325e-01
5.208841111194688622e-01
-8.388798512321794520e-01
-1.000000000000000000e+00
-8.476652421263083381e-01
-7.644843413751709615e-01
1.000000000000000000e+00
-1.615256977182660258e-01
3.081037998898250585e-01
4.845843764815501165e-01
-6.871893242406984514e-01
-1.000000000000000000e+00
-8.322101982748392190e-01
-1.000000000000000000e+00
8.432875160322527153e-01
-1.000000000000000000e+00
-2.623253251949015374e-01
1.000000000000000000e+00
-8.414551347359086053e-01
-1.000000000000000000e+00
-4.997277300289426627e-02
1.000000000000000000e+00
-8.609941984863106468e-02
1.000000000000000000e+00
1.000000000000000000e+00
1.808864744787745948e-01
-4.695234468162941960e-02
-7.646714173133146719e-01
-1.000000000000000000e+00
5.432333594433172430e-02
1.206888333357778731e-01
-6.447018299638869188e-01
5.007116739062946742e-01
1.000000000000000000e+00
-4.507652987397952060e-01
1.000000000000000000e+00
5.526628080296402956e-01
-1.000000000000000000e+00
1.000000000000000000e+00
9.583429864069044068e-01
-9.252687627578746188e-01
6.637026430397221510e-01
-1.000000000000000000e+00
6.119259870306760496e-02
1.000000000000000000e+00
1.000000000000000000e+00
4.801337016321839679e-02
-5.738897132653917321e-01
-1.000000000000000000e+00
5.660895222842525776e-01
-1.000000000000000000e+00
-1.983091411022807060e-01
-1.000000000000000000e+00
-5.520545385908001701e-02
-1.000000000000000000e+00
6.757402485665574554e-01
-2.507942328643339991e-01
9.547925497827750574e-01
-4.143477499250401985e-01
-9.509562088292565774e-01
-1.000000000000000000e+00
8.631144479446515305e-01
7.036126333017880263e-01
-4.421681212662458282e-01
1.000000000000000000e+00
1.000000000000000000e+00
-1.000000000000000000e+00
-7.261893514432034014e-01
3.018717251800799861e-01
1.000000000000000000e+00
3.022377921320162919e-02
3.154728137691380496e-01
-1.000000000000000000e+00
