

gen best mean std gain diversity
0 9.75 -72.836333 28.052865 9.75 0.577316

gen best mean std gain diversity
0 16.8 -73.403667 29.364405 16.8 0.577351

gen best mean std gain diversity
0 29.15 -72.315667 28.120534 29.15 0.577345

gen best mean std gain diversity
0 17.05 -75.138 25.647431 17.05 0.577354

gen best mean std gain diversity
0 14.7 -71.112333 31.200144 14.7 0.577392
0 35.1 -27.082 36.777986 35.1 0.585258
1 35.1 -19.629667 39.08929 -43.2 0.592976
2 45.9 -7.984 41.111749 45.9 0.606764
3 53.5 -7.431 42.738107 53.5 0.619632

gen best mean std gain diversity
0 33.05 -71.212333 32.76656 33.05 0.577335
0 33.05 -37.567667 41.352029 -18.1 0.589777
1 37.3 -27.001333 39.524137 37.3 0.5979
2 37.3 -22.195333 46.019964 -78.35 0.594145
3 37.3 -17.115 44.270877 18.9 0.610127
4 37.6 -3.064333 36.463946 37.6 0.605758
5 37.6 -6.817333 46.211827 -66.05 0.623477
6 37.6 -4.652 41.62792 -7.15 0.622998
7 37.6 -7.208333 45.868833 37.6 0.63757
8 41.85 -4.458 44.619538 41.85 0.623508
9 41.9 -0.404333 42.805515 41.9 0.628212
10 42.15 2.626333 39.300064 42.15 0.629229
11 42.15 5.773333 37.178084 15.5 0.629173
12 50.3 7.062333 37.904574 50.3 0.657131
13 50.3 2.148 43.157952 38.7 0.64774
14 42.15 4.276 40.043496 -11.35 0.659277
15 44.75 4.172667 39.59596 44.75 0.652026
16 46.5 3.270333 41.49498 46.5 0.651854
17 46.5 4.935333 37.585567 13.15 0.66762
18 46.5 4.030667 39.670691 11.15 0.656299
19 44.75 8.168667 32.205118 13.4 0.660219
20 44.75 3.498333 41.528564 28.0 0.659569
21 44.75 10.142333 35.280884 28.0 0.677784
22 44.75 7.229667 37.741097 15.5 0.671951
23 44.75 8.858 34.635418 9.65 0.696317
24 42.95 0.836 42.848007 42.95 0.706974
25 42.95 1.098 43.304159 11.15 0.713877
26 46.4 14.180333 28.904607 46.4 0.697605
27 46.4 6.033667 38.360411 29.9 0.69275
28 46.4 9.889667 34.778779 32.45 0.683977
29 46.4 2.522 39.395604 11.15 0.688468
30 46.4 5.303667 37.817854 34.7 0.68122
31 46.4 -3.038667 43.700692 -68.8 0.689601
32 46.4 3.895 39.180965 33.65 0.692651
33 46.4 2.976 41.508172 46.4 0.676601
34 46.4 3.147 41.010236 -68.8 0.667692
35 46.4 6.524 34.046526 11.15 0.670075
36 39.15 1.927667 40.270429 9.65 0.66084
37 40.05 7.226667 33.23887 40.05 0.679239
38 40.05 4.665667 38.429128 30.95 0.677885
39 43.85 0.491 39.3751 43.85 0.662138
40 43.85 5.108 38.428025 11.15 0.666525
41 40.05 5.274 36.550748 11.15 0.678989
42 41.75 5.578333 37.471095 41.75 0.675349

gen best mean std gain diversity
0 31.35 -74.478667 28.677764 31.35 0.577325
0 31.35 -37.418333 36.680129 -56.65 0.598844
1 31.5 -26.136 37.685659 31.5 0.597903
2 36.85 -22.283 40.438905 36.85 0.59929
3 36.85 -7.975 36.705578 -0.7 0.593702
4 44.85 -1.957 37.975583 44.85 0.592175
5 44.85 1.767333 36.589796 -0.7 0.578657
6 45.85 2.353333 38.868637 45.85 0.581663
7 48.25 -1.035333 40.118663 48.25 0.589268
8 48.25 0.675333 41.833529 13.55 0.566533
9 48.25 5.287 39.198041 36.85 0.568676
10 48.25 5.756 39.200471 -8.55 0.540189
11 45.85 5.720667 35.587728 26.75 0.545955
12 45.85 3.364333 37.340856 38.15 0.541132
13 45.85 3.302333 40.953592 -31.65 0.568293
14 45.85 7.588 35.906096 11.6 0.541874
15 45.85 6.839 36.330099 -56.65 0.547395
16 42.75 0.885333 40.736427 36.85 0.520486
17 43.5 3.904 40.186592 43.5 0.512891
18 43.5 0.999333 40.694116 11.6 0.515214
19 43.5 1.496667 40.872672 33.65 0.540676
20 44.8 -0.464 41.861386 -56.65 0.560582
21 48.1 3.009 38.146432 48.1 0.557307
22 48.1 -4.391 44.054775 -8.55 0.54456
23 48.1 -1.378333 40.692912 36.85 0.562549
24 48.1 -4.658 48.241911 -0.7 0.538604
25 48.1 -3.679333 45.887756 20.75 0.54604
26 48.1 -2.196667 43.30516 36.85 0.531774
27 48.1 -3.467667 44.184599 9.65 0.532196
28 48.1 -5.529333 42.212017 -6.05 0.532997
29 48.1 -5.725 42.310455 -31.65 0.545197
30 48.1 -1.652333 39.36147 36.85 0.555135
31 48.1 -6.211 42.590029 32.6 0.560526
32 48.1 -3.659333 44.150714 9.65 0.554525
33 48.1 -4.249333 46.007926 48.1 0.548041
34 48.1 -4.937667 44.781203 11.15 0.551687
35 48.1 -5.803333 45.972225 36.85 0.545957
36 48.1 -13.679333 46.948283 36.85 0.538857
37 48.1 -11.243 47.068262 9.55 0.554724
38 48.1 -9.031 45.350105 -0.7 0.561087
39 48.1 -13.549667 45.221982 36.85 0.557737
40 51.3 -8.977667 42.086744 51.3 0.564407
41 53.65 -10.399667 46.649018 53.65 0.582334
42 53.65 -11.16 47.390042 -29.85 0.595885
43 53.65 -13.823333 46.684574 -31.65 0.579337
44 53.65 -9.860333 44.450419 36.85 0.586576
45 53.65 -4.252667 49.342027 -8.55 0.605339
46 53.65 -4.093667 47.932518 39.2 0.593769
47 53.65 2.144333 48.999711 -31.65 0.589865
48 53.65 6.502 44.929332 53.65 0.594977
49 59.15 4.205667 49.168508 59.15 0.584459
50 59.15 9.563333 43.514615 53.65 0.604371
51 59.15 2.624333 52.367657 53.65 0.594713
52 59.15 2.048 49.952668 -17.9 0.622665
53 59.15 2.458333 50.18186 -8.55 0.628723
54 59.15 3.917 50.547758 53.15 0.612813
55 59.15 4.850667 45.859618 53.15 0.600794
56 53.65 5.219333 44.620408 53.15 0.616005
57 53.65 0.319 48.287874 -5.55 0.61528
58 53.65 2.0 46.209408 -34.15 0.612867
59 53.65 -0.976667 46.381457 -34.15 0.643853
60 53.65 -4.064333 42.449961 -18.55 0.64431
61 53.65 -7.017333 40.101175 11.15 0.649462
62 53.65 -7.995667 43.518212 15.3 0.653754
63 53.65 -8.408667 45.503696 31.25 0.669843
64 54.6 -3.171 42.720157 54.6 0.686381
65 53.65 -5.129333 46.33014 8.5 0.690459
66 54.6 -1.251333 44.481421 53.65 0.677165
67 54.6 -2.967667 46.339379 11.15 0.675461
68 54.6 4.628 40.113947 -29.85 0.66226
69 53.65 1.921667 44.67958 33.1 0.658728
70 53.65 4.032333 41.330095 -7.3 0.66552
71 53.65 -1.396333 44.536844 11.15 0.691313
72 53.65 -0.114667 43.927587 35.35 0.663151
73 53.65 -3.465667 45.988803 -7.3 0.673068
74 53.65 -2.657333 46.26673 -7.3 0.67755
75 53.65 -3.740667 45.107501 -27.2 0.668052
76 53.65 -5.938667 45.307682 -29.85 0.663973
77 53.65 -10.056667 43.502322 -29.85 0.655709
78 53.65 -10.897667 48.267823 31.25 0.663812
79 46.05 -10.610667 42.014234 -12.8 0.65442
80 46.05 -13.928 44.346895 -8.55 0.666123
81 45.95 -12.300333 42.395944 11.15 0.657422
82 45.95 -12.051333 40.007351 13.1 0.664404
83 45.95 -9.830333 42.20671 -8.55 0.671387
84 45.75 -5.649 42.713913 -12.8 0.676063

gen best mean std gain diversity
0 13.65 -75.208333 27.741886 13.65 0.577358
0 14.9 -41.48 36.377162 14.9 0.587686
1 37.85 -31.587333 39.398135 37.85 0.593321
2 37.85 -19.353667 40.799249 -0.7 0.5828
3 37.85 -14.046 40.099104 -0.7 0.587277
4 37.85 -13.894 39.532714 -0.7 0.591315
5 40.7 -11.395333 39.986587 40.7 0.589759
6 41.35 -10.889333 42.648297 41.35 0.612073
7 41.35 -2.800667 40.969513 31.25 0.613176
8 41.35 4.849 35.054818 30.8 0.607277
9 41.35 1.172 42.997638 41.35 0.60671
10 41.35 -0.704667 42.429074 26.15 0.593089
11 41.45 7.780333 36.987103 41.45 0.58807
12 41.45 2.764667 40.048857 30.1 0.594537
13 41.45 3.271667 40.073728 26.15 0.578204
14 48.05 13.523 25.95604 48.05 0.591315
15 41.35 8.554 39.136316 1.65 0.59274
16 48.05 10.482333 34.922672 30.1 0.584357
17 48.05 12.507333 35.042927 -0.25 0.597584
18 48.05 12.700333 40.797669 48.05 0.573976
19 48.05 11.975333 39.815845 32.45 0.559704
20 48.05 11.810333 37.538503 37.9 0.546387
21 48.05 17.013 36.014923 30.1 0.538881
22 48.05 13.051667 40.053542 26.15 0.563795
23 48.05 14.794333 37.971838 31.15 0.549751
24 48.05 16.800667 39.252233 48.05 0.533496
25 48.05 16.657333 38.856265 38.5 0.557455
26 48.05 13.034667 40.831577 39.95 0.596851
27 48.05 20.441667 33.785107 39.95 0.561483
28 48.05 10.664333 46.117973 38.5 0.56948
29 48.05 14.602333 40.591017 26.15 0.572487
30 48.05 10.719 42.868266 30.1 0.589648
31 48.05 9.922333 46.419463 48.05 0.595724
32 48.05 10.74 44.312156 16.8 0.590623
33 51.05 13.474333 43.3191 51.05 0.604158
34 51.05 9.704333 45.499576 48.05 0.60884
35 51.05 8.078333 47.473059 45.35 0.627826
36 51.05 8.689667 43.855525 45.35 0.624914
37 51.05 9.478667 44.850268 30.1 0.612079
38 51.05 13.561333 41.864739 30.1 0.609723
39 48.05 8.026333 45.567137 45.35 0.586138
40 48.05 10.707333 41.444541 45.35 0.587359
41 48.05 8.385667 47.155313 45.35 0.54919
42 48.95 11.226333 43.714894 48.95 0.576583
43 48.95 4.014 47.838961 26.15 0.595488
44 48.95 6.845667 45.83925 45.35 0.601498
45 48.95 3.456333 47.599373 18.65 0.59823
46 48.95 5.702333 47.384089 32.75 0.598274
47 50.45 14.403333 38.090025 50.45 0.573283
48 50.45 12.397333 43.030151 26.15 0.553281
49 50.45 10.743 42.281045 26.15 0.530841
50 50.45 14.487667 38.624399 21.15 0.51957
51 50.45 9.124667 42.547727 45.35 0.513799
52 45.65 9.499333 43.76065 32.75 0.474744
53 45.65 10.661 40.02906 45.35 0.447456
54 45.35 4.347667 47.416393 45.35 0.439138
55 47.25 10.603 41.919916 47.25 0.448432
56 45.35 7.507 45.489426 45.35 0.423293
57 47.25 10.311333 45.033801 45.35 0.414415
58 47.25 6.625667 45.877181 45.35 0.414452
59 47.25 7.809333 46.850501 -18.85 0.398906
60 47.25 8.629333 44.750104 -18.85 0.412759
61 47.25 4.458667 48.929343 45.35 0.425622
62 46.85 5.894667 47.38116 45.35 0.42949
63 46.85 1.158333 49.693202 -18.85 0.422778
64 47.6 4.657667 45.740489 47.6 0.436879
65 47.6 2.467 48.519367 26.15 0.434082
66 47.6 1.442667 46.329648 11.15 0.434386
67 49.95 1.600333 47.430054 49.95 0.402595
68 49.95 6.737333 45.045866 -18.85 0.415439
69 49.95 3.631667 46.347099 -18.85 0.41261
70 49.95 7.624333 41.981563 -18.1 0.424437
71 49.95 4.957667 46.732391 -18.85 0.429246
72 49.95 7.784 44.324129 26.15 0.403002
73 51.7 10.633333 42.365683 51.7 0.403465
74 51.7 7.653 44.183682 26.15 0.414122
75 51.7 15.784667 39.518195 51.7 0.405628
76 51.7 13.649667 36.847248 45.35 0.400352
77 62.55 12.614333 40.779054 62.55 0.410738
78 62.55 16.863 37.148937 -18.85 0.406995
79 62.55 15.699 41.224607 45.35 0.428369
80 64.75 18.689333 38.644035 64.75 0.411806
81 64.75 15.783667 43.576942 45.35 0.41249
82 64.75 19.709333 40.662273 62.55 0.389327
83 64.75 18.940667 41.678771 45.35 0.419635
84 64.75 19.267333 45.211281 -39.55 0.433962
85 64.75 17.343333 47.093338 32.15 0.42945
86 64.75 18.462333 48.811495 33.2 0.436026
87 64.75 20.535 47.898544 62.55 0.444655
88 64.75 21.727 47.755699 62.55 0.466684
89 64.75 22.179333 47.420447 62.55 0.459509
90 64.75 22.845 47.244381 33.2 0.464901
91 64.75 22.458 48.163109 62.55 0.464622
92 64.75 22.374 47.68283 1.95 0.476423
93 64.75 21.727667 43.361767 11.15 0.488635
94 64.75 22.951333 40.935799 36.85 0.48585
95 64.75 18.137667 45.937603 32.15 0.484045
96 64.75 14.654333 45.598736 64.75 0.471509
97 64.75 20.540333 44.268778 62.55 0.473639
98 64.75 13.451333 45.902213 62.55 0.464003
99 64.75 12.460333 44.953023 32.15 0.459837