-4.766559265114270749e-01
2.998364332817781697e-01
1.807617059817525906e-01
-6.104191111954641036e-01
2.942862510973442980e-01
-4.012184968426159015e-01
-5.629178139590180763e-01
-8.660621049930997128e-02
3.040631942443048352e-01
-7.154712290404140196e-02
-4.150101698103892400e-01
1.862340846456186083e-01
5.422226464999488904e-01
8.613497697182829205e-01
5.345870261088114805e-01
-4.771003232708185826e-01
-9.284208830405651924e-02
6.743050827780994183e-01
2.969649487279968358e-02
-4.505234079597791874e-01
-4.883216996214655853e-02
-4.367930551373434556e-01
5.694824940223027765e-01
1.030396793223255225e-01
-4.892620396362901136e-03
-2.229666849442172027e-01
-7.915115783536325056e-02
5.904140860636117871e-01
-5.780172464441055841e-02
-4.143351801525864131e-01
-4.452235252735449733e-01
-3.376084748748214293e-01
-8.127044247251293818e-01
-4.907693804786069647e-01
9.524114095363159782e-01
-5.165017018425783757e-01
7.856067216340520964e-01
-7.167958054751739638e-01
1.990610442069967179e-01
-4.597628688890453841e-02
-1.000000000000000000e+00
-2.788269190461237779e-01
8.280131651806901250e-01
-6.401017815971087044e-02
-3.143552610965979488e-01
9.319262319073325918e-01
-7.059227349417722674e-01
7.261204436045004540e-01
1.000000000000000000e+00
1.444590127263834511e-01
3.477531857560428596e-02
-2.860435921100457080e-02
-1.231665123017502000e-01
6.207378670960714828e-01
-9.647733874902660878e-01
3.185024255433572399e-02
-7.000722040787782374e-01
6.062629311443978875e-02
5.407148266286926352e-01
-6.697582635794588901e-01
-3.957619992519475494e-01
-8.953225482955609049e-01
3.232471064495802127e-01
5.106245184729858444e-01
8.019559406235632348e-01
-5.317091369249292709e-01
4.833118471615445721e-01
6.095358261431010199e-02
5.447456844459510616e-01
-4.795794959553900672e-01
1.000000000000000000e+00
-6.256494856321107578e-01
-2.555901677145454645e-02
-5.830949303292214392e-01
-2.076349060687975312e-01
-9.535919200530185158e-01
-6.692960914695252894e-01
3.037080346349975701e-01
-1.021025473383068427e-01
6.189096243397306241e-01
-1.000000000000000000e+00
-5.142550329907563667e-01
-9.388509286786397290e-01
4.280558558129753388e-01
-8.070677656384976917e-01
3.012635144776130147e-01
-4.614273185627952856e-01
-2.785185963773941786e-01
1.000000000000000000e+00
4.277183636989980164e-01
-1.234017777351121559e-01
-7.325533364294942729e-01
9.660297339257412075e-01
-1.544489629231701189e-01
5.321582036444236774e-01
-5.027579277119945678e-01
1.222268164513373376e-02
2.368482028916637366e-02
-7.541534154383540134e-01
-1.262906623048747623e-01
3.828849878846434240e-01
-3.000942183881107894e-01
-2.539062807187600357e-01
-3.494799932858941305e-01
8.326864052047875386e-01
8.617123525236861648e-01
-1.210297660102641615e-01
-2.799416536231884578e-01
-3.266420071809007508e-01
3.898014457021727330e-01
-8.333353397419122066e-01
3.574292166905109203e-01
2.651039652980759498e-01
4.689897194919209755e-02
9.603932421305437783e-01
6.292695179050008525e-01
-2.798784317634553931e-01
-4.799935903543481874e-01
-1.766176964455478393e-01
5.097642184443993418e-01
-1.000000000000000000e+00
-4.780889429355066333e-01
-1.434507546038794046e-01
-7.869482293134000273e-02
-8.862167109453592539e-01
4.388597816469304580e-01
9.706955517523276900e-01
3.190361337465454916e-01
-3.440145375998652222e-01
1.782824426554466823e-01
3.798898240065293752e-01
1.129286021572764864e-01
-8.367922904479091484e-01
5.034280236634075534e-02
-8.349325530057012390e-01
-4.143842436394320483e-01
2.461146565561904698e-01
1.000000000000000000e+00
-2.375385961037267402e-01
4.377805712731229759e-01
-4.184792178912106753e-01
-9.390085572097643940e-01
-1.434672485567335398e-01
-1.732201395290073054e-01
9.834360153071390886e-01
1.053146885660491416e-02
-8.493675274605300141e-02
-7.518534389686742925e-01
1.000000000000000000e+00
3.931263251048254803e-01
-1.273579766498177668e-01
-1.000000000000000000e+00
3.418357038948742765e-01
3.313338572990833786e-01
8.800945893575173873e-01
-6.519209964197017482e-02
-4.416792358972020799e-02
1.467643146431182877e-01
2.001022444646460841e-02
-8.073699103226692486e-01
1.000000000000000000e+00
-3.840325465120806303e-01
2.526986570838689050e-01
-6.411912071638012356e-02
-1.821889835724539164e-01
3.920458559918750252e-01
1.000000000000000000e+00
-2.774228864995636479e-01
-9.243205130829419414e-01
-2.837204569593888004e-01
-6.785214180940555284e-01
-2.856154915345653356e-01
-4.085859140561354241e-01
3.704376722595908306e-02
9.207913267420552161e-01
3.165499460515355246e-01
-2.046536456398108106e-01
-7.830616642076558831e-01
1.886881503299676355e-01
2.112007951256779648e-01
-1.000000000000000000e+00
-4.182570169807394711e-01
-2.815832162929562399e-01
8.678711567628484558e-03
-6.017820146364893930e-02
1.000000000000000000e+00
-7.706400284633382891e-02
-1.430253712915707798e-01
2.902778036157884767e-01
-8.041326434916880039e-01
-8.275709040974810193e-01
6.492285902407743947e-01
5.262989781318314630e-01
4.762048243523967495e-01
3.428740970242684094e-01
5.582123601472493979e-01
-1.754471174154931534e-01
7.810832021717324380e-01
-6.270919049307670523e-01
9.765223585969196041e-01
1.122101653675689481e-01
-1.159294639226398915e-01
3.411527579493436879e-01
8.303870167418399006e-01
9.585185018545662183e-01
-1.000000000000000000e+00
9.454461474115785080e-01
-3.372991146267301232e-01
2.908070004039474687e-01
4.730763640810060622e-01
7.974782572581917695e-02
4.923518502970662958e-01
4.013106511415300837e-01
7.005399610787959030e-01
-8.960017543712068822e-01
1.000000000000000000e+00
2.180510419529734789e-01
4.448572524797440031e-01
-1.000000000000000000e+00
8.955269681508798429e-01
1.000000000000000000e+00
-9.166149412157297005e-02
-6.185150588507271063e-01
3.676177937966584319e-01
-1.813099227093871724e-01
1.424935341439863556e-01
4.701166448615128335e-01
5.029238244468484664e-01
1.519162968895328703e-01
1.355821577974059000e-01
6.143336516021791205e-02
-1.559879862637720827e-01
7.564864677626643719e-01
-7.596031827371824141e-01
1.719086959607974974e-01
3.999625565398516880e-01
4.554155057237876392e-01
-1.702500157220793175e-01
4.408477442653741529e-01
4.768413353670173382e-01
1.606819989056058606e-01
2.135684473379304560e-01
2.989634603114234013e-01
-1.000000000000000000e+00
1.000000000000000000e+00
-5.115791390208782596e-01
7.190385666349378146e-01
-2.152933596179155418e-01
1.937945599136747243e-01
-5.722763995225612632e-01
4.228613362674170095e-01
5.227217872660540054e-01
2.041116503071506438e-01
6.460604089155129737e-01
7.707300076663948785e-01
-4.027524153373974181e-01
-5.964514961570176466e-01
8.926483901021358136e-01
1.000000000000000000e+00
6.528331604400733346e-01
-9.844826879534088748e-01
-2.054659787227140488e-01
4.972425731966221285e-01
5.273838903752858798e-01
7.958242849473731173e-01
