-8.359119776181609396e-01
-1.000000000000000000e+00
-5.164650192125748163e-01
1.539813100500400100e-01
-9.432695832586768248e-02
-7.124142727206262959e-01
4.397418365535754603e-02
-4.822410350391124201e-01
1.482015459848042838e-01
-1.000000000000000000e+00
9.124872817225195831e-01
-2.533789840225573187e-01
2.187817631811608265e-01
9.926465203610080890e-01
7.272273129169313233e-01
-3.797201342250622336e-01
-2.861582265937665515e-01
-6.165070289261316283e-01
2.849650457091383871e-01
4.919852378615747757e-01
1.983692175470621599e-01
-9.454761580452405445e-01
-1.431592608662358712e-01
-1.000000000000000000e+00
-3.651896735783849435e-01
-4.148731829744103372e-01
-3.238259512732633016e-02
5.757179632863018703e-02
4.108217996118934678e-02
6.551105829910794931e-01
8.569432044698517270e-01
1.464824777533609845e-01
6.085473465220103684e-01
7.489633915649214213e-01
-3.951053103710939762e-01
-1.000000000000000000e+00
-5.502567720316020594e-01
-4.594892600427779028e-01
-2.645838587867425096e-01
-3.252359894086354064e-01
2.611183943516048878e-01
-4.172994776421554697e-01
1.454731504842454726e-01
5.754666995562904841e-01
-2.761597004886894302e-01
-8.534766780819738052e-01
-1.000000000000000000e+00
1.000000000000000000e+00
-9.628191722802292851e-01
-9.423630816355011985e-01
7.660523336526581240e-01
3.609559861834763517e-01
-4.875461001775291958e-01
-4.667839440017251817e-02
7.792445151637650280e-01
5.281276670407986096e-01
2.971861213724071860e-01
1.775273208935483904e-01
-2.598898793349421199e-01
-6.707844425121616272e-01
6.701232441356785863e-01
9.285024771090126805e-01
-8.683203590885181233e-01
2.351604789018111319e-01
-1.000000000000000000e+00
-3.449616422327870247e-01
-5.226041237288019392e-01
-8.724181151286811708e-01
-1.000000000000000000e+00
6.609903968936421403e-01
-7.702295943225871966e-01
-1.000000000000000000e+00
3.298733115811860461e-01
5.793028838396558911e-01
-1.405743002515635887e-02
6.908394947554247212e-01
2.371057616026739367e-01
-9.412186051582149826e-01
-2.588222589209704383e-01
-5.511445906308898302e-02
-8.415920172386981424e-02
-4.340274666599516218e-01
-1.000000000000000000e+00
3.262025014618568086e-01
-4.321178069365728680e-01
-4.270287756869877160e-01
-9.568596843169264732e-01
4.289333051146420051e-01
6.277713455581263036e-01
-1.114697810652500731e-01
-2.940820131377328561e-01
9.680217757882481067e-02
1.000000000000000000e+00
-4.831952221852873208e-01
8.085721982322888746e-01
3.560442839543185300e-01
-6.347378511811021529e-01
-4.804575817670084792e-01
-7.520561652999824265e-01
4.972055230494851763e-01
-7.276000120969050577e-01
-1.000000000000000000e+00
7.619192515693251622e-01
4.375609170483238941e-01
1.000000000000000000e+00
-1.855779575455350772e-01
2.771845221133675263e-01
-1.000000000000000000e+00
6.342770958851950969e-01
7.793413137973956850e-01
3.382339403628600305e-01
4.231696439108374452e-01
-9.410492980916806971e-02
3.211147806034500007e-01
-9.841803368561357068e-01
-9.169140486305327187e-01
-4.286988363832398008e-01
3.625502425430549014e-01
-2.351020175090193232e-02
-8.488991765251587829e-01
-2.765116341427759084e-01
3.147810449924706155e-01
7.241917836724178770e-01
-9.238727961492416707e-01
6.833499438634111911e-01
5.881466885764186081e-01
-6.699859611056524500e-01
7.623925822583101919e-01
-6.048674008280966463e-01
8.555205641337477740e-01
9.695627969090792053e-01
-5.688828293420837845e-01
-8.284115341103595043e-01
-9.193758683321149316e-01
4.133308284358250262e-01
-8.705684670006079706e-01
1.905454198524243470e-01
-5.978799864623522975e-01
-1.211619724924022368e-01
-4.566389676752521387e-01
-5.217686542718583675e-01
-6.941854375930480714e-01
6.426878104778290801e-01
-1.170382427879090859e-01
-2.055097309256831428e-01
-4.821419825184181662e-01
5.938854078310120688e-01
-1.000000000000000000e+00
7.414275607882909735e-01
1.000000000000000000e+00
2.252224812576333335e-01
8.206879504674391423e-01
-7.819690081534765858e-01
-2.953441391856406195e-01
9.786620802588432699e-01
-8.218668599487075621e-01
-2.445523074205911973e-01
1.000000000000000000e+00
-3.024029923215654225e-01
-5.372774383964564748e-01
-8.646710313485931332e-01
-6.144548589932392890e-02
-1.816320377622160365e-01
-4.199681062143993948e-01
-7.928984381148123095e-01
-6.269753973913079204e-01
-3.971717127493717969e-01
-3.771757395340882280e-01
-4.791674900438382956e-01
-8.525985881884526885e-01
1.000000000000000000e+00
1.237364670873135619e-01
1.220269490044523231e-01
-6.924139986944012337e-01
1.167956621620998003e-01
-8.867935568860896289e-02
1.000000000000000000e+00
-4.759361821178963448e-01
1.000000000000000000e+00
3.046595253805541859e-01
-1.472507778254041888e-01
5.067046127062917460e-01
7.247940925257683187e-01
-8.038558739042740431e-01
2.367679679904832746e-02
-1.000000000000000000e+00
3.849740926054729950e-01
-9.001450412020508551e-01
-4.859062351860964357e-01
6.568186823276078723e-02
-3.483428030343913573e-01
-9.903402927379498788e-01
9.301554292804423696e-01
-9.656786962433746568e-01
2.697783558315386965e-01
2.213826385086881121e-01
-2.171439661862483161e-01
-1.512061780830858959e-01
9.292002997370203410e-01
4.069358631688191341e-01
9.474057571302811898e-01
-7.200859992024899459e-01
-7.496273870469238876e-01
2.310970472022753075e-01
-5.713172810292984627e-01
-9.262801620449652162e-01
6.780364765025621576e-01
8.728996249390523765e-01
-7.235084184531948015e-01
7.556828033931675126e-01
-9.706557040460453978e-01
-7.978217212669929115e-01
1.000000000000000000e+00
9.060786742568822660e-01
-6.081972467885834455e-01
-5.427393906153487046e-01
6.960538111830993913e-01
-7.205292998956809303e-01
3.097960718601064922e-01
2.915260466419675733e-01
8.999167881370055966e-01
-1.000000000000000000e+00
-1.000000000000000000e+00
-3.104386100313215602e-01
-2.648633033667768810e-02
-7.266310911370159609e-01
1.000000000000000000e+00
-4.101751071734522913e-01
-9.566242433167876369e-01
3.134332462770905714e-02
-1.000000000000000000e+00
9.765491832102222158e-01
-6.370887897443487935e-01
-4.797480655875147049e-01
-8.975502151301287812e-01
1.583877038904610846e-01
-4.174004298922654455e-01
1.000000000000000000e+00
-5.578063431494972857e-02
6.741237588667203795e-01
2.525584026875888899e-01
-1.214550029309029444e-01
-7.945656037054131815e-01
3.827706185720165522e-01
4.627623248122816335e-01
-1.613770770173637015e-01
7.916549731935338396e-01
4.227610613511405546e-01
-4.624460686819530375e-01
-1.591944896169102952e-01
-9.117301277257490177e-01
9.421990887946758431e-01
-2.500797314380335257e-01
-7.114824514755566653e-01
1.000000000000000000e+00
4.043128283823473890e-01
-1.000000000000000000e+00
3.592617337537001854e-01
-5.536805401182305353e-01
1.226797992972189499e-02
-2.141065999048421542e-01
-1.000000000000000000e+00
-3.059520099964582185e-01
3.442330919511515930e-03
4.678803774340800636e-01
