-8.359119776181609396e-01
-8.207416767382547107e-01
-5.164650192125748163e-01
1.539813100500400100e-01
-9.432695832586768248e-02
-8.881838903511124483e-01
-1.393995180100415787e-02
-4.822410350391124201e-01
1.482015459848042838e-01
-1.545005518446731507e-01
9.124872817225195831e-01
-2.533789840225573187e-01
2.187817631811608265e-01
9.494497372746162345e-01
7.272273129169313233e-01
-3.797201342250622336e-01
-2.861582265937665515e-01
-6.165070289261316283e-01
2.849650457091383871e-01
4.919852378615747757e-01
1.983692175470621599e-01
-9.454761580452405445e-01
-1.431592608662358712e-01
6.634706934506873210e-02
-2.147052182746961302e-01
-4.148731829744103372e-01
-4.210864185193784470e-01
5.757179632863018703e-02
4.108217996118934678e-02
6.551105829910794931e-01
-1.000000000000000000e+00
-2.671788158683212622e-01
6.085473465220103684e-01
-3.175393350356834343e-01
-3.951053103710939762e-01
-1.000000000000000000e+00
-5.502567720316020594e-01
-7.598307668541219861e-01
-2.645838587867425096e-01
-1.279614554021272221e-01
2.611183943516048878e-01
-4.172994776421554697e-01
1.454731504842454726e-01
5.321702208991232474e-01
-2.761597004886894302e-01
-8.534766780819738052e-01
-1.000000000000000000e+00
4.308918710320039924e-01
-9.628191722802292851e-01
-9.423630816355011985e-01
7.660523336526581240e-01
3.609559861834763517e-01
-4.875461001775291958e-01
-4.667839440017251817e-02
7.792445151637650280e-01
5.281276670407986096e-01
2.971861213724071860e-01
2.395091832747992810e-01
-2.598898793349421199e-01
-6.707844425121616272e-01
6.701232441356785863e-01
9.388210901551530263e-01
-8.683203590885181233e-01
2.351604789018111319e-01
-7.533033145602027192e-01
1.000000000000000000e+00
-5.226041237288019392e-01
-7.588822019101562066e-01
-9.256060638505204663e-01
6.609903968936421403e-01
-7.702295943225871966e-01
-9.937760989115027588e-01
4.010272745758698409e-01
5.793028838396558911e-01
-1.405743002515635887e-02
4.246251840259497867e-01
2.371057616026739367e-01
-1.000000000000000000e+00
-2.588222589209704383e-01
-5.511445906308898302e-02
-8.415920172386981424e-02
-1.000000000000000000e+00
-1.000000000000000000e+00
3.262025014618568086e-01
-2.296237150484182754e-01
-4.270287756869877160e-01
-9.568596843169264732e-01
4.289333051146420051e-01
6.153075631605844364e-01
-1.114697810652500731e-01
1.000000000000000000e+00
9.680217757882481067e-02
-1.918557031537493351e-02
-1.000000000000000000e+00
8.085721982322888746e-01
3.560442839543185300e-01
-6.347378511811021529e-01
-4.804575817670084792e-01
-7.520561652999824265e-01
1.000000000000000000e+00
-7.276000120969050577e-01
9.489144454570608289e-02
7.619192515693251622e-01
4.375609170483238941e-01
-1.380070346426779393e-01
-1.855779575455350772e-01
1.000000000000000000e+00
-3.129204237395393218e-01
6.342770958851950969e-01
7.793413137973956850e-01
3.382339403628600305e-01
4.231696439108374452e-01
-9.410492980916806971e-02
-1.000000000000000000e+00
-9.866606955368275589e-01
-9.169140486305327187e-01
4.988597177459980214e-02
4.731770665503716167e-01
1.000000000000000000e+00
-1.000000000000000000e+00
-2.765116341427759084e-01
5.297271162350468687e-01
7.241917836724178770e-01
-5.447107606374551603e-01
6.833499438634111911e-01
5.881466885764186081e-01
-3.133613028466275541e-01
7.623925822583101919e-01
-6.048674008280966463e-01
8.555205641337477740e-01
9.695627969090792053e-01
-5.688828293420837845e-01
1.000000000000000000e+00
-9.193758683321149316e-01
4.133308284358250262e-01
-8.705684670006079706e-01
1.000000000000000000e+00
-5.978799864623522975e-01
4.030107702896790212e-01
-4.566389676752521387e-01
-5.217686542718583675e-01
-6.941854375930480714e-01
6.426878104778290801e-01
-1.170382427879090859e-01
-8.586715994747180503e-01
1.521865979401892943e-02
5.938854078310120688e-01
1.000000000000000000e+00
7.414275607882909735e-01
-1.000000000000000000e+00
2.252224812576333335e-01
8.206879504674391423e-01
-7.819690081534765858e-01
-2.953441391856406195e-01
1.611277087522116069e-01
-8.218668599487075621e-01
-2.445523074205911973e-01
4.260599282904660168e-01
-3.024029923215654225e-01
-5.372774383964564748e-01
-8.646710313485931332e-01
5.201373546015952698e-02
-1.816320377622160365e-01
-4.199681062143993948e-01
-7.928984381148123095e-01
-6.269753973913079204e-01
-3.971717127493717969e-01
-3.771757395340882280e-01
-4.791674900438382956e-01
-8.525985881884526885e-01
-1.000000000000000000e+00
1.237364670873135619e-01
1.220269490044523231e-01
-6.924139986944012337e-01
1.167956621620998003e-01
-8.867935568860896289e-02
9.519109466249893181e-01
-4.759361821178963448e-01
9.883971271225300281e-01
1.000000000000000000e+00
-1.472507778254041888e-01
5.067046127062917460e-01
1.000000000000000000e+00
4.638667694544704734e-01
2.367679679904832746e-02
-3.206484677861344279e-01
3.849740926054729950e-01
-1.000000000000000000e+00
-6.670398420115952742e-01
-1.000000000000000000e+00
-3.483428030343913573e-01
-9.903402927379498788e-01
9.301554292804423696e-01
-9.656786962433746568e-01
5.819329639534918108e-01
-1.000000000000000000e+00
-2.171439661862483161e-01
-1.512061780830858959e-01
-2.354858797480878785e-01
1.000000000000000000e+00
9.474057571302811898e-01
-7.200859992024899459e-01
-7.496273870469238876e-01
-7.169425001092495364e-01
-5.713172810292984627e-01
-1.000000000000000000e+00
6.780364765025621576e-01
5.541085452478027307e-01
-6.838500313159096011e-01
7.556828033931675126e-01
-9.706557040460453978e-01
-7.978217212669929115e-01
-2.972295219058418425e-02
9.060786742568822660e-01
-6.081972467885834455e-01
1.000000000000000000e+00
8.754207494261136979e-01
-7.205292998956809303e-01
1.000000000000000000e+00
-2.544559325297250929e-01
8.999167881370055966e-01
7.077574242823232442e-01
4.865547665357576879e-01
-3.104386100313215602e-01
-2.648633033667768810e-02
-7.266310911370159609e-01
8.340840113697713942e-01
-4.101751071734522913e-01
-1.757810036402148723e-01
3.134332462770905714e-02
-1.000000000000000000e+00
-1.000000000000000000e+00
-6.370887897443487935e-01
-4.797480655875147049e-01
-8.975502151301287812e-01
1.583877038904610846e-01
-4.174004298922654455e-01
-1.000000000000000000e+00
-5.578063431494972857e-02
6.741237588667203795e-01
-1.000000000000000000e+00
5.991402036033586231e-01
-7.945656037054131815e-01
3.827706185720165522e-01
4.182668558462053765e-01
-1.613770770173637015e-01
7.543972410631596404e-01
4.227610613511405546e-01
1.000000000000000000e+00
3.213709366441382942e-01
-8.345141382952897535e-01
9.421990887946758431e-01
-2.500797314380335257e-01
5.680622079208130781e-01
1.000000000000000000e+00
4.043128283823473890e-01
-1.000000000000000000e+00
4.308990621111969954e-01
1.000000000000000000e+00
-4.738636226333439172e-01
-2.141065999048421542e-01
-6.231829807973634505e-01
-3.059520099964582185e-01
3.442330919511515930e-03
4.678803774340800636e-01
