-3.347172979110299429e-01
1.395777306911234472e-01
-2.530785137160415643e-01
7.150992625386730639e-01
-2.506759683828121976e-01
-3.199617744044691570e-01
7.924210723054488925e-01
-2.090014806112544532e-02
3.821175639528200940e-01
1.606123353147719326e-02
-3.133922355311444252e-03
-4.601643782139608896e-01
9.381221494639720992e-01
-6.468875334152479617e-01
-1.000000000000000000e+00
-1.106416207464071960e-02
-6.124839546328034734e-01
-3.876823964298088954e-01
-8.904812134377390054e-01
5.544850407862429442e-01
1.000000000000000000e+00
4.103111425513323307e-01
5.091639561673898529e-01
-3.614044575478496113e-01
-8.863964143083509217e-01
6.240596595233270649e-02
-8.333813857981500206e-01
4.413747655283633553e-01
-4.932157150300148230e-01
8.447080111743101583e-01
4.299349031258312137e-01
-7.264402822064640608e-01
6.727782527779260224e-01
3.289488838460676856e-01
-9.520307407194110727e-01
6.512886451082784411e-01
4.823280036853250796e-01
7.399248725840072982e-01
-3.974790917196883711e-01
-6.132076516131704791e-01
3.236121550242914147e-01
-2.764060908637833158e-01
1.000000000000000000e+00
-4.093429004478968958e-01
-2.173598480449397408e-01
5.464416244406026246e-01
-5.340739572545218916e-01
-1.526343554223055232e-01
6.495946749222358818e-02
-9.163102940316134593e-01
-2.303044717633803140e-01
-1.082447895105955321e-01
3.128404968819841203e-01
-4.010251122020443426e-01
-4.036413022595606859e-01
-6.034922683888828132e-01
4.485549079320614446e-02
1.304155515984636859e-01
-4.738389575754602401e-01
-3.110983273660285486e-01
2.113883204696357654e-01
4.560071502794841858e-01
1.081742628145188484e-01
-2.878136775296472050e-02
-6.096935228602530232e-01
-6.230363125325742990e-01
2.368499288263490599e-01
-4.560901761037574054e-01
9.474315602010869863e-01
8.088650771726312305e-01
-7.470219603202490344e-01
5.850495118436396247e-01
7.992821530919897999e-01
1.089849670526282094e-01
1.048637785760103552e-01
4.828024636606383924e-01
-1.000000000000000000e+00
7.189049671822619336e-01
8.399197359220962333e-01
6.945831020317226878e-01
-4.375397584914138549e-01
5.212778976809097076e-01
-4.033281193757112248e-01
-7.179217834611187343e-02
-1.941576467992809918e-01
-8.254001606254384171e-01
-1.000000000000000000e+00
8.610675629756070482e-01
-4.890359631720588296e-01
-1.897164390759119024e-01
5.199123257628978090e-01
4.706137405908911164e-01
-9.487160048809911705e-02
-1.000000000000000000e+00
-9.643261109484167759e-02
7.218504969993403408e-01
1.000000000000000000e+00
-3.316502957071560953e-01
-5.734746577489125974e-01
5.567418438130566916e-01
-5.052897140472045745e-01
-2.710306222951132105e-01
8.701896248857857730e-01
-7.815457799794550686e-01
6.298848957996173725e-01
9.915203175367753863e-01
-6.981118679950497619e-01
-3.315279278840415067e-01
5.376983365795281467e-01
-6.289459751524992814e-01
8.390773165074844053e-01
1.919658522804126577e-01
-6.641281035801461785e-01
3.833996707756930356e-01
-2.376586427728207829e-01
-3.972674779738078615e-02
5.371921487042262688e-01
-2.363820035980312428e-01
-4.512220669526689210e-01
8.072052279827057752e-01
-2.515765479510168601e-01
-2.773452103251755618e-01
-9.481212816568482249e-02
-9.123367825126097452e-01
-1.742283810899573904e-01
7.364132629894178939e-01
1.177898929500538899e-01
3.501872276573603782e-01
-9.101979506924102736e-01
7.576605941479853668e-01
1.320283245806223027e-01
-3.344090442448737766e-01
-1.445228863609905323e-01
-9.182424240975852747e-01
-1.915588439725069703e-01
6.112263985725120419e-01
-3.276397639070015577e-01
7.835784418853587452e-01
-7.984070741372572000e-01
2.979217729504661794e-01
2.764957394105162503e-01
5.228920690525427906e-02
-8.485126584669995253e-01
2.584802839508353878e-01
5.374176802891538207e-01
1.000000000000000000e+00
-2.859293529931060118e-01
5.630786072572607770e-01
4.248260781733045194e-02
8.473253524590307340e-01
-1.759171734886214311e-01
-1.851086658903193516e-02
7.095888653685695768e-01
-7.370911337400966046e-01
4.364678261498212697e-01
7.033771877454876309e-01
2.208900949501771960e-01
-3.162770887638499118e-01
2.306907919665471263e-01
-3.712612209495012028e-01
-1.381487259665026279e-01
-2.504545642108690351e-01
2.775637246047558127e-01
-6.396785689390899199e-02
8.423302044920470966e-01
-4.952084059776278857e-01
-8.495256041662422319e-01
9.624316460553061781e-02
9.413640815009191032e-01
-2.322686726764522716e-02
2.778489155714783387e-02
-1.000000000000000000e+00
-7.297919832026179554e-01
-2.582117514022331806e-01
-2.359647366560412018e-01
-6.663621776790710216e-01
8.019182790312970877e-01
4.795687807001500769e-01
1.448421489694828590e-01
6.573559471034359780e-02
-7.711213962900451691e-01
-1.014438924641875017e-01
1.000000000000000000e+00
-3.796777442188995488e-01
4.869558864118285757e-01
-2.181770584498308463e-01
6.178156282765412399e-01
6.364003458294675841e-01
-9.242891779976739608e-01
-1.322559401205266293e-02
2.975712825438296960e-01
-7.992411258074028080e-01
3.460173551075911291e-01
-4.711885671862828251e-01
1.431806143378113461e-01
-6.493245538282742535e-01
1.000000000000000000e+00
-1.003175294250394922e-01
-5.555794405348197379e-02
4.460289873382571324e-01
2.512240105175938543e-01
7.665662420933163634e-01
-3.021948781077036794e-01
2.642035892293885246e-01
-9.408115533214463921e-01
2.323046079775773626e-02
3.912675113723654285e-01
-4.359662689298321459e-01
-6.807096315720122526e-01
2.147963881155272869e-01
-1.649347865964049045e-02
-5.727248291097677413e-01
5.954474284351428393e-02
6.222061923712015608e-01
6.760148306414166530e-01
-5.239880519209725307e-01
-3.424494500043280265e-01
6.675511513731239299e-01
7.576740692111393061e-02
-1.000000000000000000e+00
-7.967444650057502464e-01
9.664933732481277573e-02
3.854563975597186110e-01
-4.713620772837512907e-01
-7.300961369772048792e-01
3.259245935477825817e-01
-9.235685092802052854e-01
-1.953119695939413642e-03
7.424306512357858878e-02
-3.059610514120569835e-01
5.697339140250216039e-01
-7.938028148334533851e-01
-4.138514767365195079e-01
-6.584792951703950514e-01
-8.624238515739204303e-01
-2.953308449944236358e-01
-2.586995765960961036e-01
7.575381302158643582e-01
1.686167685405687011e-01
7.991256670586172062e-01
-2.494795214837392805e-01
8.077131078480359605e-01
7.679014901496422629e-01
-1.873312622946283756e-01
-1.563701140571122084e-01
-3.616638908403591035e-01
-1.544879595500422420e-01
8.815730015208918247e-02
-2.056177801079738243e-01
8.260656031801510979e-01
-6.934749235875595774e-01
-2.970773856082603581e-01
6.377197439185008365e-01
3.457254784229597533e-01
3.278208460542051533e-02
-1.681701379069861779e-01
5.218653618044946096e-01
-3.627738337352205966e-01
6.131363667301038545e-01
-2.126248661215349167e-01
-5.773408537319191236e-01
-7.396418087043425960e-01
-7.676678460036714391e-01
6.993525868220156205e-01
-9.818725836352057423e-02
