-7.369475579525764930e-01
-1.678869941086695572e-02
-4.541638847780866683e-01
-8.764255654165539200e-01
-1.000000000000000000e+00
2.184317167001275095e-01
-7.726766610534712143e-01
-6.234535088510341216e-01
-1.504919155584779344e-01
1.000000000000000000e+00
9.302600022616754061e-02
9.337504727114910308e-01
-5.502102653627513607e-02
-1.082516376532372399e-01
-1.237663908916715627e+00
-4.275135376133468168e-02
-8.212706744078758225e-01
-4.645653522473324193e-01
1.000000000000000000e+00
-5.544565644944489113e-01
1.106854470204014611e-02
2.741820216803494414e-01
3.502141557425840768e-01
-2.445786028865765960e-01
-9.946858475950719480e-01
-4.767189529933373859e-01
1.006646660379372227e-01
9.785345536355180007e-01
5.361712716107278620e-01
-4.252581232003680434e-01
-2.393024733006923199e-01
7.824906295484820307e-01
1.038845129049614513e-01
1.000000000000000000e+00
1.566499864754405502e+00
-3.492003873452331764e-03
-7.843254637595290513e-01
-6.931485981127287754e-01
4.817693889966945253e-01
-1.000000000000000000e+00
8.594484764699403256e-02
5.276978482054873743e-01
1.034374801326470861e+00
4.133708549901561335e-01
-9.974757015532539350e-01
2.112506089266716458e+00
5.705060667800787577e-01
1.954425643753684438e-01
4.742550103133945649e-01
1.148481943089917912e-01
4.301150334858476754e-01
5.949051719734115284e-01
4.429394294103250473e-01
-1.057409098211438137e+00
5.530968818306476464e-01
-4.532264068430849058e-01
-6.259938462684953853e-02
1.501761148634922050e+00
-1.554333417585258337e+00
-1.494094145142262686e+00
2.875031234577211658e-01
1.237363564244055247e+00
-1.234827093793613717e-01
1.366804718091593485e-01
-1.663404215794406227e+00
-8.488427364736345071e-02
4.258258518886248178e-01
2.224223300247901436e-01
-6.029517662359610286e-01
5.103391801909742398e-01
-1.043909832268844484e+00
-5.672400571384015322e-01
-1.180556236807134285e-01
-4.894564342111960564e-01
9.683454877269512262e-02
1.065683146059627662e+00
1.830988613626265415e+00
3.348285661433157978e-01
1.016777592913234329e+00
-1.045887136883363322e+00
-1.078188995982196197e+00
-5.881754799618075236e-01
2.553534001140771448e-01
-1.345579973884988734e+00
-3.464866885617915448e-01
-6.298102954490387706e-01
-1.228530628756227816e-01
-8.745584538652996232e-01
-5.012034762051672532e-01
-7.485467378936001559e-01
-1.000000000000000000e+00
-4.755495233733420535e-01
-1.524878477903439944e-01
8.980574202272166850e-01
-1.043118249912878381e+00
-7.558020301124704909e-01
3.376933337031266524e-01
-3.085747887037088688e+00
8.239192428947554880e-01
9.034116042774062993e-01
3.979908712218572786e-01
5.543341405343770179e-01
-3.850420840625944363e-01
4.541686623671654759e-03
1.712086912642845626e-01
5.753198239837028494e-01
-2.082736421286606188e-01
9.372447803228839414e-01
-6.141484275363165990e-01
3.337724884725502307e-03
-4.217475431068466452e-01
6.335107723588782047e-01
2.096023328573724254e-01
-3.191645803496389600e-01
1.233310012052144522e+00
-1.109522333526075100e+00
2.924328139482453848e-01
3.379325963187744253e-01
-6.088222500747234589e-01
5.006805862127571283e-01
-1.406427410661341915e+00
1.093855337419688024e-02
-1.000000000000000000e+00
5.731347319285868824e-01
-1.468801203057435445e-01
2.699393260138460704e-01
-7.701675853739198274e-01
-2.026810076090878876e-01
-1.986951097929860743e-01
-8.152353180871158012e-01
7.147530010543029499e-01
-6.148159630712597412e-01
-9.408592746749511182e-01
-2.166185739567804136e-01
1.153566574041534842e+00
1.434723040370011082e+00
-3.860327982105114797e-02
-1.113086900332995288e+00
2.877412857597781426e-01
4.032720655612742067e-01
1.000000000000000000e+00
3.194418232492611809e-01
-1.000000000000000000e+00
-6.370484963933724654e-01
-1.000000000000000000e+00
-1.493594655040280661e-01
2.408344592857403488e-01
1.616877024744738656e-01
-7.215299970049042777e-01
-9.401647237961761050e-01
-6.090210399536297725e-01
5.617224301715596502e-01
-1.198473949464647914e+00
-3.893389126026701730e-01
-5.724109813098061661e-01
1.430105695156186352e+00
-1.487916009604848266e+00
-2.641975771524249783e-01
2.777242907185605847e-01
-9.779727857369180377e-01
-2.212305898891815670e-01
5.554253025990810722e-01
-7.888261296374871057e-01
-4.128962213695947514e-01
5.289196638417209551e-01
6.425922183813049804e-01
8.574001714341515923e-01
-7.908524720217178228e-01
-6.371149413278647256e-01
1.258998193323575265e-01
2.717859788897439288e-01
-3.073425661097082817e-01
-3.837670138969781486e-02
3.160246505980836007e-01
1.339697682279531898e+00
8.843444419943038426e-01
1.000000000000000000e+00
-9.863978669350953465e-01
1.063356435619096096e+00
-4.612049632252334108e-01
-3.813204201446036556e-01
5.276389103477889808e-01
-1.712674951310561466e+00
-5.776375611783050035e-01
-1.620604158683729701e-01
-5.579068141657089752e-01
2.010649475479025783e-01
-7.518985970784322070e-01
2.313913973409830460e-01
-9.272671936275175275e-01
6.045534334575544122e-01
-1.423457344156192073e-01
-1.000000000000000000e+00
7.927860626084003437e-01
1.098031620554608123e+00
1.172076800907968829e-03
9.048667867973987367e-01
-4.460880274332871404e-02
2.369829420199731085e-01
1.259704709598422068e-01
4.888822982057811073e-01
-6.100503463519044711e-01
6.549846967245039897e-01
-1.000000000000000000e+00
1.274012971652850990e+00
-1.232503771584414043e+00
-7.079216566277483080e-01
3.672176192567850328e-01
-4.637776402032395273e-01
-3.370365661880162511e-01
-4.924413840262213404e-01
6.271081164441748568e-01
1.381494806376756701e+00
1.994739910555003715e-01
-7.029790503014532455e-01
6.617921200897575185e-02
-9.883342365485913161e-01
1.303909085574317617e+00
2.378883399381772901e-01
1.019446192730657091e-01
2.229116564652819377e-01
-6.768632861024310721e-01
-3.941675258141147942e-01
9.332609272150804713e-01
-6.885242907545501279e-01
-1.826876002250857445e+00
-3.529257166730940393e-02
-5.654785139670334138e-01
-7.635679794827280320e-01
4.918708282983632052e-01
-7.065983179807101555e-01
6.811108564524624709e-02
3.109450856906686989e-02
-2.368480605905422254e-01
-7.840770783198236504e-01
-8.737935172320884236e-01
-9.402950932321728628e-01
1.370082754949915271e+00
2.694294886477534567e-01
2.065351834576974355e+00
2.544804848072207415e-01
4.620185554795969152e-01
-1.108819828389726869e-01
2.046644588280630353e-02
-3.458158903620908164e-01
-1.338872589846765049e+00
-1.772836056960078177e-01
-8.417695684469764794e-01
-7.143518259376278878e-02
2.593976099624744625e-01
-4.362493860243393251e-01
-1.000000000000000000e+00
8.154898509718297994e-01
2.185991720417059317e-02
-1.994122861408596514e-01
4.463058343905462744e-01
-7.198585752766405443e-01
4.681383936673951252e-01
-1.567803159505152255e-01
-5.783595884768788498e-02
1.279123928835013801e+00
2.033684213016456743e-02
1.540634212150239435e+00
2.712115808536506023e+00
1.985665965072195283e-01
