-3.861392711962211011e-01
5.366016142326457405e-01
-2.839692811111418913e-01
6.169816774587174590e-01
7.873858773288663349e-01
2.848798285176257772e-01
-9.988541790209692905e-02
-6.155761007540297980e-01
4.168621511871714591e-01
2.540602368676457279e-01
-2.834567678169688798e-01
6.640710264709964727e-01
-4.462794221739686540e-01
-1.127907619713216514e-01
2.475279786908235122e-02
3.629357602376087621e-01
2.318740174513625740e-01
-1.000000000000000000e+00
2.896696336294792840e-01
9.381267668956215777e-01
7.859359411769335432e-03
7.840439375893248908e-01
-2.598748830967773094e-01
-4.195080740409053155e-02
-5.238747138441293139e-01
1.929111755085103075e-01
4.982583054208720719e-01
6.130925769192533403e-01
-9.175065165306643955e-01
-5.860338910429809811e-01
4.326834864853495444e-01
5.348825473293662425e-01
-9.625190538243993954e-01
-9.633723589744584981e-01
-8.669890722238656755e-01
8.283271803663831978e-01
6.640290097390014745e-01
-3.675789431657577322e-01
8.992240454403545025e-01
-2.830479094921957428e-02
2.626565914906331956e-01
1.000000000000000000e+00
9.280494522861083562e-01
-1.313338011714265119e-01
-1.953497751329429932e-01
-6.646541893218985697e-01
-3.493369584650286019e-01
5.159256714602915989e-02
-8.522042600652294242e-01
-1.000000000000000000e+00
-1.288952803450262863e-01
4.195812603674460295e-01
4.980840180218815139e-01
-2.355276370883686021e-01
-5.073976691909746206e-01
2.613042156596610543e-01
9.837630005707581615e-01
9.987883180973784469e-01
2.132675631905021074e-01
-8.985346037499185590e-01
-9.759214583626709683e-01
9.667465372784384003e-01
-9.095367419408630916e-01
-8.729874139436327729e-01
-1.630307842544099772e-01
3.215481486727679306e-01
3.450710055354008210e-01
6.268875222192100694e-01
-1.966993741765679926e-01
9.746724050744121071e-01
5.736436343567274943e-02
1.069944407852141677e-01
-6.896764248253832719e-01
-2.199917250321183904e-01
3.763315503266546208e-02
-1.000000000000000000e+00
-1.537600583966270418e-01
-2.493571176830693126e-01
1.211800987307673078e-01
-3.557646572804457619e-01
-6.982406046141850786e-02
-1.000000000000000000e+00
4.225520226347780905e-01
3.135782498283669062e-01
2.967407052065573203e-01
-2.243598531092760862e-01
3.318091877893462049e-01
2.756449837569386330e-01
-8.004350915325466609e-01
1.952564769310092818e-01
-7.324542587514593084e-02
-3.191248890691886775e-01
6.402328696138024355e-01
-9.163615140420073857e-01
5.261108395093874179e-01
-6.135126973691557017e-01
-5.067201288621800970e-01
5.494358700845818344e-01
-1.541870179231230598e-01
-1.000000000000000000e+00
-7.357609786539780483e-01
5.789245753939198380e-01
6.940926871766089912e-01
-3.355624328360257702e-01
-1.488867095224480352e-01
-8.805637665724956875e-01
4.029875904841420109e-01
6.482481753520272783e-01
-1.000000000000000000e+00
6.016072185164581532e-01
-4.284790749402770382e-01
-2.394967605517893394e-01
3.889561001267028417e-01
5.229016420436974899e-01
1.000000000000000000e+00
-6.493497871131397314e-01
-7.856942090935215006e-01
-8.649745196375822065e-01
7.749212117808911282e-01
1.937688418503781262e-01
5.518012479117235802e-01
-9.980925351569251702e-02
-5.694136546360178963e-01
-2.471978105682389737e-01
3.873914147618831016e-01
9.285370966310761975e-01
6.876330834001845305e-02
-7.899447159005328345e-01
6.013057882894802253e-01
-2.375254261666107092e-01
8.930454245226674415e-01
-5.679030093489643299e-02
6.686172877831509931e-01
6.237224756746371224e-01
4.616608630308021155e-01
1.000000000000000000e+00
-1.000000000000000000e+00
6.749554348614143773e-02
-4.044483443590456417e-01
3.070591036261189899e-01
2.176881412948404315e-01
-9.842345074953787742e-01
-7.404520150606581641e-01
-9.206699053983048442e-01
1.000000000000000000e+00
5.868312586833269728e-01
3.897257829031034460e-01
-2.473065083460124214e-02
1.090415102170826447e-02
8.405751775278477722e-02
-4.390048407288660859e-01
4.742570527133427305e-01
-9.565532009889695653e-01
-6.514638305384404804e-01
1.000000000000000000e+00
-7.633960557198649077e-01
-8.272028718552100479e-02
1.330699959415760358e-01
-7.151239432124947282e-01
-4.028147274559576996e-01
5.071890743184145345e-01
4.949099867617550164e-01
-9.218587902431119030e-02
6.741280069482147308e-01
1.000000000000000000e+00
3.125922129910659319e-01
-6.049803247119509564e-01
-6.393115419374030273e-01
2.730743273169920493e-01
-5.125506563234143442e-01
-3.785541185932542185e-01
9.361862330810859500e-01
-5.751601943827128194e-01
-4.906605175401848040e-01
-8.302115490737062287e-02
5.609809571509655202e-01
8.128428905399097681e-01
6.345277200010599472e-01
9.536151875276689394e-01
-8.678177499984182086e-01
2.378038618777053304e-01
5.647395665667724884e-01
3.907550486230173536e-01
-3.560694398292595375e-01
5.894074370686314124e-01
-7.059011817970237690e-01
-7.442936248875934302e-01
-2.916287930416704421e-01
2.061661229544051524e-02
-4.354617036011741993e-01
2.857310519318519981e-01
3.591252242061025723e-02
1.923960595795177336e-02
-1.240962324783511095e-01
1.000000000000000000e+00
8.802923078001280155e-01
-6.891572716218217209e-01
-9.010940743306840028e-01
5.567845745571320393e-01
-6.059928300680955671e-02
-1.896711956325020654e-01
-6.759974998571678384e-01
-6.906380414953270375e-01
-4.886589272388449645e-01
-5.644886341573364108e-01
-7.738331240412639200e-01
2.018077444502176798e-01
-2.726716711598104470e-01
5.956748717490956135e-01
-7.439728266549912039e-01
-5.747490035193326685e-01
-1.000000000000000000e+00
6.999831824542643854e-01
8.829334213584062452e-01
-2.006963251985332541e-01
-2.005659976052917848e-01
2.701465996210795084e-01
9.030907031472602542e-01
7.710503282511013134e-01
-7.461390679877135668e-01
3.491579691088694815e-01
-1.199271162128254936e-02
4.490665373461391052e-01
-3.562787255183936796e-01
3.910694781867729564e-01
-4.794030138598587981e-02
-5.291572530289613274e-01
-4.136360694795022941e-02
-2.202749521969116914e-02
-9.955088608247921744e-01
-3.043086882214433020e-01
-1.677119615235100614e-01
-7.248568485368678260e-02
2.095071568527174244e-01
-3.521732922609625005e-01
-1.000000000000000000e+00
7.785985132787061336e-02
-8.441845926102584108e-02
4.738770050994040584e-01
2.896208898235185236e-01
-9.087580354657747161e-01
8.599528021906502340e-02
3.399779995962568524e-01
-6.709256069595065375e-01
-3.240293208974372521e-03
-8.469424022252709516e-01
1.000000000000000000e+00
-2.390768285268541626e-01
3.049429077712118574e-01
-3.130773767468675306e-01
1.413132797999255841e-02
-9.254597427010932131e-01
-3.295682929445374332e-01
-2.034146223547727006e-01
-3.830139579832905761e-01
-7.149648600088567840e-02
7.013390363802950445e-01
8.392718479109306795e-01
-5.245970040307779136e-01
5.472955203332932061e-01
-1.000000000000000000e+00
7.231388422080837763e-01
-1.351685571090070204e-01
-1.370921570522793398e-01
-1.086442993735043522e-01
