-4.954604929871592733e-01
1.000000000000000000e+00
1.000000000000000000e+00
-2.720450871259038617e-01
9.752214482050748368e-01
-5.880076180813903486e-01
1.110299165364982965e-01
1.357399351436588686e-01
-1.000000000000000000e+00
-1.000000000000000000e+00
-2.432904204823768124e-01
-5.617703322015400458e-01
-7.047154934278403449e-01
-1.000000000000000000e+00
-1.000000000000000000e+00
5.622095908292886746e-01
-5.810839361939423853e-01
4.116836821442992900e-01
4.141004663901550753e-01
1.000000000000000000e+00
5.060529421187061061e-01
9.999573188650342503e-01
-2.828569915071094676e-01
-1.000000000000000000e+00
-7.811298369551446241e-02
-1.661381094574054529e-01
-1.000000000000000000e+00
-2.866385611629272412e-01
5.343494288963011041e-01
-6.010738295170100498e-01
3.677546613477517545e-01
9.789573803904707550e-01
-1.000000000000000000e+00
-1.000000000000000000e+00
-5.403372414434778337e-01
1.000000000000000000e+00
5.594517665727001265e-01
1.962357066160262953e-01
1.000000000000000000e+00
-1.968571579801463023e-01
-1.000000000000000000e+00
2.333314232711178882e-01
8.629793599402396653e-01
-2.752098850839082012e-01
1.000000000000000000e+00
-6.538456751009537327e-02
-6.862852720604137868e-01
3.864600261333121511e-01
-1.000000000000000000e+00
-5.524783873636809339e-01
4.102056111052559406e-01
-7.077175171766098005e-01
-1.000000000000000000e+00
-4.961128877774800827e-02
-1.000000000000000000e+00
9.366346960279672285e-01
-8.880861286262561327e-01
-1.000000000000000000e+00
-6.409629969757710821e-01
1.000000000000000000e+00
-1.000000000000000000e+00
-6.238261150746500228e-01
1.929871730600689894e-01
7.625474616655254501e-01
5.828866158977362710e-01
3.533316257962987317e-01
1.000000000000000000e+00
-2.899270624869348389e-01
8.738309520582319134e-01
8.733464721412651510e-01
3.382757291987072978e-01
7.038082209677176682e-01
4.009022051116922225e-01
-7.684788126470551983e-01
5.252635218511865212e-01
1.549795342094938411e-01
-2.050560473901406888e-01
1.000000000000000000e+00
-1.000000000000000000e+00
9.957042264877772331e-01
6.481759673219207318e-01
9.528781432781982530e-02
-8.949435964199944360e-01
-6.904006417967913922e-01
2.773549417780102333e-01
-1.354300552607290431e-02
-1.000000000000000000e+00
8.456180993982514993e-01
-1.000000000000000000e+00
1.278141507070195693e-01
-3.854507969777111742e-01
-1.000000000000000000e+00
4.665923095487609640e-01
3.637729205162054669e-02
-1.000000000000000000e+00
1.000000000000000000e+00
-1.000000000000000000e+00
3.733677658436284075e-01
1.000000000000000000e+00
-7.824360606486506775e-01
9.790326648257408060e-02
4.759660916875825820e-01
-4.189032750252185688e-01
4.842917399907410436e-01
1.000000000000000000e+00
-1.000000000000000000e+00
-1.000000000000000000e+00
-1.000000000000000000e+00
1.000000000000000000e+00
4.182656994550830731e-01
9.874324496039886823e-01
-5.160981417705973184e-01
-1.000000000000000000e+00
5.514926590473562262e-01
-1.000000000000000000e+00
2.911132231838586826e-01
5.858038057202898941e-01
-2.665851888232917966e-01
1.483190279733665184e-01
9.108333964977741726e-01
1.000000000000000000e+00
-9.556704931013060289e-01
9.926514144844639231e-02
1.000000000000000000e+00
-1.000000000000000000e+00
-1.000000000000000000e+00
-8.726544786130316922e-01
1.000000000000000000e+00
9.479463223933032312e-01
-3.488897337502394058e-01
-1.000000000000000000e+00
7.382502139349957915e-01
-9.929981086481378671e-01
1.000000000000000000e+00
9.837531486759013566e-01
1.000000000000000000e+00
-3.911379121610041310e-01
7.352643040283585174e-02
5.831075407790297094e-01
3.267247010313991118e-01
-1.000000000000000000e+00
1.000000000000000000e+00
-1.000000000000000000e+00
-1.000000000000000000e+00
-1.000000000000000000e+00
-6.335851233797266113e-01
5.441338829372910357e-01
1.000000000000000000e+00
-5.668065432456788066e-01
1.000000000000000000e+00
8.577925033744272509e-01
8.924283900845542128e-01
1.000000000000000000e+00
1.000000000000000000e+00
1.000000000000000000e+00
-1.000000000000000000e+00
-5.380421904825212209e-01
7.438178248221795075e-01
-6.053816900156768765e-01
1.000000000000000000e+00
-1.000000000000000000e+00
3.266649263792738567e-01
5.395407599570583024e-01
1.000000000000000000e+00
4.619565458778568945e-01
1.000000000000000000e+00
1.000000000000000000e+00
1.000000000000000000e+00
2.043204736655396259e-01
-2.112234663187188000e-01
-1.000000000000000000e+00
1.909732792144127056e-01
-1.641677973400969826e-01
-1.669980837946936636e-01
1.426082538969630220e-01
7.339111246020011414e-01
1.000000000000000000e+00
1.000000000000000000e+00
-2.595727740389157656e-01
-6.665519362875325093e-01
-1.915800121472149842e-01
-9.995745946037187801e-02
1.000000000000000000e+00
-9.824054729218399951e-01
1.000000000000000000e+00
-1.000000000000000000e+00
3.465925436110564584e-01
2.712210827092412790e-01
-1.000000000000000000e+00
-1.000000000000000000e+00
-1.951519866767298106e-01
1.000000000000000000e+00
1.000000000000000000e+00
4.930059096723116152e-01
1.045544660923276442e-01
-2.675462261522794094e-01
2.524088277647678624e-01
6.006274167682547072e-01
-1.000000000000000000e+00
6.413832029762281950e-01
9.330143843876260723e-01
7.288805818237713563e-01
-1.297944901770294868e-01
4.718247612488254972e-01
2.773254225017424135e-02
4.772625068307648766e-01
-6.636062091902528159e-01
-1.000000000000000000e+00
-9.398412283506156761e-01
9.475910366216813152e-01
-6.660750556139275469e-01
-9.508048900417900295e-01
1.000000000000000000e+00
-1.000000000000000000e+00
1.000000000000000000e+00
-3.099305664423986362e-01
-9.242640031603851503e-01
-4.508413087666419683e-01
1.000000000000000000e+00
1.000000000000000000e+00
-9.183706381996716850e-01
1.000000000000000000e+00
1.000000000000000000e+00
1.000000000000000000e+00
1.000000000000000000e+00
-2.995555437396177911e-01
-1.000000000000000000e+00
2.652095052078095039e-01
5.517846657076442840e-01
-1.000000000000000000e+00
1.000000000000000000e+00
-1.336920582146750858e-01
-5.740056221785040380e-01
5.395281788574841642e-01
6.428469289243429197e-01
-1.000000000000000000e+00
-1.000000000000000000e+00
1.000000000000000000e+00
1.000000000000000000e+00
-6.076979089035372539e-01
-1.000000000000000000e+00
1.000000000000000000e+00
1.000000000000000000e+00
1.000000000000000000e+00
4.745477698681293544e-01
7.687372727809995698e-01
7.768982446489611782e-01
-2.591435723677328329e-01
5.835969525690390958e-01
1.000000000000000000e+00
-1.000000000000000000e+00
1.000000000000000000e+00
-3.698701303449198896e-01
1.000000000000000000e+00
1.000000000000000000e+00
-3.998583926942420597e-01
-2.006975770366055956e-01
-5.014584235934984591e-01
1.000000000000000000e+00
-1.000000000000000000e+00
-5.280910198125228217e-01
-2.057088426764769606e-01
9.949839259067199126e-01
1.000000000000000000e+00
-8.181798371781143775e-01
