-9.187029333232846762e-01
-7.251390424103921761e-01
-8.198405212835748745e-01
2.144497193002598279e-01
4.502317028782500952e-01
-4.859749597321398884e-01
4.449183329244141283e-02
6.114519041382092679e-01
1.000000000000000000e+00
-4.450249442189067040e-01
-5.621755413852619343e-01
7.424293468982771094e-01
-5.454849004651300959e-01
6.143397273300080785e-01
-1.681701417782091867e-01
8.295571720714911557e-01
-4.493772451645459132e-01
-7.396687908868590511e-02
4.164572492123809755e-01
4.917238808627139024e-01
9.434265882498527045e-01
-9.951575208991583210e-01
-7.800006371446978060e-01
-7.053039042781429346e-01
-1.113803433635353890e-01
-7.926719247969877813e-01
1.945108955191502675e-01
-7.438410162497611777e-01
-5.470362038029303875e-01
5.635298724356838651e-01
8.237193936718034681e-01
1.751336769261351844e-01
5.823227924458963534e-01
-1.000000000000000000e+00
4.006609484516669983e-01
-6.192317156899681541e-01
-5.947909739052978928e-01
1.000000000000000000e+00
-1.564016281784501861e-01
8.345512799192833508e-01
9.441451163371455957e-01
1.000000000000000000e+00
5.540325024294538991e-01
5.910171926454917957e-01
-7.674790468086351014e-01
7.219478582953180457e-01
-4.174608035761129265e-01
1.000000000000000000e+00
-7.525690566017350092e-01
-5.317001776690963855e-01
-1.657639145411913262e-01
1.091257022834333235e-01
-4.136644942478783782e-01
5.188210669784060203e-01
-6.936148680087150797e-01
9.765247277110911117e-01
-7.986959997279350354e-01
8.076244479221629247e-01
-4.339512084155392468e-01
6.766262531085217580e-01
4.465239773735180662e-01
9.977630158240916591e-01
-8.779171445869728974e-01
-2.837112620487044490e-01
5.251541607802259204e-01
-5.797873259959832604e-01
-4.592433207941415962e-01
-9.501502524297487096e-01
-9.966588230908295376e-01
4.334330554739457275e-01
-7.591835294663922262e-01
-1.000000000000000000e+00
-5.151523473818442334e-01
8.653722699688796149e-01
8.966107823373387076e-01
-5.273457815292441619e-01
2.394862334628411193e-01
8.297699179868510688e-01
3.695352620280871747e-01
-7.920257987727155058e-01
9.149869164890878093e-01
1.721656312129729027e-01
2.615429157637925717e-01
-7.261587358861447683e-01
-1.000000000000000000e+00
-7.227222798678911708e-01
1.000000000000000000e+00
-3.617257215445125462e-01
-8.215071196857767211e-01
-8.279556805183092560e-01
7.805881502261394767e-01
7.883621575226731348e-01
3.638092575820668917e-01
6.131159215721865285e-01
8.901287183643781242e-01
1.000000000000000000e+00
1.527336379034650027e-01
4.278368246264537822e-01
-6.513172926614871905e-01
-5.814650494321351726e-01
-6.151126859783632161e-01
-1.374787745714003695e-01
-5.232339157318280920e-01
-2.765796534228200931e-01
1.793597362634303388e-02
5.908682957367629163e-01
8.787863058291510709e-01
-8.006598285847805752e-01
4.036497757914437878e-01
-8.100856363064720678e-02
7.004627089171321375e-01
1.886209991632565863e-01
-1.000000000000000000e+00
7.159044262413587489e-01
4.534525782031270102e-01
-5.117345617898836352e-01
-1.066933606336483015e-01
-3.886383168839770974e-01
5.434871267488290414e-01
9.298756632411649958e-01
7.923574482698803045e-01
-5.567259782938078772e-01
8.952041077548877901e-01
-9.383560861647928242e-01
9.429108307500025932e-01
-5.264364936244925186e-01
-5.033288530121170501e-01
3.276099186389578866e-01
9.442141823313564553e-01
6.173580465927449579e-01
-9.077077734014398214e-01
3.889643544260930064e-01
-4.794148621739120486e-01
-6.474060497760084631e-01
-8.955179066329309601e-01
5.089333756213110238e-01
1.000000000000000000e+00
-7.743756226570236434e-01
1.530471402911889878e-03
-1.778626908154294639e-02
4.153875357560503079e-01
8.447725088033090080e-01
-6.781011215825292204e-01
4.635962025474061887e-01
7.980757943618796979e-01
-3.671188815274599171e-01
2.756522979266592399e-01
-3.690424245696155570e-05
1.586413725793602014e-01
-6.990694147194319585e-01
6.993585364836298890e-01
-7.955562675565515107e-01
9.330663676235766424e-01
9.498159271160954154e-01
-7.761038036184212396e-01
-2.055850008714522892e-01
-1.500896064035094624e-01
9.891971774100173365e-01
-7.517289861179451971e-02
-7.443445625835103385e-01
7.801786875531495635e-01
1.363245571512600174e-01
-8.017320948891080157e-01
-7.827632094381451466e-01
7.881066618786658484e-01
-1.000000000000000000e+00
-1.298524909631247615e-01
-9.316152350243036562e-01
8.889615526046618088e-02
-2.784424797495124726e-01
9.917350102571163006e-01
-9.363621047598235103e-01
-9.641906571689986549e-01
4.214197077602830910e-01
-8.644834997093451268e-01
5.540555177671906417e-01
5.806561413775305214e-01
-6.761103365078517946e-01
7.084253774970574735e-01
-2.709809705877103125e-01
8.912516203261462433e-01
-7.481745501216020555e-01
3.816497051781322924e-01
1.000000000000000000e+00
6.028850875456057690e-01
-1.000000000000000000e+00
-2.732003217817897678e-01
-8.975009924901280467e-01
-8.231430642451371682e-01
-8.035495622767784285e-01
8.414499365011082199e-01
-1.000000000000000000e+00
-5.695549025639456975e-01
-2.514043542278368570e-02
7.563026530516846480e-01
-4.724607027099941292e-01
1.378788179547779658e-01
-8.932189733639726015e-01
6.046083796488239681e-01
-4.474815538462565412e-01
-8.241064985204966664e-01
7.599733772203035587e-01
-2.922526629135874243e-01
4.219349822590741095e-01
6.911300933353056175e-01
-5.996955974811374324e-01
4.565764782176995329e-01
3.731076156340578653e-01
-7.122202135871256168e-01
7.137002383382529125e-01
-6.324618961088720459e-01
7.480760109764416077e-01
7.585243707714299788e-01
8.883427792280491619e-01
-6.371478797596429322e-01
-1.000000000000000000e+00
-7.510174693372985155e-01
3.427364794974602780e-01
2.561097787029217865e-01
3.286923593256009246e-01
7.726428234199593792e-01
7.956444439458131290e-01
2.462833658866178665e-01
7.065194184849588055e-01
1.008143769363661485e-01
-9.798907574062419856e-01
7.703908748782611893e-02
6.817751357661355760e-01
-5.463550667438392683e-01
-2.154922711225537579e-01
4.152523991569372352e-01
3.782939641522789498e-01
8.525675553158249542e-01
1.000000000000000000e+00
9.864652950599056558e-01
-9.428628451105713904e-01
-6.883319208238694031e-01
8.586837801004654214e-02
7.846579156357245122e-01
9.178671915689110561e-01
7.056055975097443866e-01
6.381869945386683396e-01
9.985509561879465368e-01
7.885470936019192134e-01
8.080562609310597555e-01
-8.229490128512210179e-01
-8.683175065145800620e-01
-1.000000000000000000e+00
-9.724322759853301079e-01
-2.139461903017176592e-01
8.269256146075406599e-01
2.448302403010152728e-01
1.704587107759940323e-01
9.234100079344135237e-01
7.107391394328689271e-01
8.874903300635653691e-01
8.479473576100555743e-01
-5.483613938267628551e-01
-3.752850288671417678e-01
-9.603494856320488049e-01
-2.847254872525331049e-01
1.000000000000000000e+00
-5.798991489142744093e-01
8.419732750566182311e-01
-1.000000000000000000e+00
