-9.526371351213774874e-01
-6.100936332342404844e-01
-6.488049943872639114e-01
-5.565910149712370580e-02
8.104308992583653115e-01
-1.265657767720639870e-01
2.139722157289009608e-01
5.553009724233552991e-01
9.252881600408031926e-02
9.016570033506719761e-02
-7.791632376865796905e-01
-4.565596061976551212e-02
3.898714153421349582e-02
1.725513919358256376e-01
9.614430425412261449e-01
-5.774034717756558743e-01
1.705073533933604835e-01
-1.879222002251359769e-01
-9.472021852515113416e-01
1.194997114677598810e-01
9.432632389554875818e-01
-4.382279276611601437e-01
2.078244412707384581e-01
-1.000000000000000000e+00
2.869208820915896685e-01
-5.527721954670019588e-01
5.006325845753863968e-01
-6.896690987673492756e-01
-1.000000000000000000e+00
-4.364952250590292127e-01
-2.594698252753695478e-01
-2.526322322071285209e-02
2.861479417369712161e-02
-2.607985427772431253e-01
-3.273203792442779259e-01
-2.410715386369660374e-01
1.000000000000000000e+00
4.690620329552552814e-01
-1.575948712816112596e-01
2.054517936641230003e-01
5.031322388721565231e-01
4.986931538772759742e-02
-3.413422816566495377e-01
5.661320751004893514e-01
-4.729488050703223312e-01
9.396204666905547120e-02
1.000000000000000000e+00
-1.000000000000000000e+00
-4.226177439038333317e-01
1.934307175321653416e-01
9.447306571151566912e-01
3.150492478739747582e-01
5.331429433099483806e-01
-2.125752224888024233e-01
9.495809992897930041e-01
8.178353011951259299e-01
6.881401731651001219e-01
8.459437687698333486e-01
-7.158797766033752064e-01
-2.653709860893576078e-01
-2.125111273644879062e-01
1.111962684823988023e-01
1.247281382757330914e-01
1.000000000000000000e+00
4.118539939503302882e-01
-5.737254969991337911e-02
-1.646492044414791522e-01
3.234486253860270888e-01
2.953139196847502645e-02
1.000000000000000000e+00
-4.000400229367941096e-02
-4.973646470257997998e-01
-4.546908542066509518e-01
1.000000000000000000e+00
4.829533899344524150e-01
-3.756640818939312454e-01
-3.619570483080338796e-01
-5.690604965216353728e-01
-3.033067668092884889e-02
1.493805412898554785e-01
-6.163027124002466994e-01
2.935699992593374108e-01
-2.628756674478739397e-01
9.463524548087060007e-01
-8.333105624527568089e-01
2.423999708752450077e-01
-4.306695631912181854e-01
4.230071358689151476e-03
2.055309879948510887e-01
-1.875730479659398486e-01
-5.876197802653754243e-01
-1.570530817318518124e-01
-3.697364303731601187e-01
4.943531520691968328e-01
-6.883411535470366216e-01
2.578474882840549043e-01
-2.569701911516396597e-01
3.252157612475379406e-02
-4.060399237741197931e-01
2.591045552787379358e-01
-4.821681450773190325e-01
-1.537293312231696914e-02
7.214364233781537239e-01
-1.916832610055366204e-01
1.007488946008648356e-01
-1.004611073994137321e-01
-8.301436837176383587e-01
-7.713741926447639230e-01
-6.559627037054985843e-01
-3.535470395497035921e-03
2.542550102274930279e-01
8.801970785079085702e-02
-2.818903823677189058e-01
-4.659602538173562847e-02
6.708642328182357062e-01
2.173492982812152419e-01
-6.690254297302562492e-01
7.645838303045163764e-01
5.796077820626095445e-01
-5.638083005936109782e-01
3.103914096255682830e-03
5.300143198760395302e-01
3.791810512494066532e-01
-4.942410546629213974e-01
-4.795187176697102704e-01
-1.000000000000000000e+00
4.144163957886006222e-01
2.907381676000587722e-01
-1.641973179406794048e-01
7.299876893361567642e-01
-1.235310747483333998e-01
-4.938731116067202609e-01
1.000000000000000000e+00
4.238924368275054366e-01
-9.837423632210324786e-01
-1.495885176708781072e-01
-6.682125895116656222e-01
-3.920160753460871228e-01
-9.301296235311717897e-02
-4.227340977009977352e-01
-1.000000000000000000e+00
8.975903514518812631e-02
9.448176876787555134e-01
-1.279536722009164407e-01
9.421910354301080703e-01
6.917683363614317293e-02
-7.241223118009965098e-01
1.000000000000000000e+00
-1.619309639096700448e-01
-1.000000000000000000e+00
7.996692973667515747e-02
4.050039142017893001e-02
1.979214473067005542e-01
-9.260664485123238920e-01
-9.353447626122322056e-01
-8.509249545244141899e-01
-3.660111528230223232e-01
-6.184467890093792164e-01
-9.303199311968063379e-01
4.742283630118545590e-01
-9.709519174869249980e-01
-3.478327431949767012e-01
3.425724238808524058e-01
-9.069148984035426686e-01
-7.150602557899704559e-01
5.124134773528562503e-01
7.149511223690372397e-01
1.286126038479487588e-01
-1.000000000000000000e+00
-5.250204983215266824e-02
-3.515131863798648948e-01
5.370783672960586230e-01
-3.136568367893432518e-01
-4.211424699556632345e-01
-2.457721415227450690e-01
5.629774938004527413e-02
-1.914737708248763215e-01
3.785322901606125168e-01
-6.241877574720496730e-02
4.643583250469115464e-01
-2.516849694565347351e-01
5.448271046554220565e-01
-5.435286438680617671e-01
-5.215067953260579814e-02
4.880548855637091288e-01
-1.800244366963478226e-01
2.794679964680605866e-01
4.148330027997486624e-01
-7.284941555976031102e-01
-7.808847839386477696e-02
5.599223990323983630e-02
3.567980677259215416e-01
-1.331932026385806989e-01
1.000000000000000000e+00
-8.361746079218199679e-01
-3.724308921291811791e-01
8.584107334107755893e-02
5.417495391868938359e-01
2.719728602877937718e-01
6.170804359767029235e-01
3.561834554600204483e-01
8.663449747943966495e-01
1.536766326764453516e-01
-6.702760980476320241e-02
1.961050187165708225e-01
-2.612702168857691798e-01
3.029309704726093067e-01
4.300635265594612844e-01
4.567079014565376682e-01
2.755145541542453613e-01
-4.794265280396891593e-01
1.869826518608947719e-01
6.151098665672517507e-01
6.860472850341111650e-01
6.166086315722203448e-01
1.499950020950262530e-01
-1.000000000000000000e+00
1.292657978911924445e-02
-5.886561445766346212e-01
-5.536696921254666837e-01
4.998705942099535560e-01
1.000000000000000000e+00
4.811965296834176953e-01
8.860545814560999434e-01
-1.659273356665736388e-01
5.242715975226722724e-01
1.940135397930866368e-01
2.478544170492529286e-01
2.632053220949448491e-01
7.804481688233905201e-01
1.726208432188358344e-01
-5.684660271618608984e-01
3.082436354591246985e-01
1.000000000000000000e+00
2.287743653749045036e-01
5.601714862493505365e-01
-3.847975042285184388e-01
-1.093358648425634128e-01
5.605723035277759836e-02
4.524836352471758860e-01
1.903682609955919050e-02
7.120597770374814672e-02
1.000000000000000000e+00
-2.132329150555849484e-01
-9.982052301029692432e-01
-6.638875115481579492e-01
-3.725726916066405825e-01
-3.118352084277274949e-01
-2.684464409848594246e-01
6.450367506355342284e-01
-2.225696599464763725e-01
-5.774901059868364772e-01
4.665669255879300592e-01
-6.311378185024255627e-01
-5.251413492504833913e-01
1.017987661546263800e-01
-1.188478581247177090e-01
-3.467489923723662132e-02
5.509165795659174414e-01
-4.436260632762268896e-01
-3.696312707804064266e-03
2.925919414673990859e-01
9.821674723450832811e-01
7.768055024744636716e-01
-9.342999603712814904e-01
