-4.437825666531391433e-01
-6.404906550765341322e-01
-2.907836757360228730e-01
6.518666983821516103e-01
-8.521984030781574182e-01
-3.870190006784419712e-01
-8.398590996364683203e-01
-1.269888477934432991e-01
-1.067857894595450469e-01
1.000000000000000000e+00
-7.682522410506374966e-01
9.767537183433697701e-01
4.052638564603042726e-01
3.493620627948604840e-01
-6.022484265823091487e-01
-9.675035097575847010e-01
7.196492291633904692e-01
-6.564639274312222827e-02
3.315422743434458530e-01
-9.984631815544671163e-01
-3.465294876357341014e-01
4.117530748648466910e-01
8.348410333433600172e-01
-9.121740982003458953e-01
9.266379086049166824e-01
-6.782641892578609166e-01
-5.710518190868961730e-01
-5.846116364028633994e-01
-4.358430582803590747e-01
-1.000000000000000000e+00
-1.369573741650944587e-01
-2.058122196166238260e-01
2.017795959916265577e-02
-4.573626110722984195e-01
-2.740291019675390460e-01
-8.356041099147101248e-01
-1.788998776114299194e-01
6.543623881403706211e-01
6.870718653147485089e-01
7.379604518912999955e-01
4.146908260256588763e-01
-4.442737563509283616e-01
9.837280446086440477e-01
1.000000000000000000e+00
2.487007182673881267e-01
1.000000000000000000e+00
-2.835135230296048983e-02
1.791996637140773618e-01
-9.999866684504855607e-01
5.169597896158538708e-01
2.675291062105433215e-01
3.462023177360533110e-01
2.485422527836776141e-01
-4.285062724330842565e-01
-2.906135544934779907e-02
4.627777687323123001e-01
8.736547873566016809e-02
-1.488498353794620033e-01
-1.694161123986277773e-01
-4.906476073334091748e-01
-4.997775697897565705e-01
7.534204650998843622e-01
-9.472632876136939384e-01
-5.947338580750523018e-01
2.485664262115148404e-01
8.066545870994312750e-01
1.000000000000000000e+00
-2.932173180368906062e-01
6.887657529277756430e-01
-3.362442513419046097e-01
3.727344559641128652e-01
1.000000000000000000e+00
6.748073218458600434e-03
-1.000000000000000000e+00
-7.494730313225830276e-01
-4.474602368358637089e-02
5.628399465098015142e-01
9.523692908483774033e-01
-9.682008743057869404e-01
-3.544154199838164820e-01
6.780234753449191354e-01
-1.000000000000000000e+00
8.063754562073986998e-01
-1.389472352326841520e-01
-4.530419713143475913e-01
3.578520300420703348e-01
-2.051569117894263550e-01
1.798324397785666662e-02
-3.287581120004487434e-01
-1.000000000000000000e+00
2.973122430476870526e-01
-5.013301412086774711e-01
1.148105584120363148e-01
2.201239602757943184e-02
2.375662725289586219e-01
1.996864749776134373e-01
-4.727227007179649054e-02
-2.048398821544434589e-01
1.000000000000000000e+00
-9.312877897345825939e-01
9.659088150342057810e-01
8.408991457368523159e-01
8.243307844090044800e-02
-2.324651894598795121e-01
8.709388697349275121e-01
-8.580904647665608120e-01
-1.803633985863341005e-01
-6.208812735661782822e-01
-1.125060541876459763e-01
1.000000000000000000e+00
9.427915569580328503e-01
-1.000000000000000000e+00
-2.233268322666558392e-01
-4.077785574633962379e-02
-2.139337690064646580e-01
-8.915144550827859282e-01
5.678536383646971553e-01
3.518875660693450147e-01
8.780649139561690353e-01
-3.262211173669653519e-01
4.599687895286450751e-02
-7.071762280930086186e-01
3.930531811869494851e-01
-1.366345147759375211e-01
1.000000000000000000e+00
3.728061656416286063e-01
-3.461698023894523857e-01
4.252535481911961512e-01
1.000000000000000000e+00
-1.000000000000000000e+00
-1.935014996143674670e-01
8.357150684867030443e-02
5.838084189206302899e-01
-1.551613490999251832e-01
-8.598570407126000514e-01
-8.687897955748490331e-01
-2.714017492658430952e-01
-8.563605219931950951e-02
-3.154536641954762133e-01
-2.185458634624773133e-01
-2.796172486840187710e-01
1.000000000000000000e+00
4.847164803099547337e-01
1.893446506052810785e-01
2.251677031584916472e-02
5.934401364067820595e-01
1.546087554945226594e-01
-5.632931825829959882e-01
9.636171146913485863e-01
-2.907684635640059856e-01
-8.145761065095070697e-01
2.615451669333265228e-01
-5.377630085449072173e-01
-5.744939825116562870e-01
6.241290871056136558e-01
-1.118679707566642978e-01
9.425300272348315078e-02
4.004701534326751688e-01
-7.418132252921620928e-01
1.681621569681256700e-01
2.079428770735700094e-01
-5.431995340273140238e-01
4.190373621107785218e-01
-4.296114950895552620e-01
3.274954837727116035e-03
3.634893107277977209e-01
2.253256928132169878e-01
-4.189750685710619260e-02
-8.423318266587941361e-01
-4.078085733760548059e-01
-3.750778959949482294e-01
-3.174481784265680839e-01
5.488243250894868641e-01
9.990601107866453612e-01
1.544924645999095347e-01
4.767255534663266681e-01
6.901404220920799304e-01
5.320179142507576175e-01
-3.728731207108699208e-01
1.178701054477720167e-01
8.685519931708822750e-01
-3.868118606576588792e-01
-8.824590670780679824e-01
-6.254892871400171694e-01
-3.842137235305484455e-01
8.555139775026231463e-01
2.291833783921180534e-01
-2.933024879969270970e-01
-1.388353852059677762e-01
-4.915319380111235481e-01
1.000000000000000000e+00
-9.560479596655258039e-01
4.184936309879611627e-01
4.100708958608569321e-01
-2.528765445153734193e-02
8.132423232141752223e-01
8.011208736329682445e-01
5.063586334958616875e-02
5.872625347790447758e-01
-4.734684555684930962e-01
2.295618298206579810e-01
-2.147843190349319475e-01
-1.000000000000000000e+00
6.394855225197469961e-01
-2.129032400159603100e-01
8.704570287616109070e-01
5.125716906677986184e-01
1.547715631306411932e-01
1.752358463100093730e-02
8.301529444854257589e-01
6.844486517800947301e-01
1.457096506824771265e-01
-2.966241706068524220e-01
9.389922842454051510e-01
-1.856807068000011218e-01
-1.066539541899712007e-01
-4.797817992737209991e-01
-1.000000000000000000e+00
-4.677205310829248286e-01
1.722100421550791238e-01
6.561744549351443689e-01
9.071444003452117100e-01
8.686303870164594487e-01
2.595695710053224081e-01
1.692892290589355364e-01
-2.499382157960732820e-01
5.419675742117001649e-01
1.000000000000000000e+00
7.636676924955045909e-01
-2.674239262837855291e-01
-6.699937149091045319e-01
-6.089243635346522909e-01
-3.958016685505327814e-01
4.929539207015344870e-01
-4.090123993540561997e-01
-8.877155574118721360e-01
-3.347396211754074535e-01
-1.190436146148419749e-01
6.316221835230889647e-01
3.194298719490962779e-01
3.974771532921730216e-02
7.623056825426469674e-01
1.591272941501706006e-01
-5.653149267692633151e-01
3.793348442607537285e-02
-3.029781793162031889e-01
8.002225612614324302e-01
-7.600139452671843543e-01
-9.707490529027249515e-01
-1.000000000000000000e+00
-7.831636418271826772e-01
8.338296745493057882e-01
1.713980998537957545e-01
-3.481027015706139593e-02
-3.071371211823791247e-01
9.777736434432303669e-01
-5.107595028669966730e-01
-5.731818434793687356e-01
9.622016689508304799e-01
8.879440652764618580e-01
4.480988707094226697e-01
-1.000000000000000000e+00
-8.321278286198487972e-01
5.127484996197517741e-01
9.792872807109449795e-02
