-6.208243992926733013e-01
-4.504473137617300837e-01
2.799952840384887787e-01
-7.037465023036597600e-01
-2.516847693672888964e-01
-2.490081320787631419e-02
6.680826633748894183e-01
6.797134152599005885e-01
-7.171177216488531236e-01
-7.225549959839727698e-01
-4.674660267628064636e-01
-6.493519661747348959e-01
7.245181622880159100e-02
-1.865742083759802106e-01
1.035700783974991407e-01
-3.354708970640949972e-01
-3.837409120238868265e-01
-3.584731331948133870e-01
1.000000000000000000e+00
4.091474943745910253e-01
1.286600775262264906e-01
7.964187878879520621e-01
-5.164473600002371656e-01
2.278470970829533648e-01
-1.000000000000000000e+00
-4.487203587755928674e-02
-4.825595639721903529e-01
2.211252387154640786e-01
-1.055070947901010636e-01
8.232669418936855443e-01
-2.980014949275593406e-01
-1.837533899612737998e-02
8.743051844713178866e-01
1.000000000000000000e+00
3.275115181222527649e-01
-1.157942762904822231e-01
5.541970270829355699e-02
2.903801221190478454e-01
7.494518990862687469e-01
7.791139340785120382e-01
-1.080084273240552450e-01
8.938753378668981564e-02
-1.000000000000000000e+00
-3.430015143293414503e-01
9.192042102795415504e-02
-1.064525436312811213e-01
1.459545460693087993e-01
-3.159110057571379859e-01
9.672780977568509186e-01
-4.369817462027845156e-01
2.327903157003018697e-01
9.276496451304117041e-01
-4.217997129373306509e-01
8.804012239142469110e-01
4.307162476107941340e-01
-6.766873839643665622e-01
-8.379113947144647412e-01
3.859691731591343156e-01
-7.913799577040365740e-01
-5.926475751734875397e-01
7.735231051142708869e-02
4.959015910732996746e-01
1.075514375538701162e-01
1.846360053835632564e-01
1.000000000000000000e+00
3.901254785205481718e-02
8.789352711615636693e-01
2.756630815624352970e-01
7.375282183636226729e-02
-3.115386234504496921e-01
1.401226217062561397e-01
9.274170861165451640e-01
7.271275499123207586e-01
3.760610841297027385e-01
-1.000000000000000000e+00
-6.396275025071246345e-02
1.476961057270193556e-01
-2.139681717650276926e-01
3.262743374165286703e-01
-4.413334469947167160e-01
5.913479406201240796e-01
1.000000000000000000e+00
-9.627881261601061169e-01
-7.055014766518339364e-01
4.215336828531452973e-01
-2.644736641787530096e-01
4.879947068637106034e-01
1.847520369713332167e-01
-4.778436959116560967e-02
8.460919004039385571e-02
-7.863500448284149735e-01
-2.054850896285475848e-01
-5.770287769538069433e-01
-3.735230289664949743e-01
-1.124604115386556857e-01
-1.159449700967976060e-01
-7.459675519811646005e-01
8.766362805135272662e-01
3.145870202851074326e-01
9.041032793894607789e-01
-9.899089957501699955e-02
-4.717527371779625112e-01
-2.850788764127071273e-01
-1.000000000000000000e+00
-5.550700256960147128e-01
-3.309293184115468800e-01
-6.132756042652827144e-01
8.922221665661171919e-01
7.514068487369690574e-01
-6.205100646111639806e-01
9.446688768470478115e-01
-1.045494592668871070e-01
1.000000000000000000e+00
-8.095923381588958634e-01
-3.336108082173806499e-01
-1.000000000000000000e+00
-9.071809019300443033e-01
-8.178334477642942302e-01
7.977526715493776788e-01
-6.240230291424611053e-01
-8.331624908866160917e-01
-9.867169252647042255e-01
7.205522098987017232e-01
-7.043907050746105458e-01
-1.672566379510888879e-01
-6.178556562447306000e-01
4.743791305719731732e-01
-8.246009115866151373e-02
2.277511964517782428e-02
9.925519186370082014e-01
2.309293331580838382e-01
9.749263009688282633e-01
-4.433449306493402187e-01
3.882802035458821632e-01
-9.566625462124041246e-02
3.475416929990159387e-01
-4.004937553451241028e-01
-3.683880549583462560e-01
-1.303558270122500695e-01
-5.927429095111377277e-01
2.318738824414481592e-01
-6.524185296848553639e-01
5.696994076068195856e-01
-8.814402890333591367e-01
2.850749532882994597e-01
-1.544702214630679082e-01
1.638500137661898781e-01
4.193106070697685261e-01
-9.256164759214482451e-01
-1.159294051655806318e-03
8.886059817333332722e-01
4.337821078261862306e-02
-3.845063573900854292e-01
-4.549284726311043636e-01
5.587288673942059081e-01
-8.829946471787641915e-01
6.977596272530635080e-01
-8.765732999736284281e-01
-1.386498569516226853e-01
-3.585519080420931926e-01
8.062325111443597869e-01
8.300977172077027288e-02
2.432409679391637214e-01
-6.995107552639838466e-02
2.453385316924797943e-01
-6.026385513088647894e-01
4.055249342878561314e-01
-1.918676867029927291e-01
4.731379304299348498e-01
-1.000000000000000000e+00
3.511159408646798846e-02
-9.336477658726330953e-01
-2.092726847472198837e-01
-2.888602954299906989e-02
-2.080340729850552739e-01
-6.102371961176783488e-02
1.509748638142572597e-01
9.812826900757625204e-01
1.000000000000000000e+00
1.000000000000000000e+00
-5.933892701771714684e-01
-1.000000000000000000e+00
4.106984726795764873e-01
-6.309988079347009782e-01
6.521061149240612309e-01
-4.747116469301362329e-01
-1.764869970829804902e-01
-7.599479284570084259e-01
-5.984299218453622560e-01
-2.271798258829252626e-01
-7.273970852109400420e-01
-3.118435482894617305e-02
4.695932628675252019e-02
-3.443199905812066586e-01
4.591265296245369831e-01
-4.193364898955634912e-01
9.084188809764802697e-01
6.511160293684405964e-01
-1.706780160176072647e-01
4.323279594623923305e-01
-1.000000000000000000e+00
7.624735201008303598e-02
9.584944095545697706e-01
8.495645070683958133e-01
7.214496486101059647e-01
-7.110568801872209077e-01
5.680335221728159967e-01
1.925924332941129080e-01
6.458617108903832449e-01
-9.892351949405651101e-01
6.726651698430129445e-01
-7.135720097208894108e-01
5.786805425799319558e-01
5.489914458468192482e-01
-3.053178179077277454e-02
-2.181664043666858843e-02
1.690795641817390838e-01
-2.346535804056915364e-01
3.797229175682329538e-01
-1.989640960843689355e-01
5.309143974607173355e-01
9.137024362934623722e-01
1.132656782636329296e-02
-8.935120385228345619e-02
-1.548453739816660624e-01
-8.549823890534027360e-01
-8.421632223000820039e-01
-3.765454117887453434e-01
8.867423629830590848e-01
2.370206535644611145e-01
-6.176300489409826400e-02
-3.720059749355642542e-01
-6.482236427854786154e-01
1.000000000000000000e+00
1.864023240331080800e-03
-3.245723490243652143e-01
-1.598503062196499902e-01
9.921834029108222985e-01
-1.476897021345319472e-01
5.726481827000556857e-01
1.450154948741727290e-01
-4.079924935083163451e-01
1.291441817429464234e-01
7.001218670745286143e-01
3.317559775735934302e-01
4.325381549408339743e-01
2.504150223950363241e-01
-4.303928808051927790e-01
-3.551652357375214564e-01
-3.138477844717713072e-02
-1.752521667269208994e-01
-3.147428175300522879e-01
1.227525239572957727e-01
8.573640730265971732e-02
8.815789174303910736e-01
-8.809047490122342561e-01
9.418382689272000174e-01
-2.070230690070626878e-01
2.394699600975774278e-01
6.543889373559353961e-01
4.406690596254709824e-01
9.793791586002884575e-01
7.220193941761254841e-01
9.910308742132372117e-01
2.255608490310661296e-01
