-1.682911352670630745e-01
1.000000000000000000e+00
-3.424089837137958559e-01
-5.516451705873991473e-01
-2.500280863157837152e-01
-1.000000000000000000e+00
-2.908986777834039472e-01
6.842477763948049407e-01
-1.000000000000000000e+00
-1.000000000000000000e+00
-7.279388766670313871e-01
5.970391585555567815e-01
-1.000000000000000000e+00
-9.991215364541948807e-01
-8.887354466778146778e-01
8.206316714019844527e-01
5.635003071291979637e-01
-2.660901675965361354e-02
-2.872959759403027058e-01
6.074147859133455229e-01
-1.284112985509870686e-01
5.623299464589395225e-01
-6.974470451973763252e-02
-3.344288476805387100e-01
6.610407684444041809e-01
1.000000000000000000e+00
-1.000000000000000000e+00
-9.781425607242869580e-01
-8.846555483686008303e-02
-6.406469551525155737e-01
8.716013572343489502e-02
8.088788674301221615e-01
-1.000000000000000000e+00
1.000000000000000000e+00
-1.000000000000000000e+00
-8.061236416088159995e-01
-8.967259479613143291e-01
-1.000000000000000000e+00
-1.000000000000000000e+00
-1.000000000000000000e+00
6.859763292540086432e-01
4.407418960636031446e-01
-1.000000000000000000e+00
-1.916850579571761082e-01
1.548734162640686418e-01
-3.141281521290731904e-01
-3.929998760262477520e-01
-1.000000000000000000e+00
-4.288575139028585337e-01
1.000000000000000000e+00
-1.000000000000000000e+00
6.626369462922859777e-02
9.892225452896949989e-01
-3.310546885590400779e-01
-2.383348233867846333e-01
1.000000000000000000e+00
2.818530606377668279e-01
-3.940373368552951283e-01
1.924617432830800778e-01
4.751649568130819068e-01
-7.628005934541779443e-01
6.646115225084689437e-02
7.989333592798124606e-01
6.491396453589146076e-02
1.000000000000000000e+00
5.783428601279519965e-01
-7.514648170920075199e-01
-7.972255319575733967e-01
1.022677872359769036e-01
5.093446712496753070e-01
5.363611323664495278e-02
-1.497730219263985196e-01
-1.000000000000000000e+00
-1.000000000000000000e+00
3.379372387459224636e-01
3.122681899855220822e-01
-1.000000000000000000e+00
4.369072423435114150e-01
9.863620448532484097e-01
-6.800869309416133213e-01
1.000000000000000000e+00
1.000000000000000000e+00
5.875161562589537034e-01
-1.000000000000000000e+00
-6.544921194467794301e-01
1.000000000000000000e+00
-1.000000000000000000e+00
8.359786132718929341e-01
-5.915655824507495275e-01
1.000000000000000000e+00
-6.747298966329585701e-01
1.000000000000000000e+00
8.065932628615131161e-01
-9.766652614096519303e-01
-7.419554654401225857e-01
-4.251110248358025423e-01
4.746776810346218234e-01
1.000000000000000000e+00
-1.632620298760033006e-01
-6.706335316319975703e-01
-9.286943002862283469e-01
6.959500421480527832e-01
-9.474782045681136022e-01
-1.784781110776274549e-01
-9.385141256345406191e-01
-9.803456403307315714e-01
-1.000000000000000000e+00
-1.000000000000000000e+00
5.726195338527204082e-02
-1.000000000000000000e+00
1.000000000000000000e+00
6.384319711472163927e-01
-4.237423243784272375e-01
1.000000000000000000e+00
7.401970668548005783e-01
1.000000000000000000e+00
4.799147986682576750e-02
-1.000000000000000000e+00
-8.132259032549364886e-01
5.013005193361853573e-01
1.000000000000000000e+00
-1.000000000000000000e+00
3.391222811821126282e-02
-6.447530871518660778e-01
1.000000000000000000e+00
2.501966413433267533e-01
3.438472355972156391e-01
-1.000000000000000000e+00
1.922579735277049062e-01
3.340795612926525937e-01
-4.790601190408748655e-01
-4.044527088883732580e-01
-1.000000000000000000e+00
4.992269145423723353e-01
-1.000000000000000000e+00
-4.314337542538648762e-02
2.575224069566658391e-01
1.000000000000000000e+00
2.205522846185992702e-01
-9.423027432742148157e-03
-1.000000000000000000e+00
1.000000000000000000e+00
-5.671735017340193141e-02
5.533119932703696453e-02
-6.896303718951548589e-01
8.582097533241028753e-01
-6.084671411769732030e-01
-1.053349673550696419e-04
-4.610124106994458182e-01
1.000000000000000000e+00
-6.875046671042984725e-01
1.000000000000000000e+00
5.220806888941198487e-01
1.000000000000000000e+00
-1.000000000000000000e+00
-6.092160595463114170e-02
-9.307156431645573491e-01
1.334438395664753196e-01
-1.000000000000000000e+00
-1.000000000000000000e+00
-1.993786319512820815e-01
-2.214230395414029662e-01
-1.000000000000000000e+00
-8.374027302196491718e-01
-1.000000000000000000e+00
1.000000000000000000e+00
9.247196444276846172e-01
-5.889736026566124716e-01
2.559009161220893169e-02
1.000000000000000000e+00
-1.000000000000000000e+00
-1.000000000000000000e+00
4.059771592605290191e-01
-4.673776226157408953e-01
4.491096712944119274e-01
-2.400883924457429819e-01
1.643676856377640494e-02
1.000000000000000000e+00
1.000000000000000000e+00
-8.072492174249933372e-01
-1.000000000000000000e+00
3.893609642969270701e-01
-9.521606691302616499e-01
-5.560267877260179903e-01
-1.000000000000000000e+00
8.979190635654576980e-01
1.000000000000000000e+00
9.138873257814301709e-01
-2.950314476483624215e-01
9.692615640983723857e-01
-1.000000000000000000e+00
1.000000000000000000e+00
1.000000000000000000e+00
-2.395019808562048880e-04
-4.298436412009559171e-01
-1.000000000000000000e+00
1.000000000000000000e+00
-1.957382804564954393e-01
-1.000000000000000000e+00
9.987295817868828696e-01
1.529902399447398420e-01
1.000000000000000000e+00
4.218023619392712309e-01
1.000000000000000000e+00
-1.000000000000000000e+00
-1.000000000000000000e+00
-8.610159987241411406e-01
-4.485373934864089751e-01
1.000000000000000000e+00
8.864180339452958357e-01
-7.922756568811017974e-01
1.000000000000000000e+00
2.559056275075284326e-01
-2.411962160535988109e-01
-1.000000000000000000e+00
7.220260681294060623e-02
-3.826308202628625477e-01
2.827520893631545462e-01
1.000000000000000000e+00
-7.479150660808141504e-01
-6.246297226768142696e-01
-9.965631444235325542e-01
1.778237164765521794e-01
8.014607194028212644e-01
1.000000000000000000e+00
5.537469839501709679e-01
-1.000000000000000000e+00
-1.862702556604899778e-02
1.000000000000000000e+00
-1.000000000000000000e+00
5.243927805534991382e-01
-4.073057340192827447e-02
2.278318076178924567e-01
-7.114968160171633027e-01
4.779914036083185991e-01
3.199890633908723803e-02
-9.095339224308196524e-01
1.000000000000000000e+00
-4.280265697850239581e-01
-1.000000000000000000e+00
-1.000000000000000000e+00
-2.349250380081213674e-01
-7.386430165057111807e-01
1.000000000000000000e+00
-1.000000000000000000e+00
2.628178180180098522e-01
1.000000000000000000e+00
-9.294392768862871357e-01
-1.000000000000000000e+00
-1.309282793332386396e-01
-6.340742998764747895e-01
-6.285317450203263823e-01
1.000000000000000000e+00
3.209840061080627693e-01
7.108898523041065065e-01
6.786715018051041604e-01
5.240352573236789491e-01
3.415158716132458139e-01
2.094580965745695689e-01
-1.000000000000000000e+00
-2.975377082706054943e-01
-1.000000000000000000e+00
1.000000000000000000e+00
1.000000000000000000e+00
1.000000000000000000e+00
