-1.000000000000000000e+00
8.384675488595068060e-01
-1.000000000000000000e+00
-4.424342919102438598e-01
9.724813942624177532e-02
-1.051464089512689215e-01
-1.000000000000000000e+00
-1.000000000000000000e+00
-1.000000000000000000e+00
9.325782784101648293e-01
5.268209411670067288e-01
5.508629104310898139e-01
-1.000000000000000000e+00
-1.000000000000000000e+00
8.075060684361906604e-01
9.730948094364353373e-01
7.512431648161721487e-01
6.703209850713411910e-01
1.490053665331914079e-01
-2.083595345369186891e-01
1.000000000000000000e+00
-6.850749214009377308e-01
-2.589252775439770948e-01
-1.000000000000000000e+00
3.102626491022003608e-02
-1.000000000000000000e+00
8.672011453047729912e-01
1.000000000000000000e+00
4.092680283768026506e-01
-8.916478838418813169e-01
1.368020161252586631e-01
1.000000000000000000e+00
1.000000000000000000e+00
1.000000000000000000e+00
-9.735291795816755078e-01
1.000000000000000000e+00
-1.000000000000000000e+00
1.000000000000000000e+00
-5.165900215870576906e-01
-1.000000000000000000e+00
1.000000000000000000e+00
3.495518193728878731e-01
7.497127422198124336e-01
3.287220454977312634e-01
-1.000000000000000000e+00
-1.000000000000000000e+00
6.518988015736704167e-01
-1.000000000000000000e+00
9.659997870450489632e-01
-1.653881453206100804e-01
-1.000000000000000000e+00
5.297841286873508082e-01
1.000000000000000000e+00
-4.092022305893597278e-01
1.000000000000000000e+00
-3.033060044472906114e-01
1.000000000000000000e+00
1.000000000000000000e+00
2.017551893459908208e-01
-1.000000000000000000e+00
7.577661935370023638e-01
-5.454231274599634638e-01
-2.243649879543642145e-01
6.994692016757714237e-01
1.000000000000000000e+00
-1.000000000000000000e+00
1.000000000000000000e+00
-7.586157433075260692e-02
6.895870289615002591e-02
3.791076280502495566e-01
-1.000000000000000000e+00
-1.000000000000000000e+00
3.651106628669824605e-01
-4.382637550365477974e-01
1.000000000000000000e+00
-5.779974917350003683e-01
6.679007983532636583e-01
8.922496979372187553e-01
-1.000000000000000000e+00
-3.046700801025533645e-01
-7.360966574668268425e-01
5.841927396396553451e-01
5.534063203959407318e-01
1.000000000000000000e+00
4.106065512769035419e-01
4.569377971505277358e-01
2.886253254625696929e-01
-8.713312062932974111e-01
-1.000000000000000000e+00
-1.000000000000000000e+00
-1.000000000000000000e+00
1.000000000000000000e+00
1.000000000000000000e+00
5.267133383143256520e-01
7.838120266714500017e-01
1.155035419108498829e-01
1.000000000000000000e+00
3.059204793679710654e-01
-1.000000000000000000e+00
-1.955917521565787576e-01
-1.000000000000000000e+00
1.624147413627373693e-01
-6.007726694887849384e-02
-5.482231679222321352e-01
1.000000000000000000e+00
1.000000000000000000e+00
1.000000000000000000e+00
1.000000000000000000e+00
-2.623021506017859661e-01
-1.000000000000000000e+00
-3.667591956458967073e-01
4.721551326963071005e-01
1.000000000000000000e+00
-1.000000000000000000e+00
1.000000000000000000e+00
6.365651700921978184e-01
-7.918214057684760387e-01
1.000000000000000000e+00
3.704576477200622886e-01
-6.515780144357741221e-02
1.000000000000000000e+00
-3.750439636107680275e-01
4.976171951397951876e-01
2.498329574849249557e-01
9.239666900639892377e-01
-1.000000000000000000e+00
7.730286768372346407e-02
-1.000000000000000000e+00
1.000000000000000000e+00
1.000000000000000000e+00
-4.503529590762310741e-01
7.807301580927678009e-01
9.277409664291942359e-01
1.000000000000000000e+00
-1.000000000000000000e+00
1.986471932224538883e-01
3.584954710013291690e-01
-9.299276784934118467e-02
-9.135447532242639834e-01
1.000000000000000000e+00
4.539123062935483954e-01
-1.173288401170625717e-01
1.000000000000000000e+00
6.825138421038897674e-01
6.564923182955972880e-01
-3.882530652064539178e-01
1.000000000000000000e+00
3.103143707109912164e-01
-1.666525205457832781e-01
3.153404377250489943e-01
-1.000000000000000000e+00
-5.661775960208448311e-03
1.000000000000000000e+00
8.616339309835249205e-01
8.986890462211765129e-01
-1.000000000000000000e+00
-1.000000000000000000e+00
-3.474372376176120270e-01
5.102290179337101161e-01
9.345367147013526887e-01
8.869898798094202341e-01
-9.813203368789646941e-01
1.000000000000000000e+00
3.717125687000970569e-01
1.000000000000000000e+00
4.397473541879279857e-01
7.823539199760185525e-01
-8.180048891927479415e-01
-1.000000000000000000e+00
1.000000000000000000e+00
-1.907762486690739445e-02
-1.000000000000000000e+00
4.970043824758609841e-01
1.000000000000000000e+00
9.121227001326459582e-01
6.629585555796291274e-03
-4.183578306023280069e-01
1.724806493475936620e-01
9.685050839426734282e-01
7.353820011994249839e-01
7.672626760987566463e-01
1.922616216500167008e-01
-1.000000000000000000e+00
-7.435495181737442616e-01
1.000000000000000000e+00
-1.226043346247672750e-01
1.691745893535965273e-01
1.000000000000000000e+00
-1.000000000000000000e+00
-5.706749058902549354e-01
2.337552539333882518e-01
-5.284397497300955537e-01
6.583739612195054214e-01
1.000000000000000000e+00
3.207738860275392567e-01
-4.770487766318581846e-02
-3.929976862641274549e-01
-5.175050080700602795e-01
-5.081899127148952200e-01
-4.316058412053261906e-01
1.000000000000000000e+00
7.310027243976633393e-01
-1.841671227227311691e-01
-1.000000000000000000e+00
9.261279096998829008e-01
5.480913825611017920e-01
6.587008947982020413e-01
-3.366296274239606867e-01
5.693749984523119867e-01
9.296641108479763993e-02
-1.000000000000000000e+00
-1.000000000000000000e+00
8.314480340080587784e-01
3.549400529356963041e-01
-1.000000000000000000e+00
-9.545929666072234809e-01
2.344621223543370547e-01
1.000000000000000000e+00
3.667505448698209491e-01
1.000000000000000000e+00
3.633040014984458832e-01
2.325414494710227320e-01
3.190525158715301624e-01
-1.000000000000000000e+00
-1.000000000000000000e+00
1.000000000000000000e+00
-1.000000000000000000e+00
-1.000000000000000000e+00
9.005374911010126660e-01
9.766968874476755769e-01
1.000000000000000000e+00
-7.528789793932100238e-02
-7.399625453752655124e-01
1.000000000000000000e+00
-1.000000000000000000e+00
-2.246739962163755155e-01
1.000000000000000000e+00
6.257887666750047151e-01
4.410620420872528591e-01
-4.613365653170258263e-01
1.553159838188827857e-02
1.000000000000000000e+00
-9.138567582996863781e-01
-7.532573323120074216e-01
1.000000000000000000e+00
-7.609312359376299018e-01
-1.000000000000000000e+00
1.000000000000000000e+00
4.408738234379083742e-01
9.668103989865479697e-01
-5.006535442980700745e-01
2.489104694151845765e-01
7.010257537588349130e-01
-1.000000000000000000e+00
2.355698189238913942e-01
1.000000000000000000e+00
5.783828166041773411e-01
2.668920469030130471e-01
8.914569910111507234e-01
-1.000000000000000000e+00
-1.000000000000000000e+00
6.361095394373492695e-01
-9.125120361526453117e-01
1.000000000000000000e+00
8.673534049839906057e-01
