4.540634074908471707e-01
-6.940372806822062701e-01
-1.000000000000000000e+00
-1.000000000000000000e+00
-9.689581342746023118e-01
-5.647183628275458389e-01
1.533581654413246897e-01
6.769027961071959476e-01
-2.843455597615819896e-01
-1.000000000000000000e+00
4.697080479722064994e-01
1.289954425996640230e+00
-6.032862530098088705e-01
1.175010556630222691e-01
-2.880795626326787540e-01
3.178919433285405383e-01
8.259861315724057462e-01
9.384370039175573552e-01
-1.000000000000000000e+00
3.255551836840078206e-01
8.140946334616830926e-01
-4.517296507314043641e-01
-4.669062123377200058e-01
-5.151584866620833036e-01
3.378202166949155760e-01
-5.231123902599413844e-01
9.689704237011810273e-01
5.038307241140240755e-01
3.596024066449250434e-01
1.000000000000000000e+00
-1.000000000000000000e+00
-3.775755458553751165e-01
1.000000000000000000e+00
-2.531927682687592496e-01
-6.128961174431091230e-02
1.000000000000000000e+00
-6.495125349486146060e-01
-1.518463491650729136e+00
6.078731288817676992e-01
-8.699732050533950378e-01
-3.393706263021678549e-01
-1.000000000000000000e+00
7.005637430657073450e-01
3.681908480274661555e-01
5.846030880302142130e-01
-1.910899167888381323e-01
-5.516136543303941098e-01
6.307815138035063329e-01
6.897961333886457602e-01
1.000000000000000000e+00
-1.000000000000000000e+00
4.888732533211829212e-01
-6.096619430736894829e-01
1.000000000000000000e+00
3.619200173343418148e-01
1.000000000000000000e+00
-4.283084227450972836e-01
-9.729368383548941956e-02
-6.496346782192072844e-01
-3.991371084768369215e-01
7.866806222506032009e-01
-1.000000000000000000e+00
-9.530256320323210462e-01
-1.000000000000000000e+00
-1.099774291968434563e-02
-1.000000000000000000e+00
-1.000000000000000000e+00
1.000000000000000000e+00
4.327634439942035782e-01
-6.926277885228960818e-01
-1.000000000000000000e+00
-5.635044331484128088e-01
-1.000000000000000000e+00
-8.041706045242650314e-01
-1.091752533034131778e+00
-1.000000000000000000e+00
-1.000000000000000000e+00
1.000000000000000000e+00
7.575713438140938560e-01
5.661273546805233314e-01
-1.315962199512096920e+00
-2.597094196012674217e-01
1.948522384657593864e-01
4.393517516192638195e-01
-7.104672505685466488e-01
-8.045647219885366797e-01
-8.941852052318074451e-01
1.000000000000000000e+00
5.289583119841224645e-01
-8.118321101144594376e-01
-1.021593370360250441e+00
-1.000000000000000000e+00
6.649390010263289685e-02
9.284189325315470587e-01
-5.258615355068210068e-02
-2.289633914517893998e-01
3.047495765908283527e-01
3.074800242626819502e-01
3.446204803531985883e-01
-9.871907299294474525e-01
-1.000000000000000000e+00
1.000000000000000000e+00
9.681398394808834462e-01
-6.352072409395720376e-02
-9.480918162555063144e-01
6.915767441610612409e-02
1.000000000000000000e+00
-4.792601532116419483e-01
2.819564582298959010e-01
7.845758900891087739e-01
-5.416774984650221114e-01
-8.718464997343793321e-01
-9.897932695745175202e-01
6.551991796915918043e-01
-1.942614567420487270e-01
-1.012856342045441727e+00
1.000000000000000000e+00
-7.823458164569259132e-01
-8.764421720137914873e-01
-1.000000000000000000e+00
1.301574073677340015e+00
-3.940756407876466749e-01
2.528874829853685613e-01
6.904729450200131069e-02
-4.397190079850482047e-01
8.065057382416739307e-01
7.141780169687990121e-01
-1.000000000000000000e+00
-1.000000000000000000e+00
-9.364754311424485778e-01
4.732376887969173551e-01
4.092109768555060589e-01
1.000000000000000000e+00
9.798745565607240859e-01
1.000000000000000000e+00
-3.851174440226994289e-01
4.475513764757237389e-01
-1.000000000000000000e+00
-2.914596911873916785e-01
2.558017981257398876e-01
-4.583316623822294433e-01
7.049116362095807498e-01
6.106923594511944886e-01
3.086228924668663609e-01
4.107684693125447373e-01
9.665548813769876402e-01
-5.555528584849601659e-01
9.313710737175938670e-01
-1.000000000000000000e+00
-1.000000000000000000e+00
-8.464380414113403805e-01
-1.596693373940267779e-01
-5.197688479594481104e-01
-6.649514950516149936e-01
-6.672894649846596860e-01
-1.000000000000000000e+00
-9.757463065133266111e-01
-3.061475032197081281e-01
1.000000000000000000e+00
-2.184856931635791033e-01
1.000000000000000000e+00
-1.000000000000000000e+00
-1.678288822092096622e-01
-1.000000000000000000e+00
-1.000000000000000000e+00
1.000000000000000000e+00
-1.000000000000000000e+00
-3.322714371070151773e-01
9.254021566244172714e-01
-1.000000000000000000e+00
1.000000000000000000e+00
-3.024144446790113516e-01
3.701328236434509034e-01
8.881422569068032624e-01
-8.318493415556369452e-01
7.798326083952993315e-01
5.056101919266952072e-01
-1.000000000000000000e+00
-3.636316395306947724e-01
-2.413863977470330768e-01
5.596700477708295152e-01
1.979914153707448277e-01
-1.000000000000000000e+00
1.000000000000000000e+00
-2.154241549495157226e+00
-3.944895038346440952e-02
9.443822303627283921e-01
2.057769358173828500e-01
-1.000000000000000000e+00
8.191470861878258347e-01
-6.965060772049647131e-01
-8.272705404944766805e-01
-1.000000000000000000e+00
-3.413007507702668364e-01
-1.779144915978721209e-01
-1.000000000000000000e+00
5.326794750419172608e-01
-1.000000000000000000e+00
1.000000000000000000e+00
3.773887346891493522e-01
-7.364990705077191224e-01
-1.000000000000000000e+00
1.000000000000000000e+00
-8.503765472273050463e-01
7.599122527661734683e-01
-3.479521023917688249e-01
1.000000000000000000e+00
-7.070147351104119071e-01
5.982265380660529708e-01
-7.458784925360945062e-01
1.718942297553169296e-01
1.411000807931456213e-01
9.221855788946158317e-01
-1.000000000000000000e+00
-8.341295583160636129e-01
1.205539682081857800e+00
1.000000000000000000e+00
2.344280096190320961e-02
1.271307131112994648e+00
6.579612789164709374e-01
2.073763168341105911e-01
-2.911217965548129616e-01
1.000000000000000000e+00
-1.808380680621840542e-01
-7.700661434404312278e-01
-8.446151530623335901e-01
7.645818100467799416e-01
9.998716688803136465e-01
-1.000000000000000000e+00
-1.000000000000000000e+00
-2.656453042311230361e-01
-1.000000000000000000e+00
-2.168984613314327570e-01
1.711778629327886048e+00
-2.879413553423162409e-01
-6.542669409230357225e-01
9.123147232321245914e-01
5.608053936040069409e-02
-1.000000000000000000e+00
-3.708317838749195516e-01
-1.000000000000000000e+00
1.000000000000000000e+00
1.161332506108864404e+00
1.125099765759151049e+00
1.307543892523799212e-01
-1.510601213922586616e-01
1.000000000000000000e+00
5.466461489016520847e-01
2.189677611299185589e-01
-4.286324534527055641e-01
5.161526364435029546e-01
5.890914335475607722e-01
1.000000000000000000e+00
4.514802014452451440e-01
-3.650952594254713857e-01
-2.189178089470885658e-01
-6.894104528724589454e-01
1.044667279005245808e+00
-2.427378648181380315e-04
-8.625638608473269464e-01
1.000000000000000000e+00
-1.000000000000000000e+00
6.409430357435070835e-01
1.000000000000000000e+00
-8.984779218903672371e-01
