

gen best mean std gain diversity
0 94.852506 -2.895561 12.330674 100 0.57274
0 94.852506 27.899312 26.959718 -90.0 0.537211
1 94.852506 23.306897 27.361316 -100 0.529685
2 94.785064 38.535431 24.809763 -40.0 0.512746
3 48.033853 32.934542 17.543874 -40.0 0.488273
4 57.013548 36.922089 14.673321 -30.0 0.491127
5 48.081106 30.548216 16.303875 -40.0 0.477846
6 66.011039 34.198208 12.430754 -20.0 0.461001
7 66.044163 38.116406 12.988369 -20.0 0.422987
8 66.044163 34.057037 12.253136 -50.0 0.412666
9 66.2699 46.597553 13.906008 -20.0 0.376222
10 57.2699 41.509895 9.139788 -30.0 0.380472
11 48.081106 35.869959 12.704907 -40.0 0.369233
12 66.028738 37.701588 7.731345 -20.0 0.387362
13 66.176954 35.509574 10.299439 -20.0 0.351253
14 39.2699 33.960736 9.549447 -50.0 0.36165
15 39.2699 34.09152 9.649532 -70.0 0.332153
16 57.197882 37.454605 7.360406 -30.0 0.3217
17 57.046757 36.38864 7.179912 -30.0 0.331022
18 48.065106 37.013707 8.631315 -50.0 0.342829
19 39.105597 34.233376 7.886453 -50.0 0.3203
20 48.038995 36.730492 7.106078 -40.0 0.319698
21 66.102846 38.83996 7.418056 -20.0 0.318566
22 66.176954 36.70851 7.027787 -20.0 0.296656
23 66.176954 39.073286 15.430774 -20.0 0.30474
24 39.179917 34.605967 7.712144 -50.0 0.308486
25 39.147798 34.340012 7.804984 -50.0 0.287737
26 39.203942 35.142615 7.368495 -50.0 0.298936
27 66.139214 38.93872 5.948386 -20.0 0.294692
28 66.2699 42.128473 11.270868 -20.0 0.293108
29 57.059829 42.444194 8.589607 -30.0 0.287781
30 39.150675 38.483525 3.027301 -50.0 0.278129
31 48.241098 38.470112 3.627847 -40.0 0.281668
32 39.203942 37.790832 5.120273 -50.0 0.272597
33 39.179917 38.191368 3.882782 -50.0 0.287589
34 39.179917 38.900265 1.773265 -50.0 0.287249
35 48.013548 38.776787 2.656065 -40.0 0.279979
36 48.013548 40.33599 5.782835 -50.0 0.268743
37 39.203942 38.393899 3.496331 -50.0 0.269382
38 66.203942 38.64526 4.971287 -20.0 0.271771
39 39.179917 37.90507 4.295199 -50.0 0.266219
40 39.241098 38.339004 2.998976 -50.0 0.265117
41 39.2699 38.57927 3.045433 -50.0 0.263921
42 39.2699 38.76647 2.50097 -50.0 0.258865
43 39.241098 37.540474 4.878509 -50.0 0.252415
44 39.241098 37.848249 4.549824 -50.0 0.250072
45 94.785064 38.112352 8.224528 100 0.246481
46 94.785064 40.548975 9.75888 -50.0 0.252542
47 94.852506 41.054882 11.071197 100 0.247479
48 39.070411 36.182462 8.15236 -50.0 0.248726
49 39.081106 38.408465 2.888805 -50.0 0.237617
50 39.070411 38.301944 3.250332 -50.0 0.244744
51 66.041575 38.398589 4.766538 -20.0 0.235514
52 66.041575 43.473267 10.133445 -20.0 0.230713
53 39.203942 37.790758 4.546903 -50.0 0.233246
54 39.070411 39.023215 0.02136 -50.0 0.229624
55 39.142067 38.935375 0.893943 -50.0 0.235031
56 66.073074 39.315768 3.231692 -20.0 0.234405
57 66.041575 41.380391 5.904437 -20.0 0.234047
58 57.038995 39.191233 4.104851 -30.0 0.233332
59 57.038995 38.072547 5.027661 -70.0 0.235649
60 57.018586 39.047317 5.220708 -30.0 0.233428
61 48.070411 36.555832 6.321206 -40.0 0.224929
62 66.159358 38.068635 8.397352 -20.0 0.221592
63 66.159358 42.241525 9.317504 -50.0 0.226661
64 66.041575 37.913605 5.596893 -20.0 0.221996
65 66.041575 36.410168 7.409278 -50.0 0.215381
66 48.182889 37.583724 6.467374 -50.0 0.219763
67 48.2699 35.183232 7.708723 -40.0 0.213443
68 48.200907 38.275391 5.66459 -40.0 0.201725
69 75.203942 38.193427 6.40552 -10.0 0.196113
70 75.203942 38.225458 7.233352 -50.0 0.199101
71 94.852506 42.107703 18.735135 100 0.193083
72 94.852506 44.452646 21.17047 -50.0 0.205487
73 57.091917 35.8747 8.331459 -30.0 0.197919
74 48.174 39.007396 8.314548 -40.0 0.199635
75 66.185869 37.515501 7.096713 -20.0 0.193717
76 48.179917 38.924811 9.762419 -40.0 0.194435
77 66.147798 40.392769 9.301003 -20.0 0.194505
78 39.203942 37.944075 5.634485 -70.0 0.188303
79 48.013548 34.902552 8.022985 -40.0 0.186916
80 66.203942 39.711732 6.95517 -20.0 0.180157
81 57.044163 35.702792 8.71697 -30.0 0.186389
82 66.139214 40.350624 11.597018 -20.0 0.181449
83 48.228559 32.748183 8.748127 -40.0 0.173695
84 48.159358 37.506847 8.306116 -40.0 0.174503
85 48.203942 36.685234 7.976839 -40.0 0.176074
86 66.139214 39.47468 9.960441 -20.0 0.159263
87 66.260207 40.716059 7.456475 -20.0 0.164635
88 48.174 40.42871 8.220404 -40.0 0.159484
89 66.159358 42.256701 9.701836 -20.0 0.162732
90 57.171054 41.991023 8.306058 -30.0 0.16333
91 66.203942 42.214824 9.608347 -20.0 0.158666
92 66.203942 42.276289 6.146918 -70.0 0.152859
93 66.203942 38.051655 13.105948 -70.0 0.165344
94 66.203942 42.939573 10.481923 -20.0 0.163632
95 75.142067 42.066972 9.411164 -10.0 0.165545
96 75.142067 45.971277 8.915612 -50.0 0.153608
97 75.144928 48.429081 13.12044 -10.0 0.154479
98 48.070411 46.136067 4.777822 -40.0 0.139484
99 48.013548 39.977636 11.241877 -70.0 0.142544

gen best mean std gain diversity
0 48.013548 -2.387223 10.373228 -40.0 0.570839
0 94.785064 34.93361 16.415161 100 0.529363
1 94.785064 32.453838 29.226082 -90.0 0.527233
2 75.070411 37.632884 24.550217 -90.0 0.52274
3 75.013548 40.297591 18.553901 -10.0 0.49978
4 48.299556 32.874833 14.814766 -40.0 0.50776
5 48.081106 32.83602 14.808992 -50.0 0.486449
6 57.018586 37.795832 15.009415 -30.0 0.49537
7 57.018586 39.044023 7.926883 -30.0 0.484647
8 66.176954 38.261852 11.411355 -20.0 0.450381
9 57.2699 35.868171 14.447988 -30.0 0.439008
10 74.54323 41.667686 12.421009 -10.0 0.441575
11 94.785064 49.378288 15.920824 100 0.413534
12 65.976552 43.723977 8.810608 -20.0 0.429548
13 75.2699 43.772506 11.394788 -10.0 0.392441
14 75.2699 53.788644 14.994574 -10.0 0.389492
15 66.197882 45.43129 10.677805 -50.0 0.378865
16 75.266659 42.907462 13.614049 -10.0 0.395213
17 75.266659 45.58884 7.29972 -40.0 0.38276
18 75.266659 49.312062 11.374511 -50.0 0.354153
19 66.2699 48.90862 12.824685 -40.0 0.33492
20 48.150675 46.306212 3.747938 -50.0 0.344619
21 48.013548 45.769814 6.769201 -40.0 0.325236
22 48.013548 45.049088 9.082874 -40.0 0.322166
23 48.013548 43.786849 6.017759 -50.0 0.321245
24 48.013548 44.507046 4.385433 -50.0 0.312117
25 57.2699 43.545401 4.65617 -30.0 0.314566
26 48.111122 44.687346 8.206428 -40.0 0.307614
27 66.013548 46.681415 4.295905 -20.0 0.301623
28 66.2699 48.259416 7.388108 -20.0 0.289387
29 48.041575 46.393828 3.45782 -40.0 0.272884
30 57.147798 45.683266 4.341136 -30.0 0.268877
31 48.013548 46.035574 6.29648 -40.0 0.269438
32 66.013548 47.293548 5.19823 -20.0 0.266035
33 94.785064 48.032941 7.420302 100 0.256811
34 94.918596 60.012628 20.515357 100 0.260322
35 75.2699 50.554056 10.119984 -10.0 0.26576
36 75.2699 47.391239 5.000156 -50.0 0.25621
37 75.2699 48.684467 9.517052 -50.0 0.2678
38 94.918596 47.59798 6.913626 100 0.26872
39 94.918596 48.455469 10.733618 -50.0 0.26427
40 94.918596 57.617716 18.957988 -10.0 0.259139
41 48.013548 46.126112 4.262606 -40.0 0.266829
42 48.153561 46.934823 5.732928 -40.0 0.264384
43 48.013548 46.753548 3.122883 -50.0 0.261516
44 48.013548 46.123548 6.143118 -40.0 0.259165
45 48.013548 47.383178 2.297674 -40.0 0.261305
46 48.013548 47.473548 2.137382 -50.0 0.250822
47 57.2699 47.026112 3.349891 -30.0 0.244888
48 94.785064 48.406274 11.036789 100 0.234483
49 94.785064 53.673693 13.457035 -40.0 0.233942
50 94.785064 51.511988 13.12336 100 0.237638
51 94.918596 54.884279 15.588162 100 0.222877
52 66.2699 48.862816 6.182594 -40.0 0.230505
53 75.2699 48.63719 9.020975 -10.0 0.232203
54 94.852506 54.522985 11.151753 100 0.223518
55 94.852506 56.445008 17.892229 -40.0 0.218298
56 94.852506 55.315367 13.696956 100 0.218607
57 94.852506 51.61522 13.295482 -50.0 0.199404
58 94.852506 56.555931 16.886589 -70.0 0.221099
59 94.785064 55.481189 16.67948 -20.0 0.222089
60 94.852506 52.943937 14.102867 100 0.220384
61 94.852506 52.451723 13.784283 -30.0 0.221148
62 94.852506 57.167958 15.88547 -40.0 0.219264
63 94.852506 63.794566 20.455065 -40.0 0.213364
64 75.2699 55.720712 11.301941 -10.0 0.21271
65 94.852506 55.327113 16.958841 100 0.208597
66 94.852506 71.528511 18.36517 100 0.193159
67 94.918596 63.7485 21.828157 100 0.203623
68 94.918596 50.058435 12.231424 -40.0 0.186212
69 94.918596 63.201522 21.231033 -40.0 0.195073
70 75.2699 46.089402 7.760986 -60.0 0.203841
71 94.852506 57.420528 13.659642 100 0.200007
72 94.852506 51.064031 11.565658 100 0.196971
73 94.852506 55.182651 18.932556 -40.0 0.196676
74 94.852506 54.440551 16.220233 100 0.1966
75 94.852506 71.290615 21.731176 100 0.177652
76 94.785064 46.908938 14.148533 100 0.186866
77 94.852506 56.267039 15.01317 100 0.194996
78 94.918596 55.162077 17.999986 100 0.19658
79 94.852506 61.559306 21.42211 -40.0 0.194375
80 75.2699 47.876375 12.108633 -70.0 0.195608
81 94.852506 51.012912 8.080856 100 0.188378
82 94.918596 53.556947 17.45021 100 0.193461
83 94.785064 58.99509 18.3284 -40.0 0.184893
84 94.852506 54.456166 14.217426 100 0.182525
85 94.852506 52.917701 13.17254 100 0.192485
86 94.918596 61.393434 16.73307 100 0.18594
87 94.918596 62.866021 17.901233 100 0.173864
88 94.918596 52.17821 13.018942 -50.0 0.184222
89 94.852506 72.566675 19.859382 100 0.169828
90 94.852506 68.985759 18.75404 100 0.172674
91 94.785064 50.824105 11.263865 -40.0 0.168586
92 94.785064 60.145949 19.016657 -50.0 0.16591
93 94.918596 48.293206 11.734824 100 0.154858
94 94.918596 69.683046 20.655439 -40.0 0.140125
95 75.2699 44.507855 14.947672 -10.0 0.159663
96 94.852506 51.69048 11.462075 100 0.155306
97 75.013548 44.184416 10.576934 -50.0 0.16571
98 94.900134 50.291877 9.041751 100 0.168449
99 94.852506 52.68913 11.577826 100 0.157136