-3.240010599176917361e-01
-8.889623518893317033e-01
-1.000000000000000000e+00
5.799688988067401851e-01
6.317338485692518546e-01
-6.777296247444904997e-01
-8.501628029500183370e-01
-1.000000000000000000e+00
-4.287953953265009055e-01
-8.752892937477811941e-01
9.721765652992814255e-01
-9.834887732909941560e-02
-8.964579276656972073e-01
-4.480891993457510880e-01
4.187357360436722575e-01
8.466996445912350344e-01
-7.327712177684163608e-01
9.207207950429480148e-01
-2.632777977685488158e-01
8.644546110338284794e-01
7.985834754848251116e-01
9.402653171887308536e-01
-2.385673631343365186e-01
9.760573610727395488e-01
8.535513055672262483e-01
1.906800830840098826e-01
-2.591090413054280006e-01
1.954360828969078923e-01
-5.746580626583978890e-02
-6.694157349490615916e-01
-3.692387096844813588e-01
-2.607938989193231416e-01
-2.997954079215260914e-01
-1.122825316769036075e-01
5.620184111392073634e-01
3.386849852114383608e-01
7.718106090063907576e-01
-2.702146732289184561e-01
-4.318862672109349821e-02
-8.652267667769520942e-01
-7.909482145519809437e-01
6.950599690049041879e-01
-7.313372282596501961e-01
-3.138654550696191592e-01
-8.750357233321807149e-01
8.767046128112103709e-01
7.657020466094239808e-01
-1.000000000000000000e+00
-6.611041841871518887e-01
2.332566541602491828e-01
7.065102450654475730e-02
-2.917572088759068372e-01
-3.382499727897335107e-01
-5.819150815690021794e-01
-4.765567629976072417e-02
-3.767942253916912732e-01
-5.653928799551063422e-01
5.793959448745792384e-01
-8.478790606178305822e-01
-1.220894247004215005e-01
9.222566966597804949e-01
-3.117309543214209500e-01
-4.025028130967934770e-01
-2.473119266149325091e-01
-2.246681989460376783e-01
-8.391911954868198631e-01
-7.354480470599025210e-01
8.764264244613388932e-01
-4.539984208532960031e-01
7.303508135376510779e-01
4.034612453348991878e-01
3.268344081625456088e-01
2.366078209260342458e-01
4.149648382848632466e-01
-1.594555365333542168e-03
9.192273507514509001e-02
-2.393313608682869076e-01
3.885076968977492218e-01
4.965008637794473545e-01
-2.080261907190975590e-01
9.156568360819244967e-01
-2.688391030995447850e-01
-4.376741387812790873e-01
5.539994299935888655e-01
8.997678277183122075e-01
7.350210220090747093e-01
9.577315955299239292e-01
-3.660149935297866697e-01
9.276077378590331657e-01
-2.948384521269096226e-01
-5.035595927382151560e-01
4.642610253216731264e-01
6.687185080111928137e-01
-3.903109024011086059e-01
-5.507397534916551596e-01
8.433866546512628348e-01
5.265050137684812448e-01
-2.271186486332846255e-02
-1.000000000000000000e+00
-7.403619493190257694e-01
1.754387719612915397e-02
8.076848375951963810e-01
-8.142354656107173572e-01
-4.378250237871264550e-01
-8.101503721925765733e-01
-8.520436553667222190e-01
-9.368700866662790228e-01
1.000000000000000000e+00
-1.748045417375017063e-01
8.974761952415876154e-01
-2.367787200877505827e-01
6.846679824075688758e-01
-4.387720299951665126e-01
1.945888071089947879e-01
9.383647686403022437e-02
6.233297574874526736e-01
-3.557561842349328263e-01
-8.405963663547453280e-01
3.600959999343470996e-01
8.007005078991397129e-01
-5.424507035640639963e-01
1.678958790915581201e-01
-8.248115362125921224e-02
2.850548658945574187e-01
1.511936855861870654e-01
7.742385652949699271e-01
-8.435708572678783934e-01
1.000000000000000000e+00
6.479530602262850714e-01
4.746010137920404492e-01
9.788625712265383028e-01
-1.341684094449433484e-01
2.680283763314939560e-01
9.118287694674467314e-01
7.731400510666700532e-01
7.686458022040375537e-01
-2.318607332330298310e-01
-3.161711348802231925e-02
7.494231543942930784e-01
-2.552669817290249554e-01
-7.761486562100914366e-01
-1.417102985442149909e-01
2.360171034255431066e-01
4.855544300032956229e-01
-3.515886411608824119e-02
5.930422536383936905e-01
-5.628813535277003011e-01
-6.267925428811410571e-01
-2.616536012446118442e-01
4.985346235158837069e-02
-8.405971043392657105e-01
-1.502447647952098730e-03
-2.890100318582286554e-01
6.581799410031367037e-01
5.593879755780566398e-01
9.023790581802622057e-01
6.456642107233930838e-01
4.520964268122305008e-01
9.946957866460370834e-01
1.219349968225701686e-01
9.279938855760812011e-01
5.965380520946929055e-01
1.000000000000000000e+00
3.449919903194402782e-01
-3.501781510928198005e-01
-4.499858812118839868e-01
-8.014427543969598888e-02
-4.049960714954635166e-01
4.677175973719265301e-01
7.598186963054875953e-01
-6.918613139272422607e-01
-1.020852366917899580e-02
4.038302651512875041e-01
-9.724103625965349051e-01
7.793725532619568686e-01
2.675657256381037685e-01
-3.007929893563467405e-01
6.353814072570471705e-01
6.556401886798668421e-01
-5.191064429047336226e-01
4.506641148545577069e-01
5.223001885953364176e-02
-3.656103477083786912e-01
-3.329159975877593602e-02
8.656171359957904876e-01
3.369679064168656923e-01
8.834987012116163330e-01
9.022851323341730956e-02
-4.215030121103201521e-01
-6.717543860915244913e-01
-9.025479767709652101e-01
2.594846595046537696e-01
-1.245770814683928029e-01
-6.139731694146150637e-02
-2.284886430168857618e-01
-9.807326207235933513e-01
-1.324920301171908787e-01
-6.934090207058100086e-01
9.718625106442253525e-01
-1.000000000000000000e+00
9.467339739545567179e-01
4.796986647146817551e-01
-4.957901756897429846e-01
4.871399845325959377e-01
-3.283523400127086322e-02
-9.758160481764539818e-02
-2.169373944356202399e-01
9.668973624625106789e-01
4.341586139563060054e-01
6.789817746584169145e-01
-8.751347268318590000e-01
-5.127891999026784609e-01
-6.935497296142671686e-02
5.884135729161967809e-01
-2.346096107424077148e-01
2.533691545625510466e-01
-5.295378979829247212e-01
-5.281641720162000286e-02
7.120194022949488666e-02
-4.706034002211774148e-01
-7.503847683359812226e-01
-9.661175472164872380e-01
5.225010222463601917e-01
3.094501359585151157e-01
-7.737959899337620850e-02
2.260293321841773395e-01
1.911729622648106752e-01
2.422524101570319444e-01
5.124509797738263650e-02
4.555012500174236423e-01
-6.401545010974070138e-01
-4.671599806678264910e-01
-9.835511181468419295e-01
4.379120232393897139e-01
-8.309141374557749149e-01
-3.664414087472276926e-01
-8.807990832433819639e-01
5.881381539653732782e-01
2.728111016680476175e-02
5.567706674314191195e-01
7.889668664763449524e-02
9.024794573283132504e-01
9.669457964271482853e-01
-8.260292696289442960e-01
-6.247430800240918458e-01
-6.562015257658990741e-01
-9.770540550160913273e-01
-5.184745490285436187e-01
-2.628476944177677854e-01
7.110540125581188420e-01
-4.927397336659120053e-01
-4.159900626182044259e-01
2.728188577485910482e-01
-6.116653144480085347e-01
8.815938016242619302e-02
1.199534663826077319e-01
8.487018176715642737e-01
-9.897490589296319419e-01
7.667846489085050621e-01
-6.800648602163243961e-01
8.144316930985984193e-02
-7.200895250276080350e-01
-4.390282808365355560e-01
2.200554159199840376e-01
-4.577859373398939224e-01
