-4.723215287697565823e-02
-1.000000000000000000e+00
1.617852364870504545e-01
-2.399171039343173106e-03
3.730449222137569021e-01
-2.112031283278844318e-01
-1.631977343555853222e-01
2.420178545251664981e-01
4.402006301006591849e-01
9.237387808603739758e-01
-3.466179626070094999e-01
-4.487042761749487907e-02
6.626055327495679048e-01
9.240650082455830194e-01
-3.109173190254883590e-01
1.726171419214526659e-01
-4.675951524744918486e-01
-6.766039026881214280e-01
7.811795156608445367e-01
6.640355243650820638e-01
-1.516261761588779677e-01
3.783161635996403760e-01
-5.647839002243583151e-01
2.043511803007700411e-01
-3.357364101314092575e-01
-1.000000000000000000e+00
1.830745668974861351e-01
-6.908187168353973062e-01
4.790873220870434657e-01
-1.000000000000000000e+00
5.926505157560402193e-01
9.549748058580853627e-01
-7.842341517009570051e-01
9.915272359002444968e-01
4.466777339117535689e-02
1.000000000000000000e+00
-1.330670306270981817e-01
-9.379817008148304547e-01
1.920366279337687998e-01
-9.716712138896598239e-01
-3.624894047565848099e-01
6.427242133295827387e-01
1.234978953733945062e-02
6.094963353508108250e-01
1.000000000000000000e+00
-3.261638962509955109e-01
-9.872917967895671332e-01
-9.988676563885316995e-01
-6.029309184706295177e-01
3.930593958515795627e-01
-1.000000000000000000e+00
-5.841639198549908318e-01
1.452475832847932580e-01
5.549915168858710057e-01
7.506154950762043976e-01
-9.415466889448298460e-01
-6.609774997591061352e-01
7.188999599430870857e-01
-4.502090516331287429e-01
-9.694992017591876898e-01
5.732075287419927667e-01
-1.000000000000000000e+00
-5.418703223274312641e-01
3.898370677408471985e-01
2.274489767262604101e-01
1.000000000000000000e+00
-1.525920287448945534e-01
-1.000000000000000000e+00
2.598330637065832671e-01
5.693305111536310914e-01
-2.227665433141766127e-01
-5.670724101240650489e-02
1.837418333793955361e-01
1.000000000000000000e+00
-1.150895800195253782e-01
2.737881973501941069e-01
8.360069189669777634e-01
1.830038634893305094e-02
2.022254433395258011e-01
-2.074609385959567120e-01
-4.034052724129910672e-02
-7.764480832856365256e-01
-9.894726109646410084e-01
-3.284613493111705473e-01
-6.424989537420636165e-02
-5.688107229633172501e-01
4.796820157691262798e-01
-2.232230511432474196e-01
1.000000000000000000e+00
5.801167038152275218e-02
1.000000000000000000e+00
-1.866388162127659012e-01
-3.104219619382279083e-01
-3.292264980213810421e-01
-3.993369626214293699e-02
-4.545501653333267056e-01
-7.517375326240322009e-02
-4.595602752594796225e-03
3.640525103931605555e-01
-1.062015923217660140e-01
1.000000000000000000e+00
-1.000000000000000000e+00
1.270975606918193779e-01
-7.163400216359174788e-01
1.586549094933935034e-01
1.279778859837608085e-01
-2.708275721481082643e-01
9.087742628127128963e-01
-1.000000000000000000e+00
-6.525991179196011238e-01
-8.752076277875160404e-01
-3.795029710907293352e-01
1.000000000000000000e+00
9.300634161340869122e-02
4.563284849539118171e-01
3.336242023263250589e-01
-1.973499727355723654e-01
2.723759702409138117e-01
3.131915499534008718e-01
-1.000000000000000000e+00
-1.000000000000000000e+00
-3.397103167478752184e-01
1.777213953199995866e-01
-3.384228110685897351e-01
5.760342211042612792e-01
1.024615642221356482e-01
8.316431995286562850e-01
-4.230618326767952575e-01
-6.490959696222272646e-01
-8.358250614647959598e-01
-9.906180148762504523e-01
-1.018634797930301761e-01
9.003023111035535209e-02
-5.271968632244946606e-01
6.131910413912060598e-01
1.120462157035672091e-01
-3.156071729943134563e-01
5.728541459072558073e-01
6.679483650262124650e-01
-4.538875234299186157e-01
-4.656753428485824742e-01
1.836825577757550398e-01
2.444076526712996023e-01
-7.185683161297723442e-01
-7.157883161900863156e-01
6.762872358505651604e-01
-1.362628717602771822e-01
7.426329458471597755e-01
-3.813938747957560382e-01
-4.525880176771647778e-01
2.773554175691964052e-01
7.945702282292714802e-01
5.467903885829544786e-01
-6.278776064314354199e-01
9.633980538236778246e-01
-4.329598711384856635e-01
3.731605895651182170e-01
-6.652382704807869862e-01
7.327306726054597652e-01
-3.672045991401750031e-01
-4.593987059339837975e-01
2.476155203730560084e-01
-7.851740035805534479e-01
-3.029871288355519554e-01
4.743414621410130816e-01
1.218984941371205333e-01
-7.620726136485611590e-01
4.136111564252836770e-01
-4.250903758961532830e-01
-8.840816823298174310e-01
6.735098734032304302e-01
3.227100305691379400e-01
-3.142353112668183623e-01
1.000000000000000000e+00
-3.838566834119688242e-01
7.853712578866071103e-01
-1.744968173157426250e-01
-5.048249311286645558e-02
-7.085454743654497900e-01
-7.979266713304530301e-01
5.046233659523107207e-01
-7.899943645436461326e-01
-5.911486598625248501e-01
-1.163349369481632700e-01
6.000176161452899226e-01
8.511758327703660143e-01
-1.000000000000000000e+00
6.190233238777509417e-01
9.348947245579990184e-02
9.499887095982020302e-01
-3.736144621801774646e-01
1.000000000000000000e+00
-9.627444295481845105e-01
-5.162437632907749263e-01
6.738201855575075283e-02
-6.693031669809590412e-01
2.534368414353587173e-01
1.000000000000000000e+00
7.101529382980545368e-02
2.415844753767191211e-01
-8.825113862525330033e-01
-1.000000000000000000e+00
4.105566104490575574e-01
1.000000000000000000e+00
4.650180952304974191e-01
8.610230898712452063e-01
7.595174992820890036e-01
-3.016848629127502068e-01
1.643105860502866444e-01
-2.429787641037284285e-02
-3.901293474412959594e-01
-6.427539748023566313e-01
-5.096149822906671512e-01
1.212514451959907924e-01
7.238963460933067751e-01
-6.063292638144951452e-01
1.151453042301455731e-01
7.499466560696672612e-01
2.184185734139390545e-01
-3.125178379316746469e-01
-3.370466843322428296e-01
1.000000000000000000e+00
-3.238945349473562607e-01
1.000000000000000000e+00
-1.154597625278730444e-01
-4.252837497695394209e-03
7.655490855940408901e-01
3.875031887658999530e-01
3.587676285930034847e-01
-3.116160659631320162e-02
-5.956663618087444378e-01
-2.354976927729395264e-01
7.844283572764433332e-01
4.584265385487717448e-01
-5.985863121182204427e-01
-6.186481626028206282e-01
-1.000000000000000000e+00
-2.206311346339890900e-01
3.799927298825694910e-01
2.215827816170778952e-02
1.778855258323644994e-01
-1.651597013657681856e-01
2.124396156873161745e-01
1.531918772042247801e-01
-9.915601431619309736e-01
-1.279145335033043951e-01
-3.636142802702854726e-01
2.908263368561795903e-01
-6.880058720936601535e-01
7.737953435804614255e-01
-1.785036609424282134e-02
-8.979454403746814917e-01
2.680431356579910385e-01
-7.908891457906940259e-01
9.812521908796303372e-01
-9.789046303870062582e-01
-8.427419068963080129e-01
3.796715385507039298e-02
-2.013588277599344389e-01
6.951538889155092216e-01
3.010779861964745785e-01
5.183228737759377758e-01
1.436335270567064282e-01
-3.776276404254391705e-01
-4.391275032027752712e-02
