-7.173569749532485718e-01
3.572277200272143682e-01
3.040321699431166591e-01
1.000000000000000000e+00
-6.373287663989797291e-01
7.045081254382512537e-01
-1.000000000000000000e+00
-3.295449504673339525e-01
6.941613178961232311e-01
-8.715883706565280553e-01
-1.000000000000000000e+00
9.492452487507949677e-01
-1.000000000000000000e+00
-2.404392135677629883e-01
-1.506554092160460878e-01
2.906831889947783520e-01
-2.439975463252991861e-01
1.000000000000000000e+00
8.503306218188452226e-01
5.503577019988907804e-01
1.865539460662817839e-01
-1.000000000000000000e+00
-1.000000000000000000e+00
-8.715091190245261021e-02
1.000000000000000000e+00
-1.000000000000000000e+00
-5.451878995557501995e-01
-5.619726940567759677e-01
-1.000000000000000000e+00
7.345904631539814655e-01
1.000000000000000000e+00
1.000000000000000000e+00
2.634622706189756469e-01
7.381053679752225261e-01
-1.000000000000000000e+00
1.390454278559022372e-01
7.388942669349639614e-01
-1.000000000000000000e+00
5.738098317779215529e-01
1.000000000000000000e+00
3.399066558047769693e-01
8.813167552152900708e-01
1.472722150641784244e-01
1.000000000000000000e+00
1.000000000000000000e+00
-6.345106028221468852e-01
-3.008501144926175597e-01
1.000000000000000000e+00
3.450649021472642491e-02
-1.000000000000000000e+00
1.000000000000000000e+00
5.018115146364062751e-01
1.000000000000000000e+00
-2.309507169786061409e-01
-8.488082273892286755e-01
-7.878016503881465349e-01
8.282330229490764140e-02
-4.454223900258743596e-01
-1.000000000000000000e+00
-1.000000000000000000e+00
-4.695198730205923932e-01
-9.036357361958404777e-01
-7.861076342588990684e-01
-9.830110120495630932e-01
6.103860354832509882e-01
-1.000000000000000000e+00
3.080113492031482103e-01
1.640707583800526947e-02
2.226819829343876789e-01
-1.000000000000000000e+00
-2.147659466577323817e-01
-9.859445989085147133e-01
-1.000000000000000000e+00
1.035848154429901136e-01
3.373800106290410494e-01
1.000000000000000000e+00
8.916820148009215741e-01
-1.000000000000000000e+00
1.000000000000000000e+00
7.561114098747645507e-02
4.133245610517906066e-01
2.318185242070548158e-01
-1.000000000000000000e+00
1.000000000000000000e+00
-4.448831792852538103e-02
-3.841878985053269746e-01
1.000000000000000000e+00
-1.000000000000000000e+00
-1.000000000000000000e+00
-1.000000000000000000e+00
1.000000000000000000e+00
-1.000000000000000000e+00
-6.894165857226211003e-01
2.314282453037946052e-01
3.637506772578847358e-01
-5.724280159450287897e-01
9.739884386577948305e-01
-7.939372972169137510e-01
-5.464483666361200642e-01
-1.000000000000000000e+00
-1.000000000000000000e+00
2.667874296412060531e-01
1.000000000000000000e+00
1.000000000000000000e+00
-6.713994276932904182e-01
-1.000000000000000000e+00
1.000000000000000000e+00
2.401040735832804529e-03
1.000000000000000000e+00
-3.228266880454506715e-01
7.534044931860373051e-01
4.031895138804612033e-01
-1.000000000000000000e+00
6.070668171746643749e-01
-1.000000000000000000e+00
1.000000000000000000e+00
-3.946856535962394164e-01
3.917588042817961025e-01
-2.267874840345274201e-02
1.302869510522038088e-01
1.396225498995587733e-01
-7.035020657863905180e-01
-4.812978388653944006e-01
-1.000000000000000000e+00
1.707960765341919318e-01
-1.000000000000000000e+00
5.485457013937231618e-01
3.846605703402570242e-01
-4.798877776638077464e-02
-1.000000000000000000e+00
5.072423139267373537e-02
1.000000000000000000e+00
1.000000000000000000e+00
-1.000000000000000000e+00
5.769057138468924872e-03
5.769140193673005790e-01
3.201937221026346370e-02
2.088450905139271896e-02
5.521644413974321486e-01
-9.379944241785607151e-01
-1.000000000000000000e+00
-3.880548319881425012e-01
3.286632822886131899e-02
2.316747796529656789e-01
-5.915287486155405006e-01
1.000000000000000000e+00
7.687846733580858682e-01
9.988902073352452504e-01
-9.473811369162570273e-01
7.230517134799232526e-01
1.000000000000000000e+00
-1.000000000000000000e+00
-5.144385463992003915e-01
2.453109629688824400e-01
8.068246773150606899e-01
-5.179280557864328616e-01
7.196625191173809943e-01
1.000000000000000000e+00
3.801897667030468275e-02
-1.000000000000000000e+00
1.000000000000000000e+00
-2.550080603301694282e-01
-6.229827758827055639e-01
-4.295215021888047491e-01
-3.851875725366082914e-01
1.000000000000000000e+00
1.013822818105482998e-02
-1.000000000000000000e+00
-9.023944503417786756e-01
1.000000000000000000e+00
1.000000000000000000e+00
-1.000000000000000000e+00
-6.831118528574572357e-01
-9.439091266122697776e-01
-1.000000000000000000e+00
5.814002874675978649e-01
9.698840053298471986e-01
9.543976154014599533e-01
8.131951620880482068e-01
1.000000000000000000e+00
7.433507652238238173e-01
7.708501028605641014e-02
-1.000000000000000000e+00
-1.000000000000000000e+00
1.000000000000000000e+00
-1.000000000000000000e+00
-1.000000000000000000e+00
-7.706019626502675912e-01
4.406371326063998062e-01
-3.000724941259587109e-01
9.045654760046963894e-01
-1.000000000000000000e+00
1.955415275897381955e-02
5.272433118892534409e-01
-1.000000000000000000e+00
-1.000000000000000000e+00
9.447075979063961348e-01
1.000000000000000000e+00
7.549479635509960262e-01
-1.000000000000000000e+00
9.861548724635313956e-01
-7.781927510221432476e-01
-1.000000000000000000e+00
3.365465132013162330e-01
7.020474521120416700e-01
5.413747376647050080e-01
5.969643193762257383e-01
1.000000000000000000e+00
-1.000000000000000000e+00
-8.314830322099913129e-01
-1.000000000000000000e+00
3.061119135206987751e-01
-2.273411530167504524e-01
-2.237704427320156286e-01
1.000000000000000000e+00
-6.719034680621029931e-01
-7.560709178355004001e-01
1.000000000000000000e+00
1.000000000000000000e+00
-7.655775465556509118e-01
-7.931937756461672206e-01
1.000000000000000000e+00
-1.000000000000000000e+00
5.952978566420341622e-01
8.551323888007752450e-01
-2.421675492916514072e-02
1.000000000000000000e+00
-1.000000000000000000e+00
-9.449947167158542216e-01
1.000000000000000000e+00
1.000000000000000000e+00
1.000000000000000000e+00
9.178379750849127161e-01
2.680216144089255237e-01
-1.000000000000000000e+00
-1.000000000000000000e+00
-1.156673162368218044e-01
-1.000000000000000000e+00
2.503059069465420894e-01
1.000000000000000000e+00
-1.509308213377101582e-01
-1.000000000000000000e+00
-2.278032947035592004e-01
-2.590339398057811549e-01
-1.000000000000000000e+00
-1.000000000000000000e+00
-9.504780389396569884e-01
6.150878751141674039e-01
-9.017740424293136936e-01
-1.000000000000000000e+00
-4.781287203005212261e-01
-1.328460393842788301e-01
-5.605641152887705925e-01
1.000000000000000000e+00
4.456310677036542933e-01
-1.000000000000000000e+00
9.518813469825545548e-01
5.680749221781786762e-01
1.000000000000000000e+00
1.483962396286311602e-01
-1.000000000000000000e+00
1.423144190409756371e-01
4.603372220250179780e-01
1.721432719622597030e-01
-3.209274037063146734e-01
