-2.651215684221030489e-01
-3.118980181222141268e-01
-5.210874597715523526e-01
7.918094385682190595e-01
6.322763498628717338e-01
-6.686596515158240717e-01
-6.990877561236464866e-01
1.000000000000000000e+00
-7.081290114082654519e-01
-4.601315593198735399e-01
-4.294261140659209053e-01
-2.052348730137568966e-01
5.869454386908581345e-01
-9.100285055428586345e-02
-1.000000000000000000e+00
7.935213664702097658e-01
-1.000000000000000000e+00
2.113128337634999632e-01
-3.749676294032282531e-01
1.000000000000000000e+00
2.699654819186574906e-01
-1.187850407919500695e-01
6.889400734024608841e-01
-1.376333562028082547e-01
7.107282539297203883e-01
2.508643762530933241e-01
9.570983566453861169e-02
2.517922423410561272e-01
7.937926060218889468e-01
3.598474519752508094e-01
2.539680076481873883e-01
-1.000000000000000000e+00
-8.424137991864644182e-01
-9.887473224299010433e-01
1.000000000000000000e+00
-7.478258163395623548e-01
5.684048276950485201e-01
-5.373882298897294518e-01
7.006535527546271513e-01
-2.681769808897315199e-01
-6.879980934783009872e-01
8.232868185183119802e-01
7.043564632061578568e-01
3.352811711377019499e-01
2.107666299893200951e-02
4.886577637556942522e-01
-8.225826371674702653e-01
-8.936620518676717806e-01
5.525580745808515992e-01
3.084055945436229296e-01
-5.626744983508347175e-01
8.527282047690647460e-01
7.301464689372760830e-01
-1.487301516215439046e-01
-3.539963012061222436e-01
1.000000000000000000e+00
-7.217727151953757803e-01
9.400229854919681660e-01
-4.561647731117446369e-03
3.099136561973459547e-01
-3.519428066221744755e-01
-4.180953247629046188e-01
8.408672949615146885e-01
-9.517637630214759170e-01
5.106046651597619945e-01
8.732221840893994447e-01
9.870454532351587984e-01
9.280826367025392098e-01
-1.675488725348623364e-01
2.432185713299181429e-01
2.643534135780158945e-01
2.601327826551123046e-01
6.217850165695293363e-02
-1.000000000000000000e+00
7.221715376394944874e-01
5.164178351624028052e-01
-9.703753918086379660e-01
-7.678205650508940217e-01
-1.000000000000000000e+00
7.949532240470340572e-01
-4.896375351497721518e-01
-2.548912746586986522e-01
3.232465994013611343e-01
6.831968273146149517e-01
-4.407259004073086350e-01
-3.644204431013282619e-01
-5.866239079161800207e-01
-2.704778880667299545e-02
-4.965303013306011648e-01
2.344474171707240651e-01
9.172193714044132307e-01
2.122003974847277430e-01
-1.000000000000000000e+00
-2.724118524593052149e-01
-4.994331730033054195e-01
9.629515101936296784e-01
-5.396501641260662563e-01
8.516446761400673360e-01
7.934828194172839355e-01
2.509524732988551721e-01
2.714437386157455556e-01
-5.759925229759017551e-01
-1.000000000000000000e+00
-4.900052025296546265e-01
8.359698304983997907e-01
-6.027770946819717146e-01
8.459748361184997734e-01
-1.000000000000000000e+00
3.695566066063857846e-01
4.009354356188222779e-01
-7.367528749491837337e-01
8.182147401952846177e-01
-5.826112709355434349e-01
-1.670459240269695500e-01
-7.947880859247824503e-01
7.859851937553351542e-01
-4.450226783404168107e-01
-6.044539755242388512e-01
-4.636205406586862421e-01
-6.239862585196831457e-01
-2.548912746586986522e-01
9.220173274162541954e-01
1.000000000000000000e+00
-7.309101273215889982e-01
2.300595142058151632e-01
-6.857565210931901856e-01
-6.357590060351924199e-01
1.061229218838973809e-01
-5.592114710134329369e-01
6.399567194219772936e-01
8.247096155404586293e-01
8.471933161537925638e-02
4.965436053983905418e-01
3.476779535593788051e-01
-9.123447480939661514e-02
-3.321935414534008535e-01
7.504909735018218120e-01
2.059532287882754886e-01
5.615971134904489404e-01
-7.206983612435696740e-02
-5.097361515229720252e-02
1.000000000000000000e+00
3.951097391779786472e-01
-6.185586704465808605e-01
-7.169234427373405438e-01
-2.929281067283511231e-01
6.412945781894446862e-01
5.763557899134500451e-01
1.205259226074622547e-01
-8.190128021753151355e-01
-1.000000000000000000e+00
1.000000000000000000e+00
1.636406977690469389e-01
8.196775537147805712e-01
2.548912746586986522e-01
5.984014937331662010e-01
-5.975540920862305594e-01
5.600270690259985251e-01
8.848158052299037735e-01
-7.431098790831845990e-01
8.424982947690977664e-01
3.474420150727826062e-01
-1.269854576715753192e-01
2.645470858298692440e-01
3.892496407722970120e-01
-1.000000000000000000e+00
1.000000000000000000e+00
7.422956174510553229e-01
6.109889055212089914e-01
-3.806052510874024519e-01
9.544068474175690930e-01
6.274664387642503449e-01
-5.864573132090635799e-01
-3.286028803693026301e-01
-2.096846834777884028e-01
-7.494670086323181879e-01
-4.946008006235314003e-01
5.351043665767500901e-01
-7.166729855583071629e-01
4.704106433286034394e-01
-2.120251335213958477e-01
-1.000000000000000000e+00
-5.828183882721859055e-01
-1.000000000000000000e+00
1.000000000000000000e+00
4.627375958806700940e-01
-9.257162135274418224e-01
-2.721272733565222590e-01
-1.245298156545218138e-01
-1.000000000000000000e+00
5.698050957966215302e-01
1.211369587453452468e-01
5.969166655244292352e-01
-8.317563637146312416e-01
3.340830442501357411e-01
-2.246157425262373386e-01
8.523765949404210618e-02
7.075546004896775543e-01
-3.922286154654591739e-01
2.898745450387830713e-01
8.891719519718941367e-01
-1.000000000000000000e+00
-5.298360696292064853e-01
6.619056218389198776e-01
-6.036183205798253404e-01
-5.921520561691806517e-02
-8.710791772044120806e-01
6.540831657774988095e-01
1.000000000000000000e+00
1.000000000000000000e+00
-9.932273610686926935e-01
-5.698655985552797398e-02
-1.000000000000000000e+00
9.380796548602639007e-01
-4.050408004614463042e-01
-8.008083002137258433e-01
-1.966597696092919345e-01
-5.324054903404183969e-01
-5.769093337249515674e-01
8.413843846386152014e-01
-4.716876319932271633e-01
-7.783764055418285199e-01
3.367925255446602151e-01
3.120455939768506104e-01
9.591531195889018147e-01
-1.000000000000000000e+00
-3.484723544051471222e-01
-6.483867684397350839e-01
4.995810562009287414e-01
-1.000000000000000000e+00
-8.269240885035176181e-01
5.516952134052083290e-02
-7.653160634378796123e-01
6.011327512732203004e-01
-7.105297687196726608e-01
-7.919380245995385481e-01
6.539751233444670575e-01
9.083080684342836886e-01
-3.022017596627493141e-01
-9.310265962480788193e-01
9.705030670042204266e-02
-4.407080252731099268e-02
3.666610457787073951e-01
-8.558251702647140524e-01
2.817840260282589160e-01
2.252666546534383696e-01
9.593105448612403441e-01
8.826039524506058553e-01
-1.000000000000000000e+00
1.000000000000000000e+00
2.130990904474271419e-01
1.677216043687541625e-01
3.486455165656463517e-01
7.590938348006853742e-01
-2.556728563424180978e-01
-7.555590023906433306e-02
-1.000000000000000000e+00
8.421695615603024265e-01
-4.909472656953876024e-01
4.639193359327678512e-01
5.796708934093059984e-01
-1.632302591918544099e-02
9.763973561434877713e-01
1.000000000000000000e+00
1.000000000000000000e+00
