1.200037045414573678e-01
-1.000000000000000000e+00
3.824628256370723456e-01
1.000000000000000000e+00
1.000000000000000000e+00
8.021485793331604164e-01
1.000000000000000000e+00
3.306767644567299436e-01
-1.000000000000000000e+00
-1.260377535181522735e-02
-1.000000000000000000e+00
2.357781381416839128e-01
1.000000000000000000e+00
9.027162197674742927e-02
-1.000000000000000000e+00
-1.000000000000000000e+00
-1.000000000000000000e+00
1.000000000000000000e+00
1.000000000000000000e+00
3.811038366859408333e-01
-1.000000000000000000e+00
-1.000000000000000000e+00
1.000000000000000000e+00
1.000000000000000000e+00
1.000000000000000000e+00
1.000000000000000000e+00
1.000000000000000000e+00
6.177194502495224615e-01
2.386901723778923623e-01
1.000000000000000000e+00
1.000000000000000000e+00
-3.429327640147790124e-01
-1.000000000000000000e+00
1.000000000000000000e+00
1.000000000000000000e+00
-1.000000000000000000e+00
-1.000000000000000000e+00
-1.000000000000000000e+00
1.374509806170741699e-01
1.000000000000000000e+00
-1.000000000000000000e+00
1.000000000000000000e+00
-1.000000000000000000e+00
-5.855303351488394537e-02
1.000000000000000000e+00
-1.000000000000000000e+00
-1.000000000000000000e+00
1.000000000000000000e+00
-1.000000000000000000e+00
-3.130666471243404025e-02
-1.000000000000000000e+00
5.101624525816806921e-01
1.000000000000000000e+00
-1.000000000000000000e+00
2.398673368956938390e-02
-1.000000000000000000e+00
-1.000000000000000000e+00
1.000000000000000000e+00
6.032003149755648108e-01
1.000000000000000000e+00
1.000000000000000000e+00
-9.997420105462629936e-01
1.000000000000000000e+00
1.000000000000000000e+00
1.000000000000000000e+00
-1.000000000000000000e+00
1.000000000000000000e+00
1.000000000000000000e+00
4.750634248876445254e-01
3.930976559921398605e-01
-1.000000000000000000e+00
1.000000000000000000e+00
-1.000000000000000000e+00
-1.000000000000000000e+00
1.000000000000000000e+00
1.000000000000000000e+00
1.000000000000000000e+00
-1.000000000000000000e+00
9.050674483094101053e-02
5.456622292604024205e-01
1.000000000000000000e+00
-1.000000000000000000e+00
-1.000000000000000000e+00
-1.000000000000000000e+00
-1.000000000000000000e+00
1.000000000000000000e+00
1.000000000000000000e+00
1.000000000000000000e+00
-1.000000000000000000e+00
2.021122967437625206e-01
1.000000000000000000e+00
-2.820863047751749342e-01
1.000000000000000000e+00
-1.000000000000000000e+00
2.648190514383481631e-01
6.404649662749889449e-02
-1.000000000000000000e+00
1.000000000000000000e+00
1.000000000000000000e+00
4.930183387228259662e-01
-7.287008085445588756e-01
-1.000000000000000000e+00
-1.000000000000000000e+00
-1.000000000000000000e+00
-1.000000000000000000e+00
1.000000000000000000e+00
1.000000000000000000e+00
-1.000000000000000000e+00
1.000000000000000000e+00
1.000000000000000000e+00
-1.000000000000000000e+00
1.000000000000000000e+00
-1.520884426083349283e-01
-1.000000000000000000e+00
1.000000000000000000e+00
3.883166143130745152e-01
3.997051411309533453e-01
1.000000000000000000e+00
-1.000000000000000000e+00
-1.000000000000000000e+00
1.000000000000000000e+00
1.000000000000000000e+00
-1.000000000000000000e+00
-3.146873142548389790e-01
-1.000000000000000000e+00
-6.557845439175887803e-01
-1.000000000000000000e+00
-1.000000000000000000e+00
1.000000000000000000e+00
1.000000000000000000e+00
-1.000000000000000000e+00
-9.111577260695915559e-01
1.000000000000000000e+00
6.113586917374219665e-01
1.000000000000000000e+00
7.365689139168452026e-01
-5.422030530456232178e-01
-6.104058926077684522e-01
5.225442603186892798e-01
4.769758889968150894e-01
-1.000000000000000000e+00
1.000000000000000000e+00
1.000000000000000000e+00
-1.000000000000000000e+00
6.037831537698963302e-01
-1.000000000000000000e+00
1.000000000000000000e+00
1.000000000000000000e+00
-1.000000000000000000e+00
1.378145770849599216e-01
-1.000000000000000000e+00
1.000000000000000000e+00
-6.902009919725770049e-01
-4.730248218478643185e-01
1.000000000000000000e+00
1.000000000000000000e+00
-1.266398054384026972e-02
4.547369282463124551e-01
1.000000000000000000e+00
-1.000000000000000000e+00
-1.000000000000000000e+00
1.000000000000000000e+00
1.000000000000000000e+00
1.000000000000000000e+00
8.026030639720393989e-02
-6.802177625953076401e-02
4.571822807221650464e-01
4.536087842512308566e-01
-1.000000000000000000e+00
-9.177513027237196308e-01
-1.000000000000000000e+00
4.545391708684072274e-01
1.000000000000000000e+00
-1.000000000000000000e+00
1.000000000000000000e+00
-1.000000000000000000e+00
-1.000000000000000000e+00
-1.000000000000000000e+00
-1.000000000000000000e+00
-1.000000000000000000e+00
4.087148248740460899e-01
1.000000000000000000e+00
-1.000000000000000000e+00
1.000000000000000000e+00
-9.938776945388639872e-01
1.000000000000000000e+00
-1.000000000000000000e+00
-1.000000000000000000e+00
-4.721835325889934820e-01
1.000000000000000000e+00
1.000000000000000000e+00
-1.000000000000000000e+00
4.650627397765012550e-01
-1.000000000000000000e+00
1.000000000000000000e+00
-1.000000000000000000e+00
4.824807160611184198e-01
1.000000000000000000e+00
1.000000000000000000e+00
-1.000000000000000000e+00
1.000000000000000000e+00
-1.000000000000000000e+00
1.000000000000000000e+00
1.000000000000000000e+00
3.147751454096676671e-01
-1.000000000000000000e+00
-1.000000000000000000e+00
1.000000000000000000e+00
1.000000000000000000e+00
9.927210343719471419e-01
-1.000000000000000000e+00
-1.000000000000000000e+00
1.000000000000000000e+00
9.639763134620038532e-01
1.272264722328185216e-01
-1.000000000000000000e+00
1.000000000000000000e+00
-1.000000000000000000e+00
1.000000000000000000e+00
1.000000000000000000e+00
-1.000000000000000000e+00
1.910728319133973008e-01
1.000000000000000000e+00
-1.000000000000000000e+00
1.000000000000000000e+00
-1.000000000000000000e+00
1.000000000000000000e+00
-5.388713164763206942e-01
1.000000000000000000e+00
1.000000000000000000e+00
-5.742742362958257463e-01
-9.206950508960283219e-01
-1.000000000000000000e+00
1.000000000000000000e+00
1.000000000000000000e+00
-6.162722627557827293e-01
-1.000000000000000000e+00
1.000000000000000000e+00
-1.000000000000000000e+00
6.698732978001418203e-01
1.000000000000000000e+00
8.653741494384171729e-01
1.000000000000000000e+00
5.485961597759098085e-01
-1.000000000000000000e+00
3.420359974971038941e-01
-1.000000000000000000e+00
1.000000000000000000e+00
-1.000000000000000000e+00
1.000000000000000000e+00
1.000000000000000000e+00
7.937082129275296882e-01
1.000000000000000000e+00
1.000000000000000000e+00
-1.000000000000000000e+00
1.000000000000000000e+00
-1.000000000000000000e+00
-1.000000000000000000e+00
1.000000000000000000e+00
-1.000000000000000000e+00
-9.151412917748509290e-01
-1.000000000000000000e+00
1.000000000000000000e+00
1.000000000000000000e+00
8.459641396827021209e-01
