3.544524467609257851e-02
-3.127480191986454217e-01
-4.075840972565517029e-02
-1.211793722895300740e-01
-4.441970516392801382e-01
6.814406941588455613e-01
-9.474938860888763026e-01
-1.701035470136011418e-02
-4.053402176833668102e-01
-3.485914970159447734e-01
1.444636233384920809e-01
-1.920153884939801991e-01
-2.362827037256577667e-01
1.000000000000000000e+00
-3.845982803397713923e-01
1.000000000000000000e+00
-2.089630384796970497e-01
-4.122656676269087495e-02
-4.621184294873818543e-01
8.449977867226645678e-01
-4.868088083897306739e-01
-1.561166142801304890e-01
7.934821831901340827e-01
-5.446493225265499616e-01
3.433353961042789337e-01
-4.139046189407463161e-01
9.650473060428558236e-01
1.960394470941807105e-03
1.000000000000000000e+00
-3.998924085920210203e-01
-4.334847482621085879e-01
6.081298985980831961e-01
1.000000000000000000e+00
-3.698801291031654781e-01
7.168125302845895774e-01
-1.003404522314074176e-01
1.904094648846843818e-01
-3.297846919054923664e-01
-6.735186146666122253e-01
7.146273715646513924e-01
3.711421429126037785e-01
-5.576790292740061578e-02
4.889124728865161251e-01
-9.017812877133246641e-01
6.552891125143944784e-02
-3.068618199007892011e-01
-4.021132844771543868e-01
-1.000000000000000000e+00
9.595726432224657154e-01
2.906712121686118588e-01
6.275667298017468809e-01
4.233495090682600770e-01
2.942719592031319276e-01
4.856096555611890686e-01
4.413930571017697924e-01
5.958094096850933274e-01
-1.615389549969180327e-02
8.891638317533389069e-01
3.703277534515120872e-01
-3.589236024646645373e-01
4.948928037873409624e-01
-3.475969108348894721e-01
2.875323621662506657e-01
-1.675981617079131958e-01
4.064018785893608876e-01
-2.214792160288208689e-01
-3.286254834237424260e-01
-9.895736414810296644e-01
1.617307301440029099e-01
4.918637215094295856e-01
-5.114456577855784891e-01
-7.806751541246230719e-01
-1.955496952804309796e-01
-2.920204887109290048e-01
-9.526845482793325770e-01
-7.233387153938205527e-01
-3.739639583267985457e-03
1.000000000000000000e+00
3.681492983658394835e-01
5.556521405068102215e-01
-9.426269459338230128e-01
-7.868030198084604576e-01
3.920414849312704453e-01
-4.892492769571034072e-01
-1.407254420919441529e-01
-1.447212507628496125e-01
-6.508389962606322410e-01
2.303407726987168891e-01
6.755167847541394543e-01
6.976241789052117781e-01
-1.000000000000000000e+00
2.739307985629739484e-02
-4.087394205588018026e-01
5.360706950908309398e-01
-1.000000000000000000e+00
1.554818104461329897e-01
-6.812422015378746809e-02
6.103930533838011069e-02
6.887754662930317684e-01
-3.248773493975855020e-01
-7.578314119017599548e-01
-4.258841330755167576e-01
-7.241510019731444148e-01
-4.720546303894291307e-01
2.441842500672489757e-01
-8.967634122064314095e-01
4.711177754064131973e-01
1.000000000000000000e+00
5.586696937779488392e-01
-6.126360884452983768e-01
2.639033714010538545e-02
-4.089784478132468259e-01
1.989676446216439021e-01
-1.000000000000000000e+00
-2.730491819969907974e-01
-6.159566261418488731e-01
4.457587770724612541e-01
5.820127037926593472e-01
1.270473689831172134e-02
1.839487542801764297e-01
-3.062642406711920673e-01
7.892012324935582246e-03
5.690849324621634064e-01
-3.780694140444401663e-01
5.846260822548374758e-01
1.096314978956522829e-01
-1.821828973307938471e-01
-8.445054387263362106e-01
6.965473523116276766e-01
-5.149910551822676208e-01
-2.003695427097810511e-01
-1.000000000000000000e+00
-1.458905117347877867e-01
1.000000000000000000e+00
-4.294519867274586011e-01
-6.914313168280402655e-01
2.262096598361372501e-01
-2.632028426923169739e-01
-4.858597714194794887e-02
9.733713683118234705e-01
-1.000000000000000000e+00
-4.874734907835801545e-01
-1.897031984826648143e-01
-2.311845922318554458e-01
6.838373918486230219e-01
7.158124576085939106e-01
-6.303374605147332721e-01
-6.083146682467653887e-01
-1.000000000000000000e+00
3.304991718492087394e-01
-1.141838892378819886e-01
-5.930508965222456297e-01
-1.887005397653309935e-01
-3.132581825276100074e-01
-4.478243869491970175e-01
-7.657461214710143960e-01
8.422804363131676519e-03
4.614695994660948930e-01
1.454822724044081972e-01
1.456712834690842284e-01
4.358022362676967076e-01
-8.857356238011904193e-01
6.892467122741686714e-01
9.525824768798087094e-02
-2.842055586731591643e-01
-4.090860518761306186e-01
-8.885269386791044832e-01
-1.966109169859809602e-01
-1.643435395645046482e-01
1.609124174713052469e-01
-8.821062654961626670e-01
-4.668191018918844692e-01
-4.211814799810382204e-01
-4.146558036207929065e-01
1.048209851375983548e-01
-1.000000000000000000e+00
-1.143585183856064141e-01
7.221532645632608438e-02
4.776991657328433227e-01
4.000402640283663991e-01
-5.863314911939192520e-01
5.452726052993251971e-01
6.788362017158388051e-01
-6.880492148631692784e-01
3.138477869557319000e-01
-4.291208834098680924e-01
-5.470644123585530760e-01
-1.165931227176218721e-01
-1.728858015748598598e-01
1.000000000000000000e+00
-1.941285461671215795e-01
5.555647892316650793e-01
-2.561814656077952002e-01
-3.685916981913902601e-01
-1.000000000000000000e+00
7.837916116643528497e-01
-5.591454779806521724e-01
1.000000000000000000e+00
3.656003185051083793e-01
-2.418874268089594159e-01
-1.138672321619475618e-02
1.674003245887158500e-02
3.580471169299455081e-01
-6.448562400190469002e-02
7.804955142218700237e-01
3.145706590289993887e-01
-3.376043995467573611e-01
8.383685100743478724e-01
3.499918876798825407e-01
8.548098191720684413e-01
-3.937072160722152603e-01
6.080560256866892471e-02
4.578951515422863272e-01
1.811921347275859129e-01
3.548765424731302187e-01
3.919295365969139855e-01
4.271204156699451304e-01
4.630698111924659577e-02
-3.367141314454143441e-01
3.816077291396256788e-02
8.319490476438169413e-01
-2.027803257129844605e-01
-3.639903107027735452e-01
6.728574755478530234e-01
7.205741793451569954e-02
4.024217368321776900e-01
1.000000000000000000e+00
4.464382951871651573e-01
5.106506520943301375e-01
6.242465114217444766e-01
3.575857638368442060e-01
1.000000000000000000e+00
1.000000000000000000e+00
7.593749760057266762e-01
-8.787884933148290001e-01
-7.860655540972856237e-01
-7.265160393578830034e-01
3.083285087693998783e-01
-3.177944814799556900e-02
1.321360519690953639e-01
9.144074819693283063e-01
-3.184077106826684322e-01
7.742602312149065025e-01
9.032534687569024334e-02
4.660586344095043465e-01
3.348250652579988218e-01
-4.661251113875864993e-01
-1.455061325046008713e-01
-1.000000000000000000e+00
2.996880214223167083e-01
-2.967629714608199243e-01
8.772632163436343555e-01
-4.938044607162915822e-01
1.000000000000000000e+00
-6.999730489923857712e-01
4.207300813687285257e-01
-6.394236772797056156e-01
9.941456503030646763e-01
4.436355431764048562e-01
5.884598834342654738e-01
-3.114595636579501892e-01
6.742310223529635049e-01
4.734251400429126955e-01
2.655504738107363760e-01
2.290208204978517459e-01
