-9.728790918164194057e-01
1.098794624291169253e+00
-1.000000000000000000e+00
1.278626347541356179e-01
-1.581859927057843507e+00
-1.000000000000000000e+00
-5.244852257998730005e-01
1.000000000000000000e+00
8.051892370418136657e-01
6.888516060619127579e-01
1.000000000000000000e+00
-1.000000000000000000e+00
-5.900967818802003162e-01
-1.000000000000000000e+00
1.204632297335705010e-01
7.544616706978060083e-01
1.969293929097986062e-01
-1.015622380528142576e+00
-2.840038209234266309e-01
6.287381728169305628e-02
-1.000000000000000000e+00
-1.000000000000000000e+00
2.692771152229952669e+00
-1.355506932546892696e-01
1.000000000000000000e+00
-5.200622748717420585e-02
-4.341615769047982298e-01
-1.627119639595792089e-01
4.215714985783317603e-01
1.927025508010482557e-01
4.345083697439544590e-01
-1.279511215991506190e-01
3.283120778492338854e-01
2.893525236878025098e-01
-7.992104781654284229e-02
-1.000000000000000000e+00
1.627677608133215603e-01
-1.000000000000000000e+00
-1.059870197001314462e+00
-7.581910197280959940e-01
1.000000000000000000e+00
-5.811532531775744914e-01
7.664826286573866998e-02
-1.000000000000000000e+00
7.161023259293468612e-01
-1.196667487344882375e-01
-1.241532563598906957e+00
1.000000000000000000e+00
8.696453264546957218e-01
-5.922829890332506064e-01
-1.052374034478664733e-03
-8.377672818154369150e-01
-3.751576495056297977e-01
-6.309350713787524878e-01
-1.000000000000000000e+00
-1.037164926090185624e+00
-1.000000000000000000e+00
5.313715552487221494e-01
-1.331224598894943378e-01
-9.379384359603561983e-01
-1.000000000000000000e+00
1.000000000000000000e+00
-5.588585548378235401e-01
1.370018008634328321e-01
-5.175793638613411518e-02
-1.000000000000000000e+00
2.500040491128564524e-01
-6.877558557941639839e-01
-7.626267130817021567e-01
-4.875076594208494485e-01
-1.324529391194178674e+00
6.736664234010754093e-01
2.774924371502487386e-01
-3.930369995672082783e-01
-6.171753882329140684e-01
1.021753272780011601e+00
1.257515664421668955e-01
-1.000000000000000000e+00
1.000000000000000000e+00
-3.850740112778079927e-01
-4.989210509756076273e-01
-1.000000000000000000e+00
-5.976551065717687905e-01
-1.103588577427593531e+00
-1.298129352575303486e-01
1.000000000000000000e+00
-9.942756782931485571e-01
8.095819910173150946e-01
9.388069771117218965e-02
3.384495423375369905e-01
3.643441651519612190e-01
-2.937602257502539560e-01
-1.000000000000000000e+00
7.394047673369856799e-01
-3.568196660667686260e-01
-3.895894995792172910e-01
-6.655063464837596143e-02
7.078433443119991342e-02
-1.000000000000000000e+00
-5.786093647983728827e-01
-1.483849496850699667e+00
-8.755255473805321209e-01
4.514670328745821193e-01
7.005009414227530984e-01
1.000000000000000000e+00
-4.134902341556638827e-01
-1.000000000000000000e+00
-5.222769908242724801e-01
-6.921566631933029345e-01
4.867905276766126832e-02
4.506825455509904099e-01
8.947553778046510309e-02
-7.105976408570969793e-01
-1.000000000000000000e+00
1.000000000000000000e+00
-8.089765117300817820e-01
-3.177107827527152484e-01
-5.512226898575609546e-01
-1.000000000000000000e+00
6.448341333670796205e-01
2.535640406219168419e-01
8.993160162281325087e-01
1.000000000000000000e+00
6.311141992104307707e-01
1.000000000000000000e+00
9.922388491368139274e-01
1.000000000000000000e+00
-4.727335683499609975e-01
1.000000000000000000e+00
-1.343669712098713442e-02
-7.700928484716290656e-01
-3.884039618457698628e-01
-4.558674127768032047e-01
-7.925640666597681960e-01
-6.412294845768676810e-01
-7.022063562654683455e-01
1.000000000000000000e+00
-1.735588906618045213e-01
1.000000000000000000e+00
-1.584051474773408019e-01
6.343696591212076852e-01
-1.000000000000000000e+00
5.766254386175029278e-01
1.000000000000000000e+00
1.000000000000000000e+00
4.891038502819959333e-01
-1.953279450585218013e-01
-1.000000000000000000e+00
-8.126827052562164422e-01
4.400505426832487799e-01
-9.221114172005935306e-01
1.000000000000000000e+00
-1.365368285149549665e-01
-2.131073686968116832e-01
-3.330404155143531497e-01
-1.000000000000000000e+00
-9.680161739081843963e-02
-4.646118172774071908e-01
9.769391500306549014e-01
-8.827295353465305361e-01
-3.605543972571187417e-01
-5.072191176751983388e-01
4.334381337475147755e-01
5.233083102628122152e-01
-9.401954054306507214e-01
-2.227157557885610720e-02
-1.000000000000000000e+00
-5.141225692359308042e-03
-7.849145647998950759e-01
-1.000000000000000000e+00
7.596216345074027765e-03
-1.000000000000000000e+00
-3.097006426110548993e-01
5.787963926461809905e-01
-8.912370950353326604e-02
4.237373422374438592e-01
5.649660130818807691e-01
-7.588187717535815890e-02
-1.000000000000000000e+00
6.174789764140373727e-01
-7.558272106343238983e-02
1.055405053233708923e+00
5.065280330724234448e-01
1.273122279850118499e-01
-1.000000000000000000e+00
1.866629694586929844e-02
1.935862698924539771e-02
-1.000000000000000000e+00
-3.773644806943408092e-01
-1.000000000000000000e+00
-6.658880450740306545e-01
5.162392900199256340e-01
-1.000000000000000000e+00
6.912944874014955721e-01
-5.379659882674645566e-01
5.681610228420395092e-01
-1.000000000000000000e+00
-8.278466784621335561e-01
1.119588970025842123e-01
1.529838799366383117e-01
-1.000000000000000000e+00
5.883285664708945983e-01
-1.639817681174655373e-01
-2.783946434436281869e-01
5.292097480505413287e-01
-1.124612189030986809e-01
-4.915711918113435663e-01
-4.933745682333383620e-01
-1.000000000000000000e+00
-4.450361349999263361e-01
2.601502416600449674e-01
2.746746604123373459e-01
-7.133330617905567772e-01
9.415087113186728640e-01
1.350083454581288978e-01
-1.096342308633472928e+00
4.495057179636162414e-02
5.957631392767597234e-01
-1.000000000000000000e+00
2.054128207399134598e-01
-1.000000000000000000e+00
-1.000000000000000000e+00
-1.000000000000000000e+00
9.637861352266569037e-01
7.341078227695604363e-01
-8.245216462146057745e-01
7.853712826841924288e-02
1.000000000000000000e+00
-7.348726900268567341e-01
-4.147475554646309903e-01
-1.000000000000000000e+00
8.624327598631984504e-01
1.000000000000000000e+00
-2.523333950427175676e-02
6.990191274610623173e-01
-8.894767918754662439e-01
-1.504337270360122547e+00
6.804752510940007548e-01
1.000000000000000000e+00
-2.417626865434991945e-01
-7.430546681686274191e-01
-5.717485563598593279e-01
5.838323695154674642e-01
9.489330170094228967e-01
6.822073323050026339e-01
-8.431288369173133290e-01
8.080838653568624963e-01
-1.000000000000000000e+00
1.000000000000000000e+00
7.096030319925886731e-01
-9.517847811699305938e-01
-6.239523431911275786e-01
5.093197240823414962e-01
-3.507124155503626994e-01
2.567551466748359545e-01
-7.198640671555829318e-01
8.452014558089367968e-01
-1.098421733539461931e+00
1.000000000000000000e+00
1.335789578643368503e-01
-9.397948625837888870e-02
-9.558582142197725728e-01
2.269072006311463330e-01
4.579459302006223531e-01
1.329547825495905888e-01
