-3.197060066977359671e-01
-3.067052377420074194e-01
4.295939671344007893e-01
-6.914551394704919751e-01
-8.367536119068915701e-01
-8.051304427458980673e-01
1.661476949222354671e-01
9.726343036160727262e-01
9.645507985234377246e-01
-2.779483920882421244e-01
-3.903002385142601005e-01
-2.607905972629028790e-01
-3.566654312586625686e-01
6.115400081483721717e-01
2.622405721611978935e-01
8.825225361984534445e-01
2.290103811897977182e-01
6.899632994130290298e-01
-6.273676454900606325e-01
5.346492909942865412e-02
9.473555838590350664e-01
5.695665863779947324e-01
-1.981984131045382014e-01
-6.793336327334432712e-01
-5.524016563687615955e-01
1.397907446171310075e-01
4.148422912110271144e-01
-1.000000000000000000e+00
1.561138120403980922e-01
-6.009795760808390730e-01
-4.638140046114449522e-01
-2.634140226858666112e-01
3.586478836491089339e-01
-5.331417044010473560e-01
-6.415110171488129787e-01
-7.760037697074211316e-01
3.138526402737299437e-01
7.117552389246548650e-01
4.573178394368447586e-02
-7.207250982135167128e-01
-4.238334098133110794e-01
7.883427513263234765e-01
-7.421458984884170551e-01
-1.000000000000000000e+00
-7.678515940400343354e-01
-8.976910093776745425e-01
-3.314745802357250692e-01
-1.065261402967814797e-01
-3.865410064969322379e-01
-3.808728312092826140e-01
4.640278778999720188e-01
-7.681016810865790578e-01
8.049298782474442748e-02
-1.633744479885199663e-01
4.777706811973296552e-02
1.300252965181782072e-02
9.322955953024814058e-01
4.218701650697331829e-02
-8.492761910317714324e-01
2.843557510389274068e-01
-1.895624248197025352e-01
-8.651963631667711763e-01
-5.152566967290054256e-01
4.818924917524490259e-01
-9.620176395601676145e-01
-7.167182148571725753e-01
-7.007507441967396611e-01
1.923341231308112742e-01
6.174661281878525143e-01
5.673225359137976098e-02
5.420539657661411770e-01
-6.476796615844241378e-01
-3.983730462660095006e-01
-3.828709033588752475e-01
-1.000000000000000000e+00
2.785949496050979524e-02
-1.696908643335046651e-01
1.455274614980218151e-01
-5.354468709736180942e-01
8.482524654741199210e-01
-8.154993133735906341e-02
-8.815454581774160303e-01
9.213837840700842552e-01
7.146737624735859384e-01
-3.637213679345562278e-01
-2.668325698270191393e-01
-2.076926845344597150e-01
-8.092254045261054740e-01
-8.851916012707473636e-01
-8.059431834870948164e-01
-5.318919056633208964e-02
-3.000684358753591408e-01
-1.048143209560504080e-01
-3.299744237666822344e-01
1.000000000000000000e+00
-2.041899290184497617e-01
7.283723041507033091e-01
1.000000000000000000e+00
1.224805559018516954e-01
9.691581750931390626e-01
-3.735961410825237028e-01
9.824056950057615811e-01
-7.116010223810990132e-01
-2.174556862768866616e-01
3.806285676394565165e-01
6.235725672753642534e-01
-7.224811066644430957e-01
-4.241556796765490467e-01
8.119160142435216665e-01
-9.625454383958875759e-01
-1.000000000000000000e+00
-4.344026847406788350e-01
-1.536051158946838413e-04
-9.993501428117002039e-03
6.610592246214035406e-01
3.500124897362416609e-01
-9.648122513191222938e-01
-2.517713732537455451e-01
1.000000000000000000e+00
2.073386100605963123e-01
4.274161729986795666e-01
-2.009966420991678993e-01
9.257520093442531128e-02
6.498032519382711536e-01
1.521072805659771376e-01
5.922129142317498207e-01
3.723778688686757432e-02
-1.598965517239048229e-02
8.216412971134298138e-01
7.297991359558478885e-01
9.422312746699150754e-01
8.114401255710703698e-01
-6.873053241379527556e-01
4.133079841694444756e-01
-6.840716034684803937e-01
1.135287408326758202e-01
-1.355779963064630556e-01
-6.094076693838679226e-02
-2.515579894399999072e-01
6.919680656618967252e-01
-5.479837619932191872e-01
-3.477723704741728095e-01
-9.837428097908835767e-01
3.728628107704778927e-01
-2.892907206499979456e-01
5.305411121759786575e-01
6.941973479057240992e-02
9.654095615385738238e-02
8.537998644095878831e-01
-7.998684552676869064e-01
3.500961693703306121e-01
5.115753425407230243e-02
7.284975757179095179e-01
-6.416279730084782917e-01
-1.967394644061850606e-01
3.794946933435444647e-01
3.018268422815466590e-01
6.905828587582139022e-01
7.213929672915404545e-01
6.415582818901341966e-01
-3.591685810950779878e-01
8.847279127860906422e-01
-3.936094351457231633e-01
-2.789155473829637022e-01
4.772396218848719007e-01
5.562427288859433938e-02
9.331986502440767772e-01
-4.918722165396908208e-01
-7.609227734952781486e-01
4.418527057009316583e-01
-8.738741202842985611e-01
-1.347050899034428484e-01
6.588252256188023015e-01
-9.718555922898549637e-01
-3.823819945026629696e-01
8.709076471190904112e-01
-9.426019330977275512e-01
-8.523044851623576834e-01
-7.072460112578035085e-01
-7.274020963181815347e-01
-3.969800149967812608e-01
4.240595013679173686e-01
-4.949501941464841126e-01
-4.694402615210147012e-02
-3.193474925034034961e-01
9.487549745733186990e-01
3.185906629583296623e-01
-4.358113572058264218e-02
-4.374846676844749149e-01
-4.962816820138923335e-01
-4.801392482559176389e-01
3.051008456240112410e-01
2.173756006556192277e-01
-8.482201445198144230e-01
1.756906494857344292e-01
-1.000000000000000000e+00
-2.792260283525095366e-01
7.418128721868899600e-01
-4.308378279551520751e-01
-8.423671281562425950e-01
-7.851635066421396303e-01
-1.495913860036065801e-01
6.093030597970378048e-01
1.000000000000000000e+00
-1.189983070875611504e-01
8.996724465265626414e-01
-1.330151116307659587e-01
-6.081945798371242162e-01
5.959429762518348994e-01
1.000000000000000000e+00
-7.977398704925734441e-01
-4.418679936767941907e-01
7.940963860408487562e-01
2.022959714018029986e-01
-7.277699240907283817e-01
4.370573557412854582e-02
-5.427259669076983650e-01
8.207145770859478606e-01
9.033745727492112909e-01
1.465967176546700834e-01
-8.414869914790079619e-01
-5.370886648284023401e-01
-9.412387130716911576e-01
4.634133919805437651e-01
-4.807718024968222759e-01
-3.766879214028637235e-01
6.244617423948112256e-01
6.038577555006033881e-01
-9.253635447359993549e-01
-6.052099449045615920e-01
8.064889571213134101e-01
-5.220488749392199201e-01
3.122671089517244924e-01
3.205232133016012730e-01
4.159726802788626943e-01
5.992178173812297004e-01
7.297235560686651246e-01
1.316908159192071159e-01
-7.187399737501009023e-01
-4.349307811958671999e-01
-4.475052477716093824e-01
-8.030466085821398314e-01
-9.681747435363101673e-01
8.376342454761031009e-01
-8.055719392144326807e-02
-5.211744930026365741e-02
5.858090288555674041e-01
3.839935921593919943e-01
-1.910633409575677455e-01
8.504037302094770434e-02
5.102002372231189131e-01
-4.466184729940870790e-01
7.010992890240534958e-01
7.657516454208157519e-02
-8.375936151547023201e-01
5.781893358646747472e-02
-6.278088362185918481e-01
-6.919598428945972213e-01
2.883302239926923694e-01
-1.968195382298388585e-01
-8.982565729991547343e-01
-3.166012016128206263e-01
7.122226986505059143e-01
5.715570077289805484e-01
9.591460866252778938e-01
