-7.909771726435588235e-01
1.430495649644344391e-01
8.880840122095898792e-01
-1.924451749071712237e-01
-3.945025914670814426e-01
-3.168122747738701950e-01
3.281313727992526963e-01
9.925499430942175128e-01
4.542234892026733584e-01
-7.435468247507500683e-01
-4.292084346242394099e-01
9.761690040526375123e-01
-4.540895705927895376e-01
-8.772498548816239916e-01
9.813705032444867138e-01
-3.432087702465527745e-01
4.883303030152286173e-01
4.309783848353546110e-01
1.000000000000000000e+00
-5.604087331742297895e-01
-6.055317086825756645e-01
-8.807912202951936331e-01
-6.656209270426701741e-01
-2.928116909306126558e-01
-5.442837865392596841e-01
1.000000000000000000e+00
6.497063371329383497e-01
1.000000000000000000e+00
-8.377576750745093781e-01
-4.539230514834019514e-02
-7.386073972724003234e-01
9.884284063013446531e-01
1.000000000000000000e+00
1.000000000000000000e+00
-9.978535370421514061e-01
7.880560062241803720e-01
-3.697899804226544296e-01
1.000000000000000000e+00
-2.889992276997970233e-01
6.647145700940317870e-01
9.196192381098361457e-01
8.557838082288963255e-01
7.879503537029648452e-01
9.925097024708584570e-01
-9.216441149672178756e-01
6.995585653656943848e-01
2.475217790228454728e-01
-2.769907066201460211e-01
-2.293923464472864548e-01
1.000000000000000000e+00
6.012308692205228233e-01
4.349219029914199175e-01
6.981794016451206009e-01
-8.812438768296330105e-01
8.469946311775217174e-01
-1.914827062633547849e-01
-1.000000000000000000e+00
-6.774712811164991244e-01
-9.556586884934368253e-01
-8.538465806094870381e-01
6.042534592414046113e-01
6.370412051963205702e-01
-9.624880667300345083e-02
-7.776329655362946847e-01
5.923885759232645487e-01
-1.000000000000000000e+00
-5.098656725936239198e-01
-1.000000000000000000e+00
-1.000000000000000000e+00
-9.949424385433415230e-01
8.503042828276035081e-01
9.271239282445803420e-01
-9.306015692261833117e-01
1.646801498941288244e-01
-4.847733127981264378e-02
-9.027088735726118696e-01
-8.043451924836855227e-01
6.738446178687736987e-01
1.000000000000000000e+00
9.365699344483401356e-01
-7.260489612035777585e-01
-3.228772223751130710e-01
8.611552505380190015e-01
-7.190664911761341926e-01
1.000000000000000000e+00
9.777232165892003612e-01
-6.546897979587108507e-01
-1.308013542444441679e-02
6.227504255339244565e-02
-8.284371558569940674e-01
1.000000000000000000e+00
-1.000000000000000000e+00
-9.664610304010855524e-01
-6.499708538493528254e-01
-9.708356712468192429e-01
5.344957873149717154e-01
9.937279085026143877e-01
9.963688831968140480e-01
-4.736157184570940482e-01
9.536926135724774767e-01
3.813308526885105243e-01
-7.486375869783327142e-01
-1.000000000000000000e+00
7.583028934923352615e-03
7.224659018720915871e-01
9.607239133650986584e-01
-1.000000000000000000e+00
-6.178650668867035067e-01
9.266795717474687333e-01
-1.000000000000000000e+00
6.050689707935377193e-01
-1.000000000000000000e+00
5.303938675604970010e-01
-9.991366454998825697e-01
-1.000000000000000000e+00
5.806467210334783635e-01
1.000000000000000000e+00
-7.926218179817716702e-01
1.193295141565302031e-01
9.998098718077527147e-01
-8.685570576861961767e-02
1.000000000000000000e+00
7.225526025425853538e-01
4.156961130368960200e-01
-4.699305215072615005e-01
7.727725090960484433e-01
-1.000000000000000000e+00
-1.000000000000000000e+00
9.016351930450953178e-01
1.000000000000000000e+00
1.000000000000000000e+00
-2.057694416796891912e-01
-8.470307256721004707e-01
-8.164128430011411419e-01
-2.632670942034215367e-02
4.327526955848911561e-01
-4.184251296347704652e-01
8.549364171201825346e-01
-1.330005349328833297e-02
7.213083655959620089e-01
4.420137067216870497e-01
9.061693551056868579e-01
-9.916336978869420005e-01
-1.000000000000000000e+00
9.682297589920162428e-01
-2.182909847405870019e-02
-1.000000000000000000e+00
-2.769907066201460211e-01
-8.284371558569940674e-01
8.312946417541753341e-01
-4.064740059677238726e-01
9.729837442543730619e-01
2.954861925259508748e-01
2.667920881618612849e-02
1.909571964406875377e-02
-8.894069661229383472e-01
2.108163498025290572e-01
1.000000000000000000e+00
-8.963255388852006678e-02
9.532812583083384306e-01
8.120990365596643112e-01
6.609808989919275790e-01
-3.876727168518319111e-01
-7.484054301028185696e-01
-7.534007238352931068e-01
-1.000000000000000000e+00
3.697698632472143920e-01
9.161736092246389740e-01
5.036056790053103915e-01
-8.460721243685278559e-01
-9.999852790704274463e-01
-2.228473435775229494e-01
1.000000000000000000e+00
-8.356508401371471884e-01
4.231285743013303846e-01
-3.316344881372140785e-01
-8.014336659539731400e-01
-1.702489530604195944e-01
8.214284929397333013e-01
9.394604407560721571e-01
8.462663533420091699e-01
5.901394429143476117e-01
-2.505281645265584611e-01
-9.888627803628732282e-01
-5.696387550629624652e-01
-9.363427704771619675e-01
6.199933075248097447e-01
8.447315720713830522e-01
1.996314683251672051e-01
-1.000000000000000000e+00
1.880254895387824532e-01
5.323720128210479574e-02
5.614898576855178458e-01
-8.596320566882406089e-01
3.814132417239979866e-01
-1.634641086700505674e-02
-1.000000000000000000e+00
-9.842399522341493956e-01
-8.000316696469000899e-01
9.551974680830020992e-01
-1.135013163321742513e-01
-9.967477397860560195e-01
9.915504986030836410e-01
-8.606176051634758517e-01
9.749940431979858824e-01
1.000000000000000000e+00
1.164536817504423227e-01
3.332451000671209917e-01
9.118993021817046740e-01
-5.574247509867791273e-01
3.902438317171879612e-01
3.385946056217704614e-01
4.645057553259346328e-02
6.442339039094119313e-01
4.485535507631519536e-01
-2.901889208381309704e-01
1.000000000000000000e+00
-1.000000000000000000e+00
4.501245001363111120e-01
8.714209251029844117e-01
1.000000000000000000e+00
-1.000000000000000000e+00
8.011921047209441538e-01
8.458524102387585675e-01
4.385718376693407139e-01
2.774406496586184212e-01
7.798560806552508051e-01
4.537245784194112175e-01
2.704382403851324779e-01
-3.867700461224939934e-01
8.505929088546602124e-01
1.232464784036865213e-01
6.689964778253506550e-01
9.538973248203284072e-01
4.928772206396406230e-01
-9.973862232470317446e-01
-8.437745202087846286e-01
9.157719045003418490e-01
9.523840877345075562e-01
-1.000000000000000000e+00
-9.567818238965932753e-01
9.165829876788698094e-01
7.851472365278528986e-01
-8.351217254979070859e-01
-3.186109749612360265e-01
7.559826494932566643e-01
-9.728905992049938778e-01
-1.000000000000000000e+00
-3.911723123935775259e-01
7.387991397275650574e-01
-1.000000000000000000e+00
-9.863340168546237408e-01
7.053709064952300434e-01
-9.815604304298444216e-01
-2.335524611118650617e-01
4.920411137210681241e-01
-9.261244486557594913e-01
-7.731492286009858939e-01
-8.720378143553975114e-01
-6.071399460847052287e-01
-9.993375921736001866e-01
9.877412423536938713e-01
-9.903968602818095102e-01
9.608839624593846773e-01
9.363874217759660112e-01
