9.419737500522491480e-01
6.398557698497435720e-01
9.161247239023236899e-01
9.434035847712874956e-01
-1.000000000000000000e+00
-3.373574259852819557e-01
-9.991395183948468262e-01
9.992732415117309142e-01
-4.792225583181469739e-01
-5.060231974998556925e-01
-9.676060624658209264e-01
1.000000000000000000e+00
-9.952656996132334122e-01
8.512004606555744202e-01
1.000000000000000000e+00
4.780426453997049796e-01
8.040250485382460788e-01
5.573670861666591980e-01
-1.000000000000000000e+00
-1.000000000000000000e+00
-9.419737500522491480e-01
2.820892684181375287e-01
2.582554844608715428e-01
7.513872961525914773e-01
1.000000000000000000e+00
6.752409806269705772e-01
1.000000000000000000e+00
-8.762934825448465137e-01
3.796054045083745443e-01
1.000000000000000000e+00
-1.000000000000000000e+00
1.000000000000000000e+00
4.792284781279170791e-01
-8.366894577837854508e-01
-5.319663606280524704e-01
2.445829786991867427e-01
5.345498430225237296e-01
-1.494498832775912889e-01
3.074240107341846828e-01
-2.226354068608254674e-02
-2.074761332253421409e-01
1.000000000000000000e+00
2.673994453883101266e-02
-6.912315656692844534e-01
-9.987089351379708768e-01
7.804715103659261022e-01
-1.000000000000000000e+00
-1.000000000000000000e+00
9.724692075102716604e-01
7.881400041601910322e-01
3.471320146618091518e-01
-5.424404298187500695e-01
3.614550817387353066e-01
-1.000000000000000000e+00
-1.000000000000000000e+00
-9.934793515828880262e-01
-5.986355670178117316e-01
6.007152419715052760e-01
-1.000000000000000000e+00
3.845156132154135542e-01
1.000000000000000000e+00
1.000000000000000000e+00
4.164270638007007697e-01
-9.213661894946949538e-01
-1.459436718654421039e-01
1.246474097128308506e-01
-8.799982495529340421e-01
-8.328224288771945982e-01
-8.189890074864981939e-02
3.924776606358024167e-02
-3.458944734595854886e-02
-1.000000000000000000e+00
-9.768236813103020610e-01
-1.249205207612984481e-01
5.954579870893495636e-02
2.440582017378004065e-01
3.237357607567502571e-01
-9.245863355484373880e-02
9.063135760700887777e-01
-9.962000781732910371e-01
-6.218752232799504842e-01
-9.577711599990673674e-01
5.792024541931749537e-01
-1.000000000000000000e+00
-1.000000000000000000e+00
9.419737500522491480e-01
-8.361749757066054833e-01
-1.400917633068760049e-01
-1.000000000000000000e+00
-3.374015458765355358e-01
-1.000000000000000000e+00
4.050177364554075066e-02
-9.573520047142369815e-01
-1.000000000000000000e+00
-8.594810336665399397e-01
9.843520254689441806e-01
9.712959863036096930e-01
9.985312059903550530e-01
3.062791061669791204e-01
7.491425343684237070e-01
-1.000000000000000000e+00
-9.734931128128545552e-01
4.584880390508275227e-01
-9.999239824460155468e-01
7.059523045922846407e-01
9.929456319576295265e-01
1.000000000000000000e+00
6.645575811567088209e-01
1.000000000000000000e+00
-9.269070967352858181e-01
2.635728043705290111e-02
-9.858387413658291631e-01
8.860607870941237252e-01
-9.821415734223747362e-01
1.000000000000000000e+00
1.000000000000000000e+00
7.668023745087673149e-01
-2.556192899342313307e-01
-9.965061173090267177e-01
-1.000000000000000000e+00
-3.591027900842047593e-01
4.009081794504197882e-01
5.116869734032750694e-01
-1.777737727915947863e-01
1.986896935369412143e-01
7.852809571305879865e-02
-8.806611880188262020e-01
-6.425920599263179600e-01
7.960089815991959750e-01
9.419737500522491480e-01
-1.850983689622062167e-01
6.347235711570337058e-01
-1.000000000000000000e+00
-3.849157562468490390e-01
-9.487511910401356108e-01
1.000000000000000000e+00
-9.990436802933582161e-01
1.441343843851843332e-01
-1.000000000000000000e+00
1.220458420465666757e-02
9.367219756706047784e-01
-4.156574879778676124e-01
-1.000000000000000000e+00
7.713025982820187476e-01
-1.000000000000000000e+00
-6.469722932580539432e-01
-8.023129850924775042e-01
8.573376748831235128e-01
-3.901271805317245156e-01
-8.935035517666455318e-01
-1.000000000000000000e+00
7.167738934125271744e-01
-1.157583959191366141e-01
9.945679268545837282e-01
5.658116276408347023e-01
6.564255660246924862e-01
-7.269225013943071412e-01
1.000000000000000000e+00
-1.000000000000000000e+00
1.000000000000000000e+00
-8.329667688314188467e-01
2.216253532526267223e-01
1.000000000000000000e+00
-1.000000000000000000e+00
1.000000000000000000e+00
2.703332847221333601e-01
-8.769449544665922636e-01
4.567338169059379505e-01
-1.000000000000000000e+00
-7.114956270062272603e-01
2.973727799596690424e-01
-4.081613744998956184e-02
3.206509513815499757e-01
-9.223194355087236396e-01
-1.000000000000000000e+00
-1.000000000000000000e+00
6.669209620400002869e-01
-5.788187787081044977e-02
-1.000000000000000000e+00
7.675866287292509860e-01
6.438420393277648479e-01
7.940274175381506483e-01
-1.000000000000000000e+00
-8.645502346784351699e-01
-6.877514083075533247e-01
5.401725896815712247e-01
-1.700378202550891782e-01
8.163486164183979543e-01
7.584575907404579598e-02
7.536109007075085797e-01
7.953768281796456119e-01
-9.328296558635782443e-01
-5.166153020621445657e-01
1.528866707438343298e-01
1.000000000000000000e+00
1.000000000000000000e+00
-1.000000000000000000e+00
-9.567020522013002237e-01
-1.000000000000000000e+00
7.079164258053232128e-01
-1.033632575235160223e-01
-4.386840670237568407e-02
-5.156920290281897801e-01
1.581336604752541231e-01
-1.000000000000000000e+00
6.919426619136578305e-01
-1.444673944902338247e-01
1.000000000000000000e+00
8.070553117395321552e-01
5.314529134614693895e-01
7.602908463256445870e-01
8.062637139800381547e-01
-9.969729387810843946e-01
6.917566210580933239e-01
-6.707809850298696031e-01
1.000000000000000000e+00
6.396380088238653450e-01
-1.000000000000000000e+00
-1.000000000000000000e+00
5.418275427001644218e-01
9.345071535710306465e-01
-7.923999395856988759e-01
1.000000000000000000e+00
-8.939389165210771537e-01
-1.855948376259871080e-01
-5.881503541631671883e-02
2.669471654529221860e-01
-8.619500465569968073e-01
1.000000000000000000e+00
-3.423347953094449947e-01
1.000000000000000000e+00
-1.000000000000000000e+00
1.000000000000000000e+00
6.210914293237973505e-01
1.000000000000000000e+00
-1.000000000000000000e+00
1.000000000000000000e+00
9.987879893911499884e-01
6.398177076512651107e-01
-2.308544219583533730e-01
-7.400195583053194026e-01
-7.506575008286754391e-01
9.458183131544586342e-01
9.962652796203331773e-01
1.000000000000000000e+00
2.717062568996793104e-01
7.251639834360147363e-01
1.000000000000000000e+00
2.713615028933190620e-01
1.000000000000000000e+00
-9.682814224735749598e-01
-5.873856558685854878e-01
-2.910124498938500559e-01
-1.000000000000000000e+00
1.000000000000000000e+00
-7.486686855891738768e-02
-8.800498870507093008e-01
4.543104787289937996e-02
4.810359219442836842e-01
9.979464701081661726e-01
-1.000000000000000000e+00
1.000000000000000000e+00
1.000000000000000000e+00
5.949512150346905059e-01
-3.478903489438039398e-01
