2.647061970949036169e-01
-5.846489290589566012e-01
8.948087820801492454e-01
9.961128845963802547e-01
-8.454065372168001469e-01
9.161577748633706886e-01
1.146601397290480939e-02
-4.979301888801879739e-01
-9.933890977672019673e-01
-8.558497071527803035e-01
1.000000000000000000e+00
-4.643286861425803824e-01
9.989928553787061905e-01
-8.306134250138876851e-01
7.487819228290629736e-01
-9.821107470425506358e-01
-8.815010365340419929e-01
-4.528952500668542713e-02
-9.996036143453543854e-01
7.817125344046669255e-01
9.845669014330201696e-01
1.684801363226261506e-01
-8.367273654354034917e-01
-6.199272690226720339e-02
2.070193929441974667e-01
7.210387336865371477e-01
-5.058705569149243297e-01
-2.858815861480013543e-01
-1.000000000000000000e+00
-1.000000000000000000e+00
9.922649493941607668e-01
-4.551733180485176833e-01
9.334757498815142718e-01
1.000000000000000000e+00
-8.383442572038217744e-01
-8.165651680522785227e-01
3.932022566653358697e-01
-9.699591200711099592e-01
-9.864457734444224135e-01
6.252775328510280506e-01
-8.284450549892147242e-01
-1.000000000000000000e+00
-8.663278714309174955e-01
-1.176302579922982039e-01
7.618214610677908061e-01
3.590562547790972503e-01
3.425468313709011808e-02
5.383189878357977909e-01
-6.645450929182808997e-01
-6.016893389070813170e-01
9.429850997710181870e-01
-1.000000000000000000e+00
2.462763033406090152e-02
2.210977975767323689e-01
1.000000000000000000e+00
8.766751594772941303e-01
-2.041676450333677895e-02
-3.331515673955626755e-01
-4.842059376867847709e-01
-1.098861121245530009e-01
7.687631896075718396e-01
-1.322296226580471634e-01
-4.163158603696876514e-01
-4.470530764435341475e-01
-1.000000000000000000e+00
-1.000000000000000000e+00
6.303490120442122313e-01
-7.263362959496497684e-01
-5.167458627558351170e-01
9.983172195069623944e-01
-1.293261499004496606e-01
5.248613261454984080e-01
9.167575035880698442e-01
9.329410980414502008e-01
-8.114581143738984759e-01
1.000000000000000000e+00
6.292212248144234410e-01
-9.845528811214988574e-01
-6.080572464574778291e-01
-3.206142569258931263e-01
-6.863491895280074973e-01
5.672460548090119126e-01
4.031419301978195757e-01
-2.620045950295172288e-01
-1.000000000000000000e+00
6.398668485640157666e-01
-2.397247925097074073e-01
6.562863541959491620e-01
-3.818745044473770278e-03
1.730400697915504549e-01
-9.676789702492141210e-01
1.863708501046069110e-01
5.058668738580046620e-01
6.615434948568150730e-01
1.000000000000000000e+00
-1.000000000000000000e+00
8.596223230669908233e-02
2.144626421792029947e-01
9.583801291895307495e-01
-9.255733328043753705e-01
-9.283209916318789778e-01
9.388734712812512040e-01
2.393732020483142486e-01
-9.618000983691519234e-01
1.944311074117886506e-01
4.343823441875793723e-01
-4.727316036659824361e-01
-1.307895685051174706e-01
-2.759145496367199080e-01
1.000000000000000000e+00
1.000000000000000000e+00
-9.757230320533665235e-01
-7.775495103013682074e-01
6.678357744687493103e-01
2.449473562655246628e-01
4.807796144397591398e-01
-4.579310094793552777e-01
2.532358381102413070e-01
-6.979258157381607042e-01
-7.081183426916864976e-01
-5.131994355938777064e-01
-6.378731521443986585e-01
3.860922418277165646e-01
3.203204220333253360e-01
2.151358782750811272e-01
1.000000000000000000e+00
-9.742459219242405322e-01
1.291342408106068707e-01
-7.267898482044359287e-01
-9.982743108741911620e-01
-7.434371271058528574e-01
-1.615806660848742582e-02
8.538643288503962037e-01
3.121123557037730478e-01
-7.190139595614466472e-01
8.496275762640270734e-01
6.962252004474105416e-01
1.000000000000000000e+00
1.000000000000000000e+00
3.457305666402237243e-01
5.936497842719868911e-01
1.000000000000000000e+00
3.810759272944126419e-01
7.264427457820911149e-01
-1.000000000000000000e+00
-6.700449887429416052e-01
1.000000000000000000e+00
-9.933912677546700154e-01
-1.000000000000000000e+00
-6.666798360736754248e-01
-9.041547000994720751e-01
-1.000000000000000000e+00
4.653412084085414846e-01
-6.979886542719138109e-01
8.329372496196520981e-01
8.123278223599880166e-01
-1.325488237324651819e-01
-8.158193512614303478e-01
-1.502770492232818889e-01
1.000000000000000000e+00
-8.375886161407498642e-01
-9.618000983691519234e-01
5.712968697496846326e-01
-9.214833266836435222e-01
-5.091485636560877381e-01
5.626269895612069361e-01
9.999018656316107645e-01
-9.367845418100644306e-01
1.000000000000000000e+00
1.896863988929471945e-01
-1.925243267605342701e-01
9.193885748087513576e-01
-1.000000000000000000e+00
-1.000000000000000000e+00
-3.107580767408162359e-01
1.600417800682600866e-01
5.770456203974488885e-02
-2.922943904107252466e-01
8.072800426251142136e-01
-8.236359241420868615e-01
-7.729637965877953487e-01
7.231888783251454456e-01
-8.388435179339133185e-01
-9.618000983691519234e-01
9.838651026809313027e-01
-8.929015562070559131e-01
-7.080089425931277436e-01
-3.437034976334185643e-02
3.712649924873634433e-01
7.630127668119670581e-01
9.667157839103878159e-01
4.546336034288121497e-01
-3.002353021590329907e-01
9.262395406247891927e-01
7.950519971671657915e-01
-7.774707280958395028e-01
-8.105608573762612679e-02
-8.313714936406574330e-02
4.891994694493428941e-01
4.137672138970969193e-01
-6.483659233651681841e-01
-8.105477808231551506e-01
-9.461534339431625362e-01
7.688883340876859762e-01
-9.740279281631453179e-01
6.443715784139107949e-01
-4.478362075293566003e-01
9.639383326279539199e-01
-3.708617349759908421e-01
2.908796817407521829e-01
-9.984878407027156788e-01
9.010521080648089542e-01
5.469375649107471871e-01
9.431318462065260699e-02
-8.797748078372888969e-01
9.914973153861174060e-01
-8.954589741744661824e-02
1.000000000000000000e+00
1.000000000000000000e+00
-9.726805585254051367e-01
-5.857859878327152936e-01
-1.000000000000000000e+00
-7.283940228380746396e-01
6.812093347555675527e-01
-7.800155456844796165e-01
-8.948052834876795147e-01
-9.618000983691519234e-01
4.156188833950846817e-01
-6.153517801602261805e-01
9.612581382796023810e-01
3.486837735625585855e-01
-8.502384988751303663e-01
-5.955292045524908096e-01
1.000000000000000000e+00
2.057728707167305049e-01
8.016141137518686399e-01
-8.521111163456980275e-01
6.713954000922168763e-01
5.445819030120629956e-01
6.138471573617046984e-01
-7.584554985747848921e-01
6.720835503233166808e-01
8.424767620375877009e-01
-6.888871507371787661e-01
8.352956239126767546e-01
-6.106267521511868912e-01
-2.306107459412187199e-01
1.000000000000000000e+00
8.922032852587820084e-01
8.746052126765903045e-01
7.897229459400817442e-02
-8.354082076490929598e-01
4.722826215210969569e-01
-3.829551867506220120e-03
7.662464802961642674e-01
5.143153659810131284e-01
-1.818627211028760182e-01
1.000000000000000000e+00
9.464630129504594258e-01
2.263957896626600519e-02
-9.997386274003593476e-01
-7.636532720731689650e-02
-1.333846466122268204e-01
-1.000000000000000000e+00
-9.673567654824337669e-01
