-1.484662651521323484e-01
1.139215673282532038e-01
2.738107083818851484e-01
-4.411772701691973886e-02
6.978323829092676345e-01
-1.868248971342437725e-01
9.416323566535924616e-01
-7.067209274163501753e-01
1.000000000000000000e+00
6.979227356447351704e-01
8.011078556566473274e-01
1.000000000000000000e+00
-5.225174699323731353e-02
5.482362933067477240e-01
1.045848595700752948e-01
3.661488441235701274e-01
8.686955273034713265e-02
-1.000000000000000000e+00
1.049310293566715901e-01
1.000000000000000000e+00
8.257379775661388699e-01
-2.954851521828990579e-01
-6.894970883652224991e-01
1.000000000000000000e+00
-9.317364293089756000e-01
-1.000000000000000000e+00
9.859170764783360685e-02
-6.552046574589531769e-01
8.630607462137991348e-01
2.494040126429616089e-01
-6.772787442879395492e-01
-5.542041109772285479e-01
4.862091646102925657e-01
5.087688501337892522e-01
-3.777170574418478588e-01
-9.588297862054486753e-01
-1.000000000000000000e+00
-2.151029140118018435e-01
2.699143498664633434e-01
-1.000000000000000000e+00
-6.788120719437605866e-01
1.590847061968474752e-01
5.310399589197803971e-01
1.734756253617264488e-01
1.000000000000000000e+00
3.263130445094161725e-01
-8.628648881717638774e-01
-9.100623026908506441e-01
-8.503307339057880609e-01
-5.887421369549791228e-01
3.201918722593844469e-01
-7.722228839115689025e-01
-6.191660223627115656e-01
6.245278707448596034e-01
7.999548080773889458e-01
9.039935299731974849e-01
1.000000000000000000e+00
4.406233370045128939e-02
2.902807717079752825e-01
-7.801620794083488075e-01
8.584620722189817421e-02
-2.282912429194761117e-01
-6.990079077199951030e-01
1.548380051442655725e-01
1.000000000000000000e+00
9.384520061177663575e-01
-6.390314166736572599e-01
4.383808295572082514e-01
-1.000000000000000000e+00
-7.996142367256781069e-02
5.524521094257349718e-01
8.079067037425419207e-01
4.837990907358570292e-01
-2.841918728348672984e-01
-7.438984052598588415e-01
-6.140476378357666576e-01
-1.000000000000000000e+00
-9.838296334805868293e-01
-2.489222680764813234e-01
-4.628802962064222370e-01
-7.153992006418719019e-01
-5.285932162615327723e-01
8.492520220821710986e-01
7.246959645384608573e-01
1.000000000000000000e+00
6.463498258780665529e-01
-9.115291596491412740e-01
7.860989332939780638e-01
-5.370452066354911569e-01
-6.005478392336888183e-01
9.027228868779191284e-02
-4.343723367317968709e-01
-2.381013044439950210e-01
-1.000000000000000000e+00
-1.000000000000000000e+00
-9.712397769542314707e-01
-7.036992014276816088e-01
-7.584261432999572783e-02
-5.415570190107492632e-01
4.679978516003394096e-01
-4.826568593672012075e-01
-4.139065050673365609e-01
1.634645909614491077e-01
-2.127848846804860083e-01
1.000000000000000000e+00
-1.642491161905994257e-01
1.151082497845135055e-02
1.000000000000000000e+00
6.011817123958044240e-01
9.705927073397309091e-01
4.928012839253949062e-01
-2.601326363358437699e-01
-1.000000000000000000e+00
-1.373961801056771126e-01
-5.003822749804872627e-01
3.501176108123850161e-01
-1.000000000000000000e+00
5.759918962076936433e-01
2.052493241481528896e-02
6.376022439057376090e-01
6.498344366605189881e-01
1.000000000000000000e+00
-6.137941378473894538e-01
1.780371289956330372e-01
1.126560964140054383e-01
1.541798948818808024e-01
1.000000000000000000e+00
4.689240200153628468e-02
4.270852192791169122e-01
8.275386258565057274e-01
3.669634941158927410e-01
-1.000000000000000000e+00
4.429882699072443808e-01
3.953982321944649048e-01
3.796022954827588114e-03
-4.714003238299475651e-01
4.556886667131421209e-01
-9.085175453405012203e-01
-1.820099900714123864e-01
-4.794064889230967852e-01
3.459105216300262242e-01
9.016800098625004090e-01
-1.915463475764926649e-02
-5.935330081105424371e-01
-3.620118199963736627e-01
-9.048180089036761409e-02
-5.621569624594310866e-02
4.119148573563800042e-01
1.837432761220116895e-01
5.977624469880638003e-01
8.366879563963336430e-01
-1.000000000000000000e+00
-1.000000000000000000e+00
7.984559181415687990e-01
3.532480436300410309e-01
4.213010017012842057e-01
3.390507469020339615e-01
7.635456907027238227e-01
7.070854615372849095e-01
4.442230358214158126e-02
-6.546734308596228180e-01
-1.934753241243108157e-01
-5.809072624491196102e-01
2.661518385451965840e-01
2.107526515774391929e-01
-3.470869434443646928e-01
-2.756794744620682525e-01
-2.565621730225231545e-01
8.930494378750515327e-01
-5.037099884805363859e-01
-9.379026939966477183e-01
4.809264169074928263e-02
1.000000000000000000e+00
-5.149660735014675028e-01
-2.482457294475389764e-01
3.927014616719217144e-01
-2.579857877722611104e-01
2.799435898125861577e-01
1.000000000000000000e+00
4.031115312219989977e-01
2.950867020163773224e-01
-1.000000000000000000e+00
1.808723779585941216e-01
-2.454485976140825532e-01
-9.635689224033767708e-01
-2.905442908645289313e-01
2.706230517165774119e-01
-6.127913014099393152e-01
1.997737051346158976e-01
1.595337502066294100e-01
8.514789677596742434e-01
-5.832155969795678185e-01
-5.053353558895138375e-01
1.594761509670026833e-01
2.982975298057688462e-01
8.443513901352288353e-02
-3.345277946291500548e-01
1.000000000000000000e+00
-5.177081966838377181e-01
1.000000000000000000e+00
5.278990857738892206e-01
-4.982773885741814679e-01
2.521871969614113973e-01
2.019952976051896387e-01
-3.128884630394926369e-01
1.000000000000000000e+00
-7.198297085716982568e-01
-6.927780600803392641e-01
6.728258109093099293e-02
-1.642689791498352092e-01
-6.985024998155751064e-01
4.686348898933395679e-01
-4.336906060011336272e-01
-1.246639656935981666e-01
2.549682475742016674e-01
-2.723705734895836006e-01
-3.776996690228290321e-01
1.892861374583552081e-01
2.460517831134492461e-01
1.000000000000000000e+00
7.198094353144430801e-01
1.000000000000000000e+00
-2.915720345526641721e-01
-9.989120396286521597e-01
-8.598484254733708143e-01
-7.777580155015275665e-01
1.726821012556797874e-01
-1.554571233722562007e-01
-6.882781878365019645e-01
6.055963477013440732e-01
-5.942131565867072585e-01
8.867318298312482083e-01
-5.120644450222219812e-02
9.425503611654251213e-02
4.743124680180108577e-01
-5.936239489602707087e-01
-3.987003410754530464e-02
-7.239348149017289513e-01
-1.000000000000000000e+00
9.873434944626138798e-02
-1.000000000000000000e+00
8.692070449381369412e-01
2.408005988039510492e-01
7.067854911582061028e-01
8.750329031732769769e-01
1.000000000000000000e+00
-4.283436024699052158e-01
-1.090284706943209225e-02
1.000000000000000000e+00
6.025958089651299865e-01
-6.021070233177659992e-01
-7.998337311047590825e-01
-8.044282276129031128e-01
6.325658578124437881e-01
7.987209853684454908e-01
-7.180606982421378071e-01
3.949650720098368817e-02
5.337324012625366265e-01
3.190804802575343824e-01
-3.848480243917937749e-01
-4.103127793065837747e-01
6.522453647630279683e-01
9.285236896385840044e-01
8.502571233918372329e-01
8.164451195305604259e-01
