-3.694046626811827716e-01
8.715344174171069103e-01
9.945702720586290235e-01
-1.024474415782152328e-02
-6.292211460293440917e-01
5.036594366693447622e-01
-1.151088219526881784e-01
9.860837206156485291e-01
7.878512051738254529e-01
-9.898049694860421299e-01
5.780814897834404276e-01
-3.711278974684539128e-02
-9.447130565244707956e-01
2.772075435143361855e-01
5.342551188454977562e-02
1.307906806879808315e-01
-1.022796108165081874e-01
1.011497654200424617e-01
-1.000000000000000000e+00
-4.896303233211659056e-01
7.546613043404758470e-01
2.393716377276578766e-01
2.005665072810975946e-01
-4.288641080194051380e-02
-7.259847190046073151e-02
-2.228276969696872667e-01
-4.926327224338605260e-01
-5.644866108756435574e-01
4.626110337961786834e-01
-8.135392116058245415e-01
1.119696760643062727e-01
-6.960848223963161940e-01
-9.566586929632198144e-01
-2.775516201853697185e-01
-6.570543502973027472e-01
1.672967142827995191e-01
-5.011374643372593640e-01
-1.280403964636396275e-01
4.963574505503504097e-01
-5.768916259798175794e-01
-5.937851939702771809e-01
-6.246668790229638057e-01
6.200878344563115485e-01
1.733021601341727114e-01
-6.746922969789475033e-01
6.995570856044072694e-02
6.223432465996033836e-01
-9.075733088072025778e-02
5.845869324456270943e-02
-1.011682954219661201e-01
1.000000000000000000e+00
5.394825898695689848e-01
3.783493703760403837e-01
7.472080040091950703e-01
4.212756964230213175e-01
-1.990240154078695145e-01
-2.271553091643813416e-01
-3.914814008611756657e-01
-3.235799054439283950e-01
5.940290323610089018e-01
7.436468549451534793e-01
7.286710293327214316e-01
-5.857494309111356268e-01
-1.777470006745185405e-01
-4.306408011583778839e-01
1.000000000000000000e+00
-5.187653869967626119e-03
1.000000000000000000e+00
-1.134319817523532364e-01
-2.013562360338055912e-02
7.902931692951925546e-01
-3.587450294965220943e-01
-1.944092811777445862e-01
-2.794575840663857114e-01
6.757335198684406574e-01
-2.614859431195674100e-01
-3.946044104444695888e-02
-3.363288485276408890e-01
-6.038048430248106335e-01
7.555590824670643801e-02
-9.854725236495296414e-01
5.179013355669562779e-01
1.939219515817724449e-01
-2.472606174735630380e-01
-8.080141920643566511e-01
-4.327368178656691988e-01
3.633218518571404432e-01
4.889400729442425764e-01
9.643965026919358863e-01
1.611095201985697223e-01
-2.080276277484157110e-01
-6.387941226148245999e-01
6.766026365423002953e-02
5.003765219405402753e-01
6.723825596357808632e-01
-6.042675327743000091e-01
-5.241917799342302731e-01
7.187248986132831197e-02
6.763315354116958278e-02
-5.525368637929432003e-01
-4.065506776059967242e-01
-5.742270803809892410e-01
1.000000000000000000e+00
6.015002867087351074e-02
6.192139054007632648e-01
-2.107676822988018839e-01
1.952270931999763037e-01
-1.233882260220288407e-01
-7.597771409548015331e-02
-2.946517268947219659e-01
-2.940614427641352058e-01
5.809540442297266294e-01
-3.808124738499734097e-01
-1.000000000000000000e+00
1.960619294196481177e-01
-4.384763650906041144e-01
-8.030473658006852533e-01
-1.000000000000000000e+00
-6.170069844459088459e-01
-1.000000000000000000e+00
3.574010493582782666e-01
-1.870881766783425715e-01
-8.598722514933814232e-01
6.110427326143639259e-01
-6.238341764846362658e-02
-8.323648851386706848e-01
1.338436526887797073e-01
-8.573200904353168728e-01
4.396362081967931656e-01
-9.042494993426980487e-02
-5.981720773715526462e-01
-2.719194952181085423e-01
-7.773533392928791974e-01
-7.704913007680864734e-01
-9.461188716551591771e-01
8.743217366675045676e-01
-3.953739481793410171e-01
-2.578123599939710076e-01
-1.677987098734146088e-01
9.844855646122980808e-01
-4.246903231398519996e-01
-7.061925156120045788e-01
2.317414540073242935e-01
1.019912211534318575e-01
-8.770672529628132930e-01
-6.322451991465001253e-01
9.058524806112128180e-01
6.298019771129710620e-02
-4.997686980313926219e-01
6.805105339654150820e-02
3.362053161884611674e-01
3.589726004109240476e-01
-5.919303158593852698e-01
-5.795343224248985514e-01
-4.911454581423144172e-01
-9.688535257666334166e-01
-1.830787626952300358e-03
-1.074173694605531915e-01
-5.805088124070203470e-01
-9.634608090070976294e-01
-6.078086986949173820e-01
-1.960483721123280620e-01
8.881663113745205118e-01
1.954336670690343808e-02
5.618955665671302932e-03
-3.852875399762063502e-01
-4.508383143569049123e-01
-5.728236200260762301e-01
4.623923447636221762e-02
2.294382679887519150e-01
8.058914463783102278e-01
-1.000000000000000000e+00
-1.000000000000000000e+00
-1.000000000000000000e+00
1.732988107314170634e-01
-1.278227536175675742e-02
1.000000000000000000e+00
-1.668745332167344830e-01
-7.641494026905462089e-01
-8.584446941963197464e-01
5.371131921741030268e-01
-8.494627558184155713e-01
-8.934955414227452319e-01
-1.546186144548198360e-01
1.260155454255260377e-01
-2.870674168800312898e-01
-9.440693785640005276e-01
3.032166432143463403e-02
-7.925697655929476726e-01
-1.369677076977250385e-01
1.282227404494988288e-01
1.797240937532308402e-01
3.628671319717792221e-01
-7.309313614133815529e-01
-3.212182753156010984e-01
-8.989886218314535604e-01
-4.780967465755099344e-01
-1.705130506887851671e-01
8.403638281656766740e-01
1.000000000000000000e+00
-2.662058877201007312e-01
1.489343835432277441e-02
1.633788069956819411e-01
-3.804386905072797975e-01
-2.151827835319768956e-01
2.867221214277607677e-01
3.450784034972866343e-01
-5.198069961697276975e-01
-5.903801225642747452e-01
-5.932713466322376838e-01
4.619511881807535081e-02
9.905978980624474683e-01
3.596289695035947420e-01
-2.117961518080186123e-01
9.328519311911041001e-01
-3.364433866888315583e-01
-5.781376395099991489e-02
3.773287288648807108e-02
-5.942629205230995360e-02
6.899913399104934397e-01
-7.427117957116304015e-02
5.645812357443390495e-01
-6.828814108114981130e-01
7.408253026589122214e-01
-8.291477173230100695e-01
-4.610848104544786746e-02
9.904706817418729159e-01
1.380437768124132825e-01
6.809801156912451692e-01
-7.434797812548006313e-01
-2.494894328336090261e-01
2.076472689545757686e-02
-6.635725015959600959e-02
-1.476011919371255920e-01
-1.000000000000000000e+00
-1.518838319268387693e-01
-9.270744167893214815e-02
8.535277793879844088e-01
4.795942288199396830e-01
5.488201771413159236e-01
1.000000000000000000e+00
-3.442049023045313794e-01
3.927889611256149549e-01
-3.449309062155366257e-01
5.325763548486446286e-01
-5.421015984532793208e-01
-1.069224828590300963e-01
5.491518789105439557e-01
-4.722599922860613864e-02
-9.462245815868250975e-01
-2.231030519856093686e-01
-8.066347127115164328e-02
1.330225783349647806e-01
7.535268968796079436e-01
-6.301248647147367210e-01
8.528349655999362122e-01
-9.832280827216389740e-01
-8.819067675455014022e-02
8.115995455120114110e-01
-1.721619847624048238e-01
7.986106601899453650e-02
-6.015828081169116714e-02
7.614763064211685917e-01
-2.434131192726978962e-02
8.328251936814892731e-02
