-1.000000000000000000e+00
2.731578406752002142e-01
1.000000000000000000e+00
1.000000000000000000e+00
-3.307643709813909427e-01
-3.237943687249901226e-01
3.073324817760899608e-01
9.624326752584153599e-01
-7.782911754218322375e-01
1.000000000000000000e+00
1.000000000000000000e+00
-1.000000000000000000e+00
-9.727529763804602103e-01
-3.472398448130465942e-01
-1.000000000000000000e+00
-4.234253866584063442e-01
4.596569988681953323e-01
-1.000000000000000000e+00
9.655642684347965909e-01
1.000000000000000000e+00
1.289874062996586579e-01
1.000000000000000000e+00
1.000000000000000000e+00
-9.053213290535387925e-01
2.158548710602934406e-01
-7.263120219087204621e-01
1.000000000000000000e+00
4.758398297944300692e-01
-9.376918218503843550e-01
7.267322500652095840e-01
-4.848125141898765311e-01
-2.032066251629768283e-01
1.000000000000000000e+00
1.000000000000000000e+00
1.000000000000000000e+00
-1.000000000000000000e+00
-1.000000000000000000e+00
1.000000000000000000e+00
3.372494026821379887e-01
1.000000000000000000e+00
1.000000000000000000e+00
1.000000000000000000e+00
1.000000000000000000e+00
1.000000000000000000e+00
-1.000000000000000000e+00
-1.000000000000000000e+00
-1.000000000000000000e+00
2.332567223818571289e-01
1.000000000000000000e+00
-1.000000000000000000e+00
1.000000000000000000e+00
1.000000000000000000e+00
4.263548047623076931e-01
5.473527651935067295e-01
1.000000000000000000e+00
-6.060640667353591748e-01
-1.000000000000000000e+00
4.309835490632414334e-01
1.000000000000000000e+00
-1.000000000000000000e+00
-1.000000000000000000e+00
1.000000000000000000e+00
4.893000399713893778e-01
-6.996742375914932754e-02
1.000000000000000000e+00
5.527432923974928691e-01
1.000000000000000000e+00
-1.000000000000000000e+00
-1.000000000000000000e+00
-1.000000000000000000e+00
1.000000000000000000e+00
-1.000000000000000000e+00
5.004769991361368575e-01
5.743619891219864382e-01
-5.801772252472927605e-01
-1.000000000000000000e+00
8.637509982367397310e-02
1.000000000000000000e+00
-1.000000000000000000e+00
6.250998276478263449e-01
1.000000000000000000e+00
6.740089929787027589e-01
-1.000000000000000000e+00
-1.000000000000000000e+00
1.000000000000000000e+00
1.000000000000000000e+00
-1.000000000000000000e+00
7.735947451035760647e-01
1.000000000000000000e+00
1.000000000000000000e+00
-1.000000000000000000e+00
1.000000000000000000e+00
-2.668476229708139913e-01
-1.246422662192290254e-01
-1.000000000000000000e+00
-1.654988702187720762e-02
-1.000000000000000000e+00
1.000000000000000000e+00
-4.360687124239748247e-01
9.775805515368493070e-01
1.000000000000000000e+00
-2.976620653110599868e-01
8.216813551365463875e-01
-7.353680597645102512e-01
1.000000000000000000e+00
6.454850527287618878e-01
4.417644239374368675e-01
1.000000000000000000e+00
-1.000000000000000000e+00
-1.000000000000000000e+00
-4.044710883765723075e-01
7.576173383716343634e-01
-1.000000000000000000e+00
-3.530784330428915485e-02
-1.000000000000000000e+00
1.000000000000000000e+00
-1.000000000000000000e+00
-1.000000000000000000e+00
-1.000000000000000000e+00
-8.419237068895850662e-01
-1.000000000000000000e+00
1.000000000000000000e+00
-1.000000000000000000e+00
8.634853594499417584e-01
-1.000000000000000000e+00
-8.624922140050340635e-01
3.571200259602752003e-01
-1.000000000000000000e+00
-1.000000000000000000e+00
-1.000000000000000000e+00
2.721936941352411932e-01
-1.000000000000000000e+00
1.000000000000000000e+00
-1.000000000000000000e+00
6.774372407008606434e-01
-5.384519178264890460e-02
5.194750148525180133e-01
-1.000000000000000000e+00
1.000000000000000000e+00
1.000000000000000000e+00
-7.457179980472248282e-01
1.000000000000000000e+00
-1.000000000000000000e+00
-1.000000000000000000e+00
-1.000000000000000000e+00
-6.787170331955535429e-01
-1.000000000000000000e+00
-1.000000000000000000e+00
-1.080939317162560309e-01
-2.812544527524215576e-01
-2.762613004778955439e-01
1.000000000000000000e+00
-1.000000000000000000e+00
1.143904419790475746e-02
-1.000000000000000000e+00
-6.202613894694238850e-01
3.898308881984040575e-01
-8.995213673326787340e-01
7.336369708065934025e-01
1.000000000000000000e+00
1.000000000000000000e+00
7.633309990262354683e-01
-4.348871409011288991e-01
1.000000000000000000e+00
-6.064483730090612923e-01
1.000000000000000000e+00
5.602052373309247546e-01
-1.000000000000000000e+00
-1.729458373593234510e-01
-1.000000000000000000e+00
9.854939607789021672e-01
1.000000000000000000e+00
-1.000000000000000000e+00
1.000000000000000000e+00
1.000000000000000000e+00
-1.000000000000000000e+00
-1.000000000000000000e+00
-7.281520019998539706e-01
-1.000000000000000000e+00
9.938393566717904637e-01
-1.000000000000000000e+00
-2.668369561075017993e-02
-1.000000000000000000e+00
1.000000000000000000e+00
-1.000000000000000000e+00
1.000000000000000000e+00
-1.000000000000000000e+00
1.000000000000000000e+00
1.000000000000000000e+00
-8.793344655461132753e-01
-9.259986420336627777e-01
4.058991843463090055e-01
-1.000000000000000000e+00
-4.682382167009250251e-01
1.170384407845536691e-02
1.000000000000000000e+00
1.000000000000000000e+00
1.000000000000000000e+00
-9.924811172368861456e-01
1.000000000000000000e+00
7.708493171676378264e-01
6.171652640400397960e-01
-2.377198301170705408e-01
-1.000000000000000000e+00
-8.676640560719497963e-02
-4.125996706656888113e-01
2.374682440765384372e-01
-1.000000000000000000e+00
1.000000000000000000e+00
-8.231809583588529655e-01
4.671082700530707621e-01
1.163716482569965849e-01
-1.663832780971775394e-01
1.000000000000000000e+00
-1.000000000000000000e+00
4.458031475589656623e-01
-1.000000000000000000e+00
-1.000000000000000000e+00
-4.670421975689929006e-01
-1.000000000000000000e+00
-7.652259768611648916e-01
-1.325999405019913091e-01
1.000000000000000000e+00
1.000000000000000000e+00
7.205896971825308528e-01
1.000000000000000000e+00
-1.000000000000000000e+00
-7.929275769910021365e-01
-7.453961665296437999e-03
-1.000000000000000000e+00
-1.000000000000000000e+00
1.371973838415378455e-01
1.000000000000000000e+00
4.667170365289315809e-02
1.000000000000000000e+00
-7.603075046574272466e-01
-5.337281978542830485e-01
5.186097079397279375e-01
-1.000000000000000000e+00
1.000000000000000000e+00
1.000000000000000000e+00
1.000000000000000000e+00
-1.000000000000000000e+00
1.000000000000000000e+00
2.746695153898933706e-01
1.000000000000000000e+00
6.901248345698555164e-01
-1.000000000000000000e+00
2.514583012395192885e-01
-1.000000000000000000e+00
-1.000000000000000000e+00
-1.000000000000000000e+00
-1.000000000000000000e+00
1.000000000000000000e+00
1.000000000000000000e+00
-1.000000000000000000e+00
-1.000000000000000000e+00
-6.235710078016674096e-01
-1.000000000000000000e+00
-9.838174703863485915e-01
-9.469802291239152181e-01
1.000000000000000000e+00
7.714351662094557360e-01
1.000000000000000000e+00
5.773982039014988188e-02
