

gen best mean std gain diversity
0 8.466667 -80.669778 23.518466 8.466667 0.577399
0 12.166667 -47.856889 30.722331 12.166667 0.609101
1 12.166667 -35.906444 32.67322 -84.933333 0.569746
2 12.166667 -30.140667 32.406159 -84.933333 0.540877
3 12.166667 -25.036 29.731258 -84.733333 0.548751
4 12.166667 -27.996222 34.356817 -42.766667 0.519792
5 12.166667 -21.747778 30.720872 -42.766667 0.509583
6 12.166667 -15.822 29.496823 2.633333 0.533257
7 28.733333 -15.300444 30.584879 28.733333 0.51516
8 28.733333 -13.182889 28.090311 -14.233333 0.514746
9 28.733333 -11.925556 32.921078 -14.233333 0.510886
10 28.733333 -11.951333 28.081054 12.166667 0.509628
11 28.733333 -11.480889 29.141268 -3.566667 0.52778
12 28.733333 -18.079556 32.841961 1.8 0.565651
13 12.166667 -16.743333 28.935947 -84.733333 0.540487
14 12.166667 -17.240222 30.324435 4.866667 0.53636
15 12.166667 -16.389556 29.903541 5.266667 0.559135
16 12.166667 -15.601111 29.552162 -14.233333 0.575346
17 13.0 -12.726667 25.774719 13.0 0.573151
18 20.733333 -12.536222 25.750207 20.733333 0.584536
19 20.733333 -9.153778 23.600211 5.266667 0.579032
20 20.733333 -10.945556 28.263706 -84.733333 0.531594
21 19.466667 -12.967333 27.224001 3.333333 0.518927
22 19.466667 -11.651333 26.566682 19.466667 0.5466
23 19.466667 -12.524889 26.649059 -14.233333 0.574866
24 19.466667 -12.978 29.811841 -84.733333 0.575397
25 19.466667 -13.088222 31.573642 -0.133333 0.586869
26 19.466667 -10.946444 29.463473 4.633333 0.549335
27 19.466667 -12.760222 31.120812 -13.266667 0.554823
28 19.466667 -9.780222 27.583264 -84.733333 0.586797
29 19.466667 -8.159556 28.25414 19.466667 0.562986
30 19.466667 -13.683778 31.286716 7.0 0.612812
31 23.2 -10.054889 27.353034 23.2 0.599685
32 23.2 -9.587333 30.54128 8.333333 0.577189
33 23.2 -6.755778 27.444208 7.0 0.599257
34 23.2 -6.407556 25.97731 -16.733333 0.611582
35 23.2 -4.57 23.55981 15.933333 0.578776
36 23.2 -6.874222 30.126583 23.2 0.583866
37 23.2 -8.925556 32.009826 11.4 0.591365
38 23.2 -7.161333 30.446167 14.366667 0.581204
39 31.566667 -8.126 30.263826 31.566667 0.576282
40 31.566667 -7.148 33.416186 8.333333 0.573733
41 31.566667 -6.549333 33.452457 31.566667 0.546648
42 31.566667 -10.136444 36.49975 -56.833333 0.572316
43 31.566667 -5.600444 31.179364 5.733333 0.58348
44 31.566667 -7.084889 34.095346 -20.533333 0.562777
45 31.566667 -5.021111 30.920375 17.233333 0.55287
46 31.566667 -9.861778 34.552861 -1.366667 0.599065
47 31.566667 -7.306889 32.405088 17.233333 0.60476
48 31.566667 -5.973111 33.608656 10.9 0.607685
49 31.566667 -1.769333 29.191736 8.333333 0.544562
50 37.666667 -3.226222 29.690403 37.666667 0.604821
51 37.666667 -1.070889 30.787619 17.366667 0.543811
52 37.666667 -1.137333 28.67063 10.333333 0.568576
53 37.666667 -3.958667 33.067997 31.566667 0.571074
54 37.666667 -4.491778 34.242846 9.566667 0.592069
55 37.666667 -2.206222 27.82914 17.166667 0.557052
56 37.666667 -1.065778 29.75554 24.033333 0.558244
57 37.666667 -2.269333 29.56924 37.666667 0.528923
58 37.666667 -8.062667 37.54086 -5.166667 0.597538
59 37.666667 -3.416667 31.574143 17.066667 0.57909
60 37.066667 -6.491333 33.757957 37.066667 0.604034
61 37.066667 -5.528 32.365086 -29.266667 0.655304
62 37.066667 -7.004 35.916918 16.866667 0.612618
63 37.066667 -2.372667 30.956465 15.9 0.604542
64 37.066667 -4.943556 33.085763 -27.233333 0.658838
65 37.066667 -6.335556 35.012564 24.033333 0.641936
66 37.066667 -1.772667 29.021107 12.4 0.597738
67 37.066667 -3.290667 30.713359 -31.633333 0.605719
68 37.066667 -9.045333 36.698634 12.566667 0.635708
69 37.066667 -6.474889 37.596592 11.066667 0.628447
70 37.066667 -2.128444 34.501053 6.466667 0.616067
71 37.066667 -2.874889 32.606341 17.066667 0.606561
72 31.566667 -7.024 34.337845 15.866667 0.61137
73 31.266667 -3.813333 31.671452 7.166667 0.596598
74 31.266667 -4.873333 32.20746 9.533333 0.598114
75 38.833333 -3.662 29.633639 38.833333 0.660735
76 38.833333 -1.738222 31.778337 15.866667 0.648495
77 38.833333 -4.142889 32.255054 -16.833333 0.640936
78 38.833333 -2.419778 30.359636 17.066667 0.612775
79 38.833333 -4.600444 32.936335 18.466667 0.636665
80 38.833333 -5.289556 33.080083 14.7 0.64329
81 32.633333 -4.787778 29.849385 9.533333 0.637996
82 35.933333 -5.254 31.346264 35.933333 0.624654
83 37.8 -2.329556 31.13529 37.8 0.646051
84 37.8 -5.914889 31.623297 7.166667 0.636143
85 37.8 -2.000667 30.872204 8.933333 0.619822
86 37.8 -2.201556 29.832298 24.2 0.614127
87 37.8 -1.205778 31.456211 15.5 0.632617
88 37.8 0.690222 31.193614 4.1 0.654757
89 37.8 -0.641556 29.327598 14.7 0.644536
90 37.8 -2.915333 31.213924 35.933333 0.673497
91 35.933333 -4.607556 31.133778 -13.466667 0.649689
92 35.933333 -5.07 33.910979 -24.133333 0.676389
93 35.933333 -1.484222 29.677837 19.233333 0.635854
94 35.933333 0.255556 31.52298 4.1 0.61614
95 35.933333 -5.096222 33.966518 5.2 0.659126
96 35.933333 -6.899778 35.942619 5.2 0.643358
97 35.933333 -5.767556 31.942327 24.2 0.651923
98 42.1 -2.225111 31.907124 42.1 0.651281
99 42.1 -0.231111 30.439546 4.1 0.660886
100 42.1 -1.511556 33.075333 11.3 0.651078
101 42.1 -0.486222 29.813783 -24.133333 0.651863
102 40.366667 -2.031778 29.108014 19.7 0.655879
103 35.966667 1.466889 29.006168 21.4 0.62558
104 35.966667 -2.126222 30.506582 4.1 0.670174
105 35.966667 -4.642 30.308258 5.2 0.696243
106 35.966667 -5.001778 31.049587 -24.133333 0.689389
107 29.2 -6.410889 30.273613 29.2 0.701615
108 29.5 -5.967111 28.970415 29.5 0.655067
109 29.5 -5.403111 32.608682 -24.133333 0.687524
110 29.5 -5.701556 30.864995 5.366667 0.659064
111 35.933333 -3.056889 30.047308 26.266667 0.687038
112 35.933333 0.026 27.763616 -30.533333 0.664656
113 35.933333 0.333111 28.206473 21.4 0.633231
114 35.933333 0.297111 23.714056 5.633333 0.61503
115 35.933333 -5.062667 31.000337 12.366667 0.651871
116 35.933333 -8.532667 32.6596 1.8 0.660467
117 35.933333 -2.846 30.61883 35.933333 0.631749
118 35.933333 -1.630889 28.299893 -0.133333 0.62125
119 35.933333 -1.979111 29.848567 23.8 0.627502
120 35.933333 -3.715333 30.763536 1.8 0.709474
121 35.933333 -6.090667 30.573657 -24.366667 0.680682
122 35.933333 -5.999778 30.754059 13.566667 0.695707
123 35.933333 -5.548222 30.008463 -12.5 0.668558
124 35.933333 -4.090222 28.49743 10.666667 0.678841
125 35.933333 -4.265333 33.258415 4.833333 0.669601
126 35.933333 -1.594222 27.368832 27.9 0.66864
127 35.933333 -0.919333 27.100475 19.733333 0.659903
128 35.933333 -1.691778 30.943551 4.833333 0.668542
129 35.933333 -2.133778 29.361401 4.366667 0.657023
130 35.933333 0.732667 28.566152 21.9 0.66878
131 35.933333 -2.571778 29.793877 10.666667 0.654771
132 35.933333 -3.179111 31.857973 27.9 0.661168
133 35.933333 -0.419333 32.645594 4.466667 0.67443
134 35.933333 -4.386889 32.523504 5.666667 0.673639
135 35.933333 -4.221333 31.192648 10.633333 0.694022
136 35.933333 -6.180889 31.881732 14.7 0.68381
137 35.933333 -2.179778 29.446385 14.7 0.65475
138 35.933333 -2.929333 31.021796 5.666667 0.669204
139 35.933333 -1.578222 28.698989 5.666667 0.664347
140 35.933333 0.239111 30.002156 11.5 0.645485
141 40.1 -1.596444 31.362578 40.1 0.645501
142 40.1 -0.166 29.586128 -17.5 0.650159
143 40.1 -0.677111 30.732811 8.5 0.660385
144 40.1 -1.686667 32.51029 0.633333 0.674928
145 35.933333 0.744889 30.503493 9.433333 0.658024
146 27.9 1.808667 27.567659 14.333333 0.660227
147 35.933333 -2.310889 33.994351 22.333333 0.660598
148 35.933333 2.609778 27.502063 -10.5 0.618222
149 35.933333 -1.571333 33.12452 1.8 0.641519
150 35.933333 -1.922 31.438414 20.5 0.666382
151 35.933333 -6.167333 35.161392 13.833333 0.687558
152 35.933333 -4.335556 32.230062 0.633333 0.712808
153 36.233333 -5.752222 32.879573 36.233333 0.688937
154 36.233333 0.223333 28.664188 -34.666667 0.676605
155 36.233333 -0.150222 28.213009 4.366667 0.674041
156 36.233333 2.931556 25.484583 35.933333 0.666043
157 36.233333 3.785333 26.326771 18.0 0.659032
158 35.933333 0.928889 27.242981 15.866667 0.65887
159 35.933333 -1.840667 30.257555 16.5 0.682623
160 35.933333 -2.243333 31.156775 -3.2 0.653233
161 35.933333 -2.665556 30.149984 -40.0 0.676086
162 35.933333 -0.194667 29.057799 10.666667 0.683719
163 35.933333 -1.157111 26.859155 18.933333 0.675279
164 35.933333 -2.464889 31.053761 4.6 0.666603
165 35.933333 -2.646222 30.385702 -25.666667 0.698448
166 35.933333 -9.092222 30.546914 -3.2 0.721544
167 35.933333 -5.123111 30.456606 10.666667 0.712906
168 35.933333 -3.332444 29.990849 -34.666667 0.698741
169 35.933333 -6.843333 31.22765 -58.4 0.671677
170 35.933333 -6.364222 30.741453 26.266667 0.705595
171 35.933333 -5.229556 33.720919 0.633333 0.682113
172 46.533333 -3.832889 31.030126 46.533333 0.677579
173 46.533333 -7.411333 35.87633 -21.0 0.651836
174 46.533333 0.276667 28.459776 22.266667 0.701993
175 46.533333 -2.428667 35.421908 11.4 0.701071
176 46.533333 -4.208 34.056636 9.5 0.685354
177 31.033333 -2.906 30.940668 27.9 0.691642
178 31.033333 -4.888444 32.572348 -21.0 0.695453
179 31.033333 -6.216222 31.154365 -8.2 0.702295
180 31.033333 -6.042444 30.644422 18.633333 0.698148
181 31.033333 -8.898667 34.05611 7.933333 0.728731
182 31.033333 -11.187111 33.155036 14.9 0.748178
183 31.033333 -9.054222 33.863456 8.466667 0.703686
184 31.033333 -10.638 31.882161 10.0 0.711447
185 31.033333 -8.897778 29.34008 -34.666667 0.693414
186 31.033333 -6.190222 30.295526 10.666667 0.714505
187 31.033333 -9.751111 33.02372 -7.466667 0.720954
188 31.033333 -10.374 30.508073 -42.833333 0.713071
189 31.033333 -7.028222 28.18977 -21.0 0.698079
190 31.033333 -11.983778 34.350377 -5.866667 0.698351
191 21.2 -9.755778 28.937221 21.2 0.733245
192 35.933333 -9.194222 33.863117 -23.933333 0.717057
193 35.933333 -10.685556 33.752861 10.666667 0.701913
194 35.933333 -14.166444 35.099836 14.7 0.708581
195 35.933333 -10.664889 31.22469 -52.766667 0.709303
196 35.933333 -12.242222 32.338378 8.766667 0.727027
197 35.933333 -6.738 31.705663 35.933333 0.718367
198 35.933333 -5.697111 33.37348 -1.966667 0.722947
199 35.933333 -7.196889 33.378537 0.633333 0.722483