-2.442403809056681654e-02
-4.450656058988480268e-01
6.177574052325847109e-01
-3.363458463038726531e-01
4.314996266417679416e-01
7.214871582765696179e-01
-5.633813805401696184e-01
2.093442942166609255e-01
3.334029436402335955e-01
-4.619451191258022726e-02
-8.766470928364379633e-02
-2.177736117719041298e-01
4.467056493117318450e-01
-1.645766312378344615e-02
2.623944927536613902e-01
3.628045373856111921e-01
7.816350071380420150e-01
7.924834505048529154e-01
-9.961786407888393313e-01
3.480842809676272243e-01
3.873173200436400565e-01
3.740009248315973034e-01
9.421390062329929593e-01
-3.842939747269055739e-01
8.230736098807551748e-01
6.531972620207564528e-01
2.423893582541303826e-01
3.575912393249416205e-02
-6.930897322291792451e-01
-9.921348818050976792e-01
7.858426572718091307e-01
1.000000000000000000e+00
1.212710324215569707e-01
8.793244398887946067e-01
9.514292302891629305e-01
7.230245478734331765e-01
2.336205550200242953e-01
6.290941074508381581e-01
9.322148027740659315e-02
4.035937661393311227e-01
4.801767540810457646e-01
-6.504887152137680539e-01
-7.805658577611077620e-01
-9.357715103419343983e-01
-4.344304267591841406e-01
-4.653179205438066068e-01
4.714456944416169915e-01
-2.570919081731221079e-01
-9.955167228856495187e-01
-1.881376831596225652e-01
-1.000000000000000000e+00
8.054691760152846713e-01
-9.165405185564292623e-01
2.137964078767205234e-01
-8.070299683306617622e-01
3.078451002131983305e-01
9.723339499199835645e-01
1.092040397324142188e-02
-1.000000000000000000e+00
-9.572497943745036375e-01
-8.877535286101818635e-01
-9.784259851949310416e-02
-8.425116402656901426e-01
-4.187354876150496397e-01
4.208886016100378824e-01
-1.522206827186848854e-01
2.181307625772440917e-01
1.000000000000000000e+00
-3.195942122913052463e-01
1.128403812311101623e-01
6.690174390593419673e-01
-2.970055302028906108e-01
-3.327205563604802019e-01
-9.465336623030843333e-01
-6.114425232958802248e-01
4.186397839331669202e-01
-2.568441062430616983e-01
6.970766212812809504e-02
-2.497172345533378579e-01
-5.111909228210875789e-01
-1.735298987915023239e-01
6.106026241452124775e-02
6.718520759218055138e-03
5.390193010208422786e-01
-8.131582528630049156e-01
2.521472224775787030e-01
-9.736377890281041614e-01
-6.470063195659150335e-01
-9.588145020406541041e-01
3.617776875490773536e-01
1.000000000000000000e+00
-6.510222938709761542e-02
6.667296952837520330e-01
9.369478164211172411e-01
9.790257581499770545e-01
9.876837334703395532e-01
4.571806428205960060e-01
3.576177519036902730e-01
-5.088647377923281034e-01
9.776915631749881486e-02
-4.306767483076775344e-02
7.981384006002735856e-03
8.905930449000016846e-01
8.485434208099064401e-02
8.488579522341145323e-01
4.306314966402931266e-02
-7.768260185350321922e-01
-8.946007635350089471e-01
-8.644458841892409540e-01
-6.468298967605573720e-03
4.439361049944098303e-01
-1.063551544449918979e-01
-5.615830933363178540e-02
6.701484222948780323e-01
-3.197168070874580881e-01
-4.894545685669520196e-01
9.389515828664455332e-01
7.133039706158510462e-01
-8.634643525873517689e-01
4.737235906802426122e-01
-2.066519876742328177e-01
9.113747139718015866e-01
1.442932516393369280e-01
5.224389444081609657e-01
8.542593362165391835e-02
1.772563677292262052e-01
4.038275596238279919e-01
4.501141821317607844e-02
4.849234082686336711e-01
-1.784434463655694969e-01
4.564591537319837578e-01
-9.760027114033638096e-01
-2.936136328314666866e-01
1.415403317330818367e-01
5.739216121481176547e-01
-2.129416733897113723e-01
3.859537944616100447e-01
-4.823885476496241331e-01
-9.916658190811651341e-01
-9.556760508474241300e-01
-4.459355408307659197e-01
2.375985911623501312e-01
-2.806909341571171002e-01
5.422390940523456049e-01
1.186128553267307567e-01
-4.463205687609506089e-01
4.650721496011785416e-01
-1.556872859894590788e-01
-1.324621969284938694e-01
8.901526316671931616e-02
4.791813840895857157e-01
4.397866724800808536e-01
-8.401498540203506948e-01
4.902624970161775231e-01
-9.332810386117985912e-02
-1.978160509589292904e-01
4.686462975853240565e-01
-9.972657501825960003e-02
-5.533628119378297683e-01
-1.000000000000000000e+00
4.920686376409774687e-01
3.312789792034224745e-01
-5.022544123062601118e-01
5.228854883146962784e-01
4.613016012354509976e-01
1.248442510494634540e-02
5.969513781173482192e-01
3.670498537696142397e-04
-2.151553001500756956e-01
-6.833336403046815777e-01
3.251384100692810697e-01
-3.002492186777497296e-01
-8.890581637888017585e-01
-2.370600975465354254e-01
-9.341669876355100932e-01
-5.110285387894656361e-01
1.681118573444468356e-01
8.358117104958678878e-01
-6.704721057518784333e-01
2.983050526720378848e-01
-2.395030274627019395e-01
5.262474573400417466e-01
3.601137186145200175e-01
1.000000000000000000e+00
-1.473599211285456234e-01
7.556658666885125442e-01
-6.673544093589304227e-01
8.386413577683236864e-02
-1.799780288348021284e-01
5.493983194541650628e-01
7.889502226067087731e-01
-7.789055283970933719e-01
-5.904246729178839193e-01
9.944651120700830349e-01
-7.515504510284939377e-01
-3.243889433939453615e-01
-4.697975522224798195e-01
-6.891659424347391649e-01
2.082357347732127772e-01
-3.491342817817955635e-01
5.467430154004471188e-01
5.885750618651031107e-01
-7.049823520386940823e-01
1.917910231451316339e-01
-8.499711904851048327e-01
-3.358674950748507526e-01
-2.225664449543471035e-01
-7.057220554657916978e-01
3.965177909202046713e-01
-1.493985904198806280e-01
-8.918383399563356573e-01
3.760044082411553856e-02
-3.619850558977912858e-01
8.936096423465111904e-01
1.706758923326093802e-01
-7.590899836108365717e-01
1.308322998972206996e-02
4.455183198792235788e-01
-1.792935077420058643e-01
8.939153711787962697e-01
9.549624839348606065e-01
-2.004626989314509111e-01
7.904500823391462649e-01
4.368164883644100049e-01
-1.000000000000000000e+00
-9.078480044629211321e-01
-3.648275338233711307e-01
5.889825412208364863e-01
4.251030375692548685e-02
-4.880229863553832703e-01
-9.486764271435103035e-01
2.277033498718143145e-01
-4.505029230865644774e-01
5.769541486698394339e-02
-4.601164316269947679e-02
5.936574857314308451e-01
1.111631667489870745e-04
1.535027923695569951e-01
-9.215270949478281404e-01
-4.942021245378384608e-01
-1.000000000000000000e+00
-1.000000000000000000e+00
2.985949450155480633e-01
8.517345946153456748e-02
5.836989304337382167e-01
-4.046776074111839705e-01
-4.352560956440390538e-02
1.270288321411976451e-01
-3.701708057037825239e-01
-7.964630236175473943e-01
-2.817012558260091337e-01
-8.180061354817174113e-01
1.306975917414451571e-01
7.420568713300662589e-01
9.338017565302395573e-01
-2.662798825977729100e-01
3.361224104522750333e-01
-6.697868239273184754e-01
1.000000000000000000e+00
-3.785889351182159662e-02
9.908609824090494067e-01
-3.488653172962902227e-02
-5.400024499220953400e-01
-5.855483693460438177e-01
4.827741222635718032e-01
