3.913127370629182478e-01
-8.291429152942479952e-01
-9.470724144977555881e-01
2.658276906288116748e-01
5.516273389698765905e-01
1.000000000000000000e+00
9.425499455743993060e-01
-6.962938329460663933e-01
1.000000000000000000e+00
-7.302726954606444387e-01
-1.283171387568790567e-01
-7.495348965568822130e-01
6.491326484493925575e-02
3.275582699823914035e-01
6.329636569672156821e-01
3.626379725523873887e-01
2.478456635959545018e-01
-6.684271872689780958e-01
8.545236332749697183e-01
3.193232294425644713e-01
7.847993448012378082e-01
-1.000000000000000000e+00
-3.916223765842857252e-01
-3.310351441571054432e-01
-2.027896980505236590e-01
-1.000000000000000000e+00
4.342632631844239866e-01
8.743155049475404006e-02
7.794071203634050926e-02
-7.746493294258495199e-01
-1.768174752927349491e-01
-8.761779778776290772e-01
5.851413666775640010e-01
-6.336318080518291707e-01
2.199683588763357012e-01
6.229067729878710047e-01
7.908050655823031794e-02
-4.639940518387917212e-01
2.862997164786693638e-01
2.543853145417457329e-01
-1.448795341382080881e-02
-1.000000000000000000e+00
-9.213650813584332022e-01
-2.449877945872069862e-02
-7.561132601421531596e-02
-7.003599299098132169e-01
-2.022486679263911791e-01
-4.394785419502492685e-01
4.202831736077832225e-01
-1.000000000000000000e+00
3.198027485669267533e-01
7.577611980759750843e-01
9.504729946032736132e-01
-5.573076739155853332e-01
4.287564105064320952e-01
-1.294893739019566947e-01
-2.306404514158095498e-01
1.942430452353495762e-01
-7.494841583376106176e-01
7.279657732822888416e-01
1.213373458853018727e-01
8.798248412116576045e-01
9.720933917493076448e-01
-9.226715357937854689e-01
-3.515146344237801701e-01
9.214545363400273859e-01
-7.813508392659195001e-02
-5.191742298381011311e-01
-1.588705429710567385e-01
-1.000000000000000000e+00
-4.620559982376081787e-01
1.000000000000000000e+00
-7.860768743088767385e-01
-2.757902464794325104e-01
-8.125340147050088557e-01
3.928412082006038086e-01
-1.062841340183307004e-03
1.313177238509114220e-01
5.357551292288160738e-01
-2.478285426345408493e-01
-7.153042120627730593e-01
-7.847481260146529358e-01
1.037005121086304604e-01
4.599462780557178609e-02
-1.000000000000000000e+00
9.013994472124844393e-01
-1.000000000000000000e+00
-1.342229053546001860e-01
-8.423693287944647445e-02
-5.405499935525013289e-01
1.000000000000000000e+00
4.397367240961699286e-01
-2.721383170748744029e-01
5.951209255343121729e-01
1.000000000000000000e+00
1.379874170727995453e-01
-7.178178445332423774e-01
-2.450031586035463504e-01
-6.071912252639507512e-01
8.200463619300562002e-01
-9.600853581290131888e-01
-4.666027211075717274e-01
-3.046478136371275069e-01
8.280490670844494749e-01
5.478857707808861832e-01
-1.000000000000000000e+00
4.058590032307155537e-01
-7.447990780299961200e-01
5.321784907504859552e-01
7.819137317297748524e-01
5.310418532634617605e-01
-8.077906480625407504e-01
-5.624258409173046314e-01
-2.078653376103470618e-01
2.710607844157381097e-01
8.470048606820752557e-01
3.626379725523873887e-01
-1.414966537004525571e-01
-3.133901727470893572e-01
-8.392602859548888850e-01
1.000000000000000000e+00
2.820150367464572261e-01
6.804023724444469012e-01
-1.918852218053866965e-01
-9.452946996607153318e-01
-7.474601244180950621e-01
-6.492799014332907293e-01
1.000000000000000000e+00
3.109703253027926162e-02
1.000000000000000000e+00
-2.000236090318892879e-01
-5.868324052762308174e-01
9.464572946599958403e-02
-9.013383908806258393e-01
-5.853592610793422191e-01
8.174187182065466573e-01
-1.000000000000000000e+00
2.172458867494965196e-01
-8.259658825583789943e-01
-3.681466926980067611e-01
4.947581668509992703e-01
4.740844164514202985e-01
-7.013727797325929048e-02
3.460766637723387551e-01
-1.000000000000000000e+00
-1.000000000000000000e+00
2.432360945264975260e-01
-1.000000000000000000e+00
-1.575134013612808914e-01
5.775579623453086509e-01
-4.428175800097268189e-01
2.886504225780443522e-01
1.000000000000000000e+00
8.487242036939067757e-01
-1.169839288751009648e-01
-5.152434981260909375e-01
3.922779453028437668e-01
1.000000000000000000e+00
-7.153042120627730593e-01
-6.725076610741024252e-01
-4.971296747993884657e-01
-1.000000000000000000e+00
1.827452815783187634e-01
8.606976554703274496e-02
1.000000000000000000e+00
4.887703604401488766e-01
8.867993475388958879e-01
1.878072901100469316e-01
-1.153408544847099870e-01
-2.411179435691356843e-01
-2.304796020381671140e-01
-8.819854379601155259e-01
-2.545395425075898110e-01
9.737259623004649312e-01
-4.188016881062778252e-01
-2.103072087306384896e-01
8.198162219031602804e-01
-4.608579074494308925e-01
-5.601095164511422642e-01
-5.461643353105203325e-01
-5.241835166547682556e-01
5.850074533342848326e-01
6.355062421371429071e-01
-2.318088601053786557e-01
1.000000000000000000e+00
7.926312234022262482e-01
-9.023626519551323222e-01
-5.468498692071269152e-02
-4.597952785493910621e-01
-9.802758844507769576e-01
-3.626379725523873887e-01
4.642889468329064462e-02
-1.000000000000000000e+00
-4.616091411443804526e-01
-7.518654466706975459e-01
-1.185667606146207920e-01
-7.490678487968723820e-01
2.905291659210522681e-01
-5.058042397549525893e-01
-8.340822058610481982e-01
8.203779280784102568e-01
8.085733422801084647e-01
6.904869485295326292e-01
6.776671286459670096e-01
-5.372207790832521646e-01
-3.329288053094253130e-01
9.832324517577024636e-01
2.431054047772399640e-01
-8.950756624612317136e-01
-8.303762547908170033e-01
-9.518642843573150714e-01
-6.057332786121751855e-01
1.000000000000000000e+00
8.953708286064863131e-01
1.000000000000000000e+00
-5.110219344855571055e-01
5.406353869550117874e-01
2.645947778486884006e-01
-6.805677707239300434e-01
-1.000000000000000000e+00
-3.134527774925148225e-01
-7.261376936343489907e-01
-2.525078175065072483e-01
7.971035152445685723e-01
-4.387788786075321745e-01
-3.695787024120951725e-01
8.635657622958412549e-01
1.000000000000000000e+00
1.000000000000000000e+00
9.445831342639292583e-01
-2.446962423274627318e-01
-3.925238171965286238e-01
-5.079048956894613998e-01
1.000000000000000000e+00
-5.244815264926327991e-01
6.372900159776355711e-01
-7.131320623295359651e-01
-3.626379725523873887e-01
-5.275832045046635610e-01
1.180342984404436080e-01
1.002825082399824846e-01
1.000000000000000000e+00
1.000000000000000000e+00
6.519966451743164360e-01
-2.761669156879038578e-01
-3.517600067448588552e-01
-9.570236156011980855e-01
1.000000000000000000e+00
-7.613514416290652065e-01
2.391184530979141853e-01
7.629014246841908653e-02
-6.684258177954548463e-01
6.949601951143123957e-01
-7.931530899617109664e-01
3.131905156567545423e-01
-2.105679337817028818e-01
5.581440181150308932e-01
6.319142803127583141e-01
-8.312843471378792426e-01
6.073881329861883227e-01
5.369221459607401714e-01
2.396865485447868260e-01
-1.000000000000000000e+00
-9.688963814167069755e-01
-1.000000000000000000e+00
