-1.000000000000000000e+00
8.221168879607936297e-01
1.000000000000000000e+00
1.000000000000000000e+00
9.805192308629264719e-01
1.000000000000000000e+00
1.000000000000000000e+00
-9.828257938869284782e-01
1.000000000000000000e+00
-7.440473554551283453e-01
1.000000000000000000e+00
1.000000000000000000e+00
-6.056455596438554689e-01
-4.142634950169243879e-02
6.731792998377754689e-01
-7.285375113550056625e-01
-2.357479334601990106e-01
-3.830215630363043022e-01
-1.000000000000000000e+00
7.868636141297079556e-01
8.438236454932068753e-02
-1.000000000000000000e+00
1.000000000000000000e+00
-3.464650225465749633e-01
-4.417638512120795058e-01
-2.920357180169380618e-01
7.440473554551283453e-01
1.000000000000000000e+00
-1.000000000000000000e+00
-5.789459610180436311e-01
-1.000000000000000000e+00
-1.000000000000000000e+00
-1.000000000000000000e+00
1.000000000000000000e+00
-8.015521907466771623e-02
-6.292037756246530167e-01
1.000000000000000000e+00
5.301204334355154035e-01
2.405945741113497127e-01
4.157624495173597445e-01
1.000000000000000000e+00
4.883514007503644283e-01
-1.000000000000000000e+00
-5.525770749311318397e-01
-5.979102441945207680e-01
7.432032810371274056e-01
-8.377918988261356947e-02
-8.403240281393021816e-01
-4.437240518006146939e-02
-1.000000000000000000e+00
-1.000000000000000000e+00
-7.680582911428651682e-01
2.102795414546554387e-03
-1.000000000000000000e+00
2.039426879698729156e-01
5.044214719048178974e-01
6.464876524404830072e-01
-1.000000000000000000e+00
1.000000000000000000e+00
-9.413375680164469683e-01
8.490444448448211112e-01
7.207158630682922729e-01
5.314222804126282895e-01
-2.393420663070342513e-01
7.054400071161263108e-01
-1.000000000000000000e+00
-1.000000000000000000e+00
8.908568112641755965e-01
-2.087896157832825894e-01
1.000000000000000000e+00
-1.000000000000000000e+00
1.000000000000000000e+00
8.860612374024613436e-01
1.000000000000000000e+00
1.000000000000000000e+00
-2.506450423397468263e-01
-1.000000000000000000e+00
-7.756655802605780803e-01
-6.538368856826801689e-01
-4.641725228503686962e-01
2.339395366495026218e-01
-4.020073036017023371e-01
1.000000000000000000e+00
2.671281657454248615e-01
-9.886592198166578305e-01
6.039239088453829396e-01
1.000000000000000000e+00
9.892824205137440430e-02
-7.333089380531003787e-01
-5.486111872586730831e-01
-4.424940839049389951e-01
1.000000000000000000e+00
-9.845689186673470816e-01
-1.000000000000000000e+00
-8.715612521101986365e-01
5.535485708123448756e-01
1.000000000000000000e+00
1.000000000000000000e+00
1.000000000000000000e+00
-6.243627633109991582e-01
-1.000000000000000000e+00
9.266950559389786068e-01
-8.082307386583301723e-01
1.000000000000000000e+00
3.387774520950668222e-01
-1.000000000000000000e+00
8.073368398363227616e-01
8.936799715876552197e-01
-1.000000000000000000e+00
-1.154720041958099408e-01
-9.574665570402172143e-01
-6.783847080361458115e-01
-1.000000000000000000e+00
-7.573792597158566231e-01
-6.226327794131845117e-01
1.000000000000000000e+00
1.000000000000000000e+00
1.000000000000000000e+00
1.000000000000000000e+00
-8.469980869207089924e-01
2.547100141652782757e-01
-5.114042100671034596e-02
9.369516567809468288e-01
-8.349785287382287535e-01
1.000000000000000000e+00
9.812795937082414710e-01
1.000000000000000000e+00
9.308992402497835439e-01
-8.818971315919392762e-01
7.469311739487674018e-01
9.834799294760934174e-01
3.875042346944574945e-01
5.541872452514442493e-01
1.000000000000000000e+00
7.964841338167112372e-01
-5.266748102591705116e-01
1.000000000000000000e+00
-6.778075998885398912e-01
4.589734828424036350e-01
-2.063373823875182811e-01
-1.505519490298343754e-01
-1.000000000000000000e+00
1.000000000000000000e+00
-7.234409516139859164e-01
-1.000000000000000000e+00
-1.000000000000000000e+00
2.544143909767879741e-01
7.428897782616485923e-01
-8.941441917058933209e-01
-9.630514638155590612e-01
-1.000000000000000000e+00
-1.000000000000000000e+00
-1.000000000000000000e+00
-6.661699238495172315e-01
-6.465603100015739901e-01
1.509475802044064063e-01
2.389714740273505278e-01
-1.890586572674320953e-01
1.000000000000000000e+00
1.145033609679305675e-01
1.000000000000000000e+00
-8.666308153498381017e-02
1.000000000000000000e+00
1.000000000000000000e+00
-1.000000000000000000e+00
7.490930885387030447e-01
-9.965110394481769829e-01
-4.417086074663668649e-01
-1.000000000000000000e+00
1.000000000000000000e+00
1.499745388735935214e-01
-2.352704088069794697e-01
3.901043646102060336e-01
1.000000000000000000e+00
4.040585757258920441e-01
1.000000000000000000e+00
9.444725399601376914e-01
-3.046176878355011386e-02
-2.994616954568509182e-01
-6.797783359770673828e-01
3.219257835169841986e-02
4.169072895803223044e-01
-8.561194118923127760e-01
-1.000000000000000000e+00
1.000000000000000000e+00
1.000000000000000000e+00
-3.281027747963189967e-01
1.000000000000000000e+00
-5.576408689714557054e-01
-1.000000000000000000e+00
3.578126192885249246e-01
8.767260912074410495e-01
-1.000000000000000000e+00
-8.098774626994537096e-01
-9.802377069687460143e-01
1.000000000000000000e+00
-9.054487671251134628e-01
1.000000000000000000e+00
-1.000000000000000000e+00
7.410561118056717689e-01
9.023197326074521296e-01
-1.000000000000000000e+00
1.000000000000000000e+00
2.363980485306887980e-01
-9.934644253630827704e-01
-1.000000000000000000e+00
1.000000000000000000e+00
1.000000000000000000e+00
-9.580329074662707889e-01
-1.000000000000000000e+00
8.480825877271269686e-01
-4.227808021567692753e-01
8.377860446034816055e-01
-3.427867958351104027e-01
1.000000000000000000e+00
3.424641124499772094e-01
1.000000000000000000e+00
9.196290039456740395e-01
5.367393617969538067e-01
5.464523696117495888e-03
1.000000000000000000e+00
-9.609256377813369943e-01
-6.315696366822266539e-01
1.000000000000000000e+00
3.575468387265439696e-01
1.000000000000000000e+00
-7.645490427774062070e-01
-1.000000000000000000e+00
1.000000000000000000e+00
2.448953184354171753e-01
-6.628483363087354086e-01
-1.000000000000000000e+00
2.461879857458311172e-01
1.000000000000000000e+00
1.000000000000000000e+00
-1.000000000000000000e+00
1.000000000000000000e+00
5.755427920430817856e-01
-1.000000000000000000e+00
-1.000000000000000000e+00
-1.000000000000000000e+00
1.000000000000000000e+00
9.784087797335518921e-01
2.265159670361165389e-01
-7.935722227228972914e-01
-1.000000000000000000e+00
-7.500045093321999756e-01
3.584161759458762142e-01
1.000000000000000000e+00
1.000000000000000000e+00
-6.603442011070470574e-01
1.000000000000000000e+00
7.596091047605677549e-01
1.000000000000000000e+00
4.010964577194912062e-01
-1.000000000000000000e+00
-6.467385653550576929e-01
-1.000000000000000000e+00
-7.201978333138457922e-01
-4.923794916773018837e-01
5.765081104774838483e-02
1.000000000000000000e+00
-1.982240944901288993e-01
1.000000000000000000e+00
-6.273731447012045326e-01
