6.268327114899937547e-01
9.817848967517993630e-01
-8.036123638971039984e-01
7.159582048791470754e-01
-8.578930108855645775e-01
9.803136770715503712e-01
-8.467436599970463718e-01
8.780127588875776823e-01
-7.126662933603054029e-01
4.159606300861985462e-01
-8.941370077912027536e-01
-1.000000000000000000e+00
6.781239654030761788e-01
-6.060920400501206284e-01
9.525695432126799478e-01
7.938936332688327768e-01
-2.443993964721833390e-01
7.342575021788944056e-01
3.179306976616086411e-02
-1.000000000000000000e+00
-9.549539446518566788e-01
-7.722396905314995452e-01
-6.655100572844678819e-01
-7.836437381299804494e-01
8.752340105014992933e-01
8.710009715909781125e-01
-8.570653153926093282e-01
-7.227806890889140190e-01
-3.970839981953899200e-01
-1.415243588273525921e-01
4.613062744053352815e-01
-1.000000000000000000e+00
7.758386816691020815e-01
-5.751952798938146927e-01
-7.505054634441975514e-01
3.858149156327039808e-03
-3.003001630363211771e-01
1.991903627198866045e-01
9.779109067465272531e-01
-7.345270623490158801e-01
-2.012258256792538724e-01
5.485926544987898001e-01
6.542146993322891513e-01
8.172583304689793327e-01
8.629375521354363254e-01
9.772058892645456574e-01
-5.532551800302962786e-01
-9.148988620183693410e-01
-1.951178074864609868e-01
-4.369965661030430493e-01
-2.008574036523058104e-01
-4.810591327050618426e-01
6.495689043796655238e-01
9.117335195929467950e-01
2.530522225620178145e-01
8.743670844479854987e-01
-8.984676447548421985e-01
7.195374679718127275e-01
-1.000000000000000000e+00
4.028611953279037650e-02
-6.866267264025338601e-02
5.705279336605714180e-01
4.994086694761702971e-01
2.943643666746108556e-01
-9.714890593151106479e-01
8.856501963951933787e-01
4.460390945613655345e-01
-7.012044301117486000e-01
1.000000000000000000e+00
8.811589505433979896e-01
9.897366958821325333e-01
8.978377023021720804e-01
8.691066598787906550e-01
-3.332344866281677920e-01
-9.356760880517814849e-01
5.012028596153776938e-01
-5.997701740083676292e-01
-8.434285767512803567e-01
-6.828422700861926931e-01
-8.647501459589329587e-01
9.547865024336724682e-01
-8.233121546680713942e-01
-2.453088998741503879e-01
-4.385485210737928297e-01
3.552465804726682719e-01
-5.469396531292709529e-01
-3.195516920716965914e-01
-2.778575931706949165e-01
2.116678818478816559e-01
-3.083157194673299406e-01
2.217412700823808147e-01
2.677208254565833223e-01
3.245198121756710519e-01
5.576152539019608723e-01
8.617461069409744212e-01
9.038259715969980679e-01
2.207333795611366722e-01
-1.114657652285455658e-02
6.340256642421868705e-01
-1.977659162412869764e-01
1.000000000000000000e+00
8.664657534085670187e-01
-6.664057232323746804e-01
-1.000000000000000000e+00
8.299309488978370286e-01
9.526210169327149480e-01
2.204207798999294754e-01
-5.481885269394645155e-01
1.679304184654387133e-01
5.579876631931300901e-01
-1.541830381914494064e-02
-1.000000000000000000e+00
-1.000000000000000000e+00
9.078079894353827672e-01
-7.092661454579460845e-01
-1.258527599771357419e-01
9.548699070017500068e-01
-2.635511679730728196e-01
5.994346343147910483e-01
5.932141406368962588e-01
5.499583995606709408e-01
3.250088617159633819e-01
4.484104203511695141e-01
1.000000000000000000e+00
-9.348905535692200175e-01
-4.459743518135145246e-01
9.586745539380918668e-01
-4.481545009707695870e-01
5.690580845603012694e-01
4.444327067988511071e-01
-3.782454226963161137e-01
1.291006951523789303e-01
-5.276967775536811622e-01
-9.157927062838489007e-01
1.098185329168246682e-01
-3.487626177132567284e-01
-1.000000000000000000e+00
6.202191959392724385e-01
7.446022555114796271e-01
-6.268731796228224074e-01
4.083603481249459266e-02
-7.963030538303929040e-01
1.488216576155657611e-01
7.734666092887849675e-01
8.122102140511360258e-01
-9.259672390057720470e-01
-1.000000000000000000e+00
3.686020076245086763e-01
-3.984455829477943078e-01
1.000000000000000000e+00
1.267878254498666646e-01
-9.739263434169238565e-01
-5.766560110309373322e-01
7.572543128316608918e-01
-9.950560927823243196e-01
8.577458585925596957e-01
1.813134970021594294e-01
1.000000000000000000e+00
-2.888018748996353802e-01
-2.453579865494854850e-01
-4.031791481620194961e-01
-5.398507378126591316e-01
8.890565132866243836e-01
1.544821292033665139e-01
3.712188099230322447e-01
-7.630023590332919436e-01
6.322883003909698374e-01
-5.813001466399676520e-01
3.535734727016055512e-01
-7.576249290849866869e-01
-9.692227216669777601e-01
-5.275992227745581742e-01
8.405439553199384184e-01
-7.217427067663531037e-01
8.977876252048957451e-01
-7.219783185405007631e-01
7.652872483230059864e-01
-4.839767246359523156e-01
-9.505383280556726211e-01
-8.624007414630676660e-01
-1.396537040982562261e-01
-9.892603837168476577e-01
8.382346404600149459e-01
-6.453170767002505137e-01
5.591433077211701574e-01
1.000000000000000000e+00
-7.539296332353575547e-01
-1.000000000000000000e+00
-8.803397136444948146e-01
-7.830070704738563148e-01
-5.861827998415162222e-01
-7.866901580870748756e-01
7.349179132752998722e-01
4.464869135450891813e-01
6.952159187417186192e-01
1.000000000000000000e+00
-3.213148849817755170e-01
-1.612529830250804541e-01
9.277644884858945451e-01
-3.959666275694189719e-01
1.000000000000000000e+00
-6.652981216669702214e-01
-7.863735412341421593e-01
7.051252165108166103e-01
8.679773692326836487e-01
7.379016777734579424e-01
7.398619273799469376e-01
-2.855839962787152242e-01
4.101287258523136359e-01
9.878715915133344794e-01
-6.833379452166281620e-01
-7.435007275690086459e-01
2.113239035371393681e-01
9.207551469039996217e-01
9.454540487647944413e-01
-5.680702282660362590e-01
5.202794631959724025e-01
-7.063873685810979630e-01
-3.775709099720776507e-01
9.398743731154243219e-01
-9.234876324354703847e-01
-1.000000000000000000e+00
7.086756067608271370e-02
5.950927132112461271e-01
1.011409831552747274e-01
5.860042740956548091e-01
8.580678277794203668e-01
9.720103594469975405e-01
9.334198002287126261e-01
6.556889975395013836e-02
-9.725569742306966470e-01
-9.021720888800528471e-01
1.706031908914965034e-01
1.800041106935110768e-01
-8.898613085342921281e-01
-5.598932400126773734e-01
-7.211948727862621533e-01
3.192502351438372132e-01
9.475001523463161268e-02
3.749654335374348335e-01
-1.000000000000000000e+00
9.007632573254386044e-01
4.561403397604196774e-01
5.495381089016104781e-01
-6.259614450062196411e-01
2.427283133273613336e-01
3.198456696359368578e-01
-9.698275476729923961e-01
-5.756239965315638196e-01
-2.043222252374810033e-02
4.665358356914810212e-02
8.834794315034744105e-01
-6.593854514792962807e-01
-6.734696117457680264e-01
2.307435943370492737e-01
-2.050460683236310366e-02
3.235380123125066731e-01
9.987934445161902319e-01
8.741921239339143224e-01
-6.156832802320708620e-01
1.000000000000000000e+00
-9.206936564788537058e-01
-8.946404030489792936e-01
8.043150494569020204e-01
-4.145337281782616318e-02
