-1.000000000000000000e+00
1.000000000000000000e+00
6.072242918130249523e-01
6.900541515070394150e-01
-1.000000000000000000e+00
-1.000000000000000000e+00
5.063561988216102039e-01
-1.000000000000000000e+00
-1.000000000000000000e+00
-9.152766672633944056e-01
1.000000000000000000e+00
-9.929761878176078804e-01
1.647498708178459781e-01
1.000000000000000000e+00
6.516446147332579653e-01
-1.000000000000000000e+00
6.014155625420145590e-01
-7.800311605512155744e-01
-1.000000000000000000e+00
1.000000000000000000e+00
-2.700726185431149284e-01
-6.516446147332579653e-01
6.516446147332579653e-01
1.000000000000000000e+00
5.223007022067835958e-01
-9.183695093313936075e-01
-9.525195523130149944e-01
-1.000000000000000000e+00
-4.329773136001808798e-01
-1.000000000000000000e+00
-5.290191544222300202e-01
5.947585137824608348e-02
1.869746907257931190e-01
-1.000000000000000000e+00
6.378851473562680008e-02
-6.305793699788755369e-01
8.866789858569840144e-03
-4.857172855240949327e-01
8.918670619493977991e-01
-9.103074661631722631e-01
-6.528325523959259691e-01
1.000000000000000000e+00
1.000000000000000000e+00
5.233635806010423774e-01
-7.619835315470866455e-01
-1.000000000000000000e+00
8.022986620673921987e-01
4.495504966420631465e-01
1.825518376620008931e-01
-1.000000000000000000e+00
-1.000000000000000000e+00
3.445067827403713867e-01
9.415394155995856496e-01
7.913516213022789847e-01
4.044024415543827633e-01
-6.516446147332579653e-01
1.000000000000000000e+00
5.067340570097780827e-02
3.325414570130367231e-01
-1.000000000000000000e+00
-1.000000000000000000e+00
7.224348816376501281e-01
-9.610648211619102765e-01
2.652180753790104317e-01
3.027998221991972660e-01
-9.619164053881881782e-02
1.750142546577635461e-01
-1.000000000000000000e+00
-1.000000000000000000e+00
-9.805572721851749662e-01
9.253356323063242073e-01
-1.059596066748433457e-01
-5.395067587305368839e-01
4.539535996071540347e-01
1.000000000000000000e+00
1.000000000000000000e+00
-4.805338351459176871e-01
-6.540357289819568321e-01
4.873139028900606018e-01
-8.729124688800385945e-01
4.364592032626068985e-03
1.000000000000000000e+00
-9.781583053838870390e-01
-9.703931006897207334e-01
1.000000000000000000e+00
1.000000000000000000e+00
6.516446147332579653e-01
8.847244800201105042e-01
1.000000000000000000e+00
1.000000000000000000e+00
7.717348398090774220e-01
-2.335370702835025958e-01
-1.000000000000000000e+00
1.000000000000000000e+00
-1.000000000000000000e+00
1.000000000000000000e+00
6.615067007508429464e-01
6.516446147332579653e-01
1.000000000000000000e+00
3.194965147895367785e-02
-1.000000000000000000e+00
-9.805354139568579486e-01
-9.974645045006126365e-01
9.974314719752748193e-01
1.436971214156856913e-01
-1.000000000000000000e+00
-1.000000000000000000e+00
4.017156127463033521e-01
-3.820822443952923142e-01
-4.615163064011795768e-02
-1.540407482766752434e-01
-6.516446147332579653e-01
-8.278813870077945947e-02
-9.890197278823713578e-01
4.717621823262904135e-01
-8.842274786055211999e-01
-1.000000000000000000e+00
-1.000000000000000000e+00
1.000000000000000000e+00
-8.584550508040179606e-01
6.443050366686609021e-01
9.981641704010990601e-01
9.576810041954254560e-01
-9.834386027896362403e-01
8.876383483866995272e-01
-7.683597549282827899e-01
-9.013101512840321350e-01
6.809115972247692383e-01
6.516446147332579653e-01
-6.889967667672421969e-01
-1.000000000000000000e+00
-1.000000000000000000e+00
1.179417793370950152e-02
-9.264264695441090658e-02
-1.000000000000000000e+00
1.000000000000000000e+00
1.000000000000000000e+00
1.000000000000000000e+00
-6.937843110047727802e-01
-1.000000000000000000e+00
9.590183731964184721e-01
-4.381615983593664110e-01
-4.373050105609324056e-01
9.981185027469906546e-01
6.516446147332579653e-01
-1.000000000000000000e+00
-1.000000000000000000e+00
-2.549454191450323259e-01
-1.379066712838323827e-01
-1.000000000000000000e+00
1.000000000000000000e+00
-1.000000000000000000e+00
1.994267186557987515e-01
-6.807658889090091314e-01
1.000000000000000000e+00
-4.866211901291591646e-01
1.000000000000000000e+00
5.345951208024318779e-01
9.332227324823801906e-01
9.975486083997172626e-01
-6.516446147332579653e-01
8.991334859475171859e-01
-6.516446147332579653e-01
4.973932961148762599e-01
1.000000000000000000e+00
1.000000000000000000e+00
-9.737185048647918340e-01
7.143770442830076339e-01
1.219026115878219518e-01
-9.046016272612933395e-01
6.882744980068509211e-01
-1.000000000000000000e+00
3.249170394811660145e-01
-7.936027119591065881e-01
1.000000000000000000e+00
-1.000000000000000000e+00
1.000000000000000000e+00
3.316610462654422942e-01
-1.000000000000000000e+00
2.738253670293652742e-01
-4.221454442679400954e-01
7.421339881949839956e-01
8.461306388901268516e-01
9.632757250116251724e-01
1.000000000000000000e+00
9.349574702654762648e-01
-9.792902015053189801e-02
1.000000000000000000e+00
6.636289288372070327e-01
-1.556225352923374938e-01
-1.000000000000000000e+00
6.671509419114781680e-01
-3.671113296862682507e-01
-1.000000000000000000e+00
1.000000000000000000e+00
-1.000000000000000000e+00
4.951899893991684176e-01
-1.000000000000000000e+00
7.196613530270148384e-01
-1.000000000000000000e+00
-6.516446147332579653e-01
1.000000000000000000e+00
1.000000000000000000e+00
-1.000000000000000000e+00
5.343452520442466547e-01
1.000000000000000000e+00
-4.196807929470212084e-01
-9.405756443276390710e-01
2.732063128156272391e-01
-2.071108949294670487e-01
-6.163958828172486637e-01
1.000000000000000000e+00
-1.000000000000000000e+00
1.000000000000000000e+00
1.000000000000000000e+00
-1.000000000000000000e+00
-1.000000000000000000e+00
1.000000000000000000e+00
-6.581622512077998088e-01
-1.000000000000000000e+00
-7.511924264813663044e-02
-1.000000000000000000e+00
9.973199607611940021e-01
7.741889944048555572e-01
1.000000000000000000e+00
8.500974576975285357e-01
1.000000000000000000e+00
1.000000000000000000e+00
-6.516446147332579653e-01
-1.000000000000000000e+00
-1.000000000000000000e+00
-9.561879365020828914e-01
1.000000000000000000e+00
-8.405263247326553167e-01
-1.000000000000000000e+00
-1.848323018108894156e-01
-1.000000000000000000e+00
-5.536129966758618348e-01
4.297887850420221700e-01
-1.000000000000000000e+00
-6.259400752434145232e-02
-1.721826338325688210e-02
1.000000000000000000e+00
-8.914085719017086351e-01
-8.849878162869310172e-01
-1.000000000000000000e+00
-6.516446147332579653e-01
1.000000000000000000e+00
-1.000000000000000000e+00
4.856711343659553259e-01
3.901338548761290048e-01
-6.466949144823552764e-01
-1.000000000000000000e+00
5.296319170388819053e-01
-1.599702122090929657e-01
-9.986481070357323686e-01
9.652084351357349545e-01
1.000000000000000000e+00
6.516446147332579653e-01
3.337286743307795733e-01
1.000000000000000000e+00
-1.000000000000000000e+00
6.789103438505068588e-01
1.570681417883741660e-01
-1.000000000000000000e+00
