-7.054438991103836321e-01
4.664251081689453349e-01
-2.155420158358595517e-01
1.608047309013829751e-02
2.667579461092852711e-01
2.683204451341819619e-02
-3.286369261625760041e-01
7.592840999428218662e-01
-9.706881053523443992e-01
8.042618625595037152e-01
-3.010677391126356794e-01
-1.606512876927031902e-02
-8.039988710603188093e-02
-2.325084174772902579e-01
-1.422577610430621475e-01
2.269982682129646490e-01
-7.621940994447801154e-01
-4.589224303565727081e-01
-4.476002891097505265e-01
1.724687678574106653e-01
5.388666532424279954e-01
-2.081592221373007590e-02
-6.686592113834011197e-01
-5.965360315257083323e-01
-2.233655321855710363e-01
1.310882969935024123e-01
2.363203411868580461e-01
-4.719589775680383958e-01
9.666500555850434662e-01
7.752663425808845599e-01
1.985269338673513184e-01
9.120309971361409973e-01
-3.671860752440156417e-01
6.253558418559647114e-01
-8.621340826353705022e-01
-6.765407818708196741e-02
-4.562686226558672065e-01
9.956750280538146924e-01
8.422480111982297846e-01
-4.097904141182836524e-01
5.011851882891057985e-02
-1.214506027053141590e-01
8.616525375749517490e-01
1.627400067434085773e-01
2.796307934158872577e-01
-2.974748961203460551e-01
-7.811738764348453712e-01
7.776239102342907827e-02
2.336253704965652600e-01
6.960596099642173407e-01
-8.457999220545842078e-01
1.550676633794287884e-01
1.844774585019361979e-01
-8.134704688345591184e-02
6.270881481620310671e-02
6.021394930735158857e-01
6.282818179647498003e-01
7.472543067118990745e-01
-4.063746776348530765e-01
-2.961147429185975177e-01
4.369025744646715670e-01
3.583699356062158281e-01
-3.366573365027399067e-02
1.860380962552407869e-01
5.303130207304560528e-01
-2.548459950414483921e-01
9.218587449122020994e-01
8.627425378428651426e-01
-9.072516393883774954e-01
2.640367972646937011e-01
1.088498112103313820e-01
7.201502467609987024e-01
-1.989555881911812540e-01
-2.349851205271469290e-01
1.132353953465974894e-01
-1.906262699313007458e-01
-7.225040729557671848e-02
-1.500734276123206201e-01
3.840474810608831002e-01
2.430071643662128772e-02
-4.564898416918499596e-02
-1.000000000000000000e+00
7.991122264670095232e-01
-9.841322157373747492e-01
-9.948593487870753538e-02
-3.227069501914513472e-01
-8.668312121319349250e-01
-5.804411670979261473e-01
-3.828608142359832822e-01
3.562164844012779552e-01
-5.457164289379087263e-01
5.774372636920407365e-01
2.555248652860016012e-01
9.061927115816628131e-01
5.915004851110419182e-01
-7.864172959261654661e-02
9.188521166762457781e-01
-3.934221461215313131e-01
-5.644019404661824307e-02
5.871358591192282761e-01
7.269233051835739534e-01
2.129543617738005601e-01
1.044488647611217097e-01
-1.094601846247636734e-01
-4.925167654958915175e-01
1.000000000000000000e+00
-1.000000000000000000e+00
7.366684782749109983e-01
-3.189129798907755498e-02
4.601571314191106876e-01
7.041067950265049724e-01
-1.715935606898392196e-01
6.440789543309820286e-02
3.727491261794150246e-01
6.589423104428815403e-01
2.894632307011987815e-01
-2.681872729705349068e-01
-2.832023581751746955e-01
1.000000000000000000e+00
-5.035575021637378468e-01
4.587532026173889999e-01
4.072598209605381853e-03
-8.892181317016356612e-02
-1.300894634274114003e-01
-2.119612488074158752e-01
-2.668156184018593002e-01
4.969853260052529698e-01
-2.691963425812685107e-01
5.078253494489837205e-01
2.613263936802810994e-01
4.413070577692949081e-01
-9.135833648663702622e-01
-1.607769669301696847e-01
-5.890435347832152502e-01
-6.873588953625450193e-01
-6.998406795703123739e-01
-6.614895371922684397e-01
-3.252216399908446354e-01
4.914081874266103545e-01
-9.677049354474004383e-01
-2.647246773782279683e-01
-1.000000000000000000e+00
-9.483710792614453711e-01
-7.259647028288140902e-01
-7.245479463678207166e-01
-4.217286664381976746e-01
-1.677740900564462789e-01
-4.961797816787124615e-01
6.862720405846202132e-01
8.696298203182366571e-01
-3.008161387374217455e-01
-9.261513947171184924e-01
6.636292767624406563e-01
1.143415203625653964e-01
-6.908295112898444890e-01
-5.530120257904145298e-01
3.754631748248545842e-01
8.517084745044984917e-01
3.349727584384945556e-01
2.546062326117169705e-02
9.372164593519948239e-01
-9.911413292854820423e-02
-9.294885361053262240e-01
-3.102493254388583588e-01
-5.329033061325644249e-01
6.709571329109904614e-01
-3.279873297970231083e-01
6.046177442333450225e-01
-4.282681288237795703e-01
-5.932440827581426657e-01
-3.530996812405351459e-01
4.540332095778621541e-02
-1.838888307154726010e-01
-2.527207235083390735e-01
-9.343057916995756162e-01
7.413246325839739637e-01
1.014539276487102099e-01
-7.888556469125666826e-03
9.753937567936538100e-01
2.649568684672223839e-01
-2.023909305959330218e-01
-1.453620318744285878e-01
-5.757011824423976520e-01
6.428544760014281989e-03
5.016679453341846839e-01
-7.099835874429124560e-01
7.217767229514750194e-02
-2.581384353506224749e-01
-3.872254433013249675e-01
-9.771833313178158731e-01
3.121788757978661843e-01
-2.533540092591880510e-01
-7.699117160725271747e-02
3.492838090661109507e-01
-9.472091499769883516e-01
1.463507721247042093e-01
-3.323132435997662726e-01
-1.000000000000000000e+00
7.200757134913590152e-01
-5.228540099480887271e-01
-1.651366479428658385e-01
-9.811320334829023437e-01
-1.187032631716531395e-01
-1.869382888451475988e-01
-4.977313135395688426e-01
-7.315317505701867118e-01
-3.734574534056845363e-01
3.604738971008439319e-01
-5.634265082254359402e-01
5.587893768650158410e-01
-1.705385859605760071e-02
2.715710892580803781e-01
9.739531412557449475e-01
7.395460787801767522e-01
-1.136397580327709947e-02
-9.963033189046930360e-01
7.269377637611029730e-01
4.330292458551283086e-01
-5.514876552088608941e-01
1.000000000000000000e+00
9.675056888431227131e-01
-7.715007663737319388e-02
4.683955637269612837e-01
-1.132547537911274271e-01
8.478593594694330271e-01
9.542388571746585058e-01
8.123089298182425422e-01
9.899138993857019564e-01
-4.441043917969508259e-01
-6.008679488272340441e-01
-8.658707072910258873e-01
-4.653178266574058974e-01
2.596211031756490151e-01
7.120011678041529013e-01
5.066557357572866183e-01
-5.103724712420864007e-01
5.858787305813558666e-01
2.756450015063768300e-01
-7.840943840418288513e-01
5.203450090034832387e-01
4.197879835566427076e-01
-5.336547155038691148e-01
-3.007288214779005667e-02
3.530682385160733849e-01
-9.851879577021213086e-01
6.181623470648631713e-01
2.702720888632072493e-01
-4.465156133126574889e-01
8.938067290145369492e-01
8.483414753869065184e-01
4.601320939268355170e-01
-4.454955460686971236e-03
-2.832818306023361932e-01
-2.409785459771861815e-01
5.733124365791013588e-01
-4.108887629528492624e-01
-1.093091215626176560e-01
-3.291322605914510646e-01
-2.881655071556619985e-02
5.495990107186098372e-01
-2.625529206490739842e-02
3.453330643560550417e-01
7.403564020402590984e-01
-2.850846164317077380e-01
-2.414164713991731326e-01
