3.920147459030760562e-01
-1.109220667625671897e-01
5.303806575176781557e-01
-4.024477660073624841e-01
-9.265825688407425265e-01
6.687063859923100262e-01
8.399534123168027611e-01
5.422433051500896717e-01
-3.973048014007065643e-01
-1.000000000000000000e+00
-5.058787494527732242e-01
5.839969239494082753e-01
-8.637652265105658644e-01
-6.260530265055515020e-01
-1.048019330811057470e-01
6.377863478458592472e-02
7.023029840007046776e-01
3.328791753959087218e-01
-5.307454208116249017e-01
7.289162727668153652e-01
-7.230641309653422777e-01
9.554726493785223873e-01
1.222490615681323389e-01
-4.065921620418400106e-02
9.569819009399179732e-01
-9.866692488182993159e-01
9.970019699048244810e-01
-4.236642093187639180e-01
-3.790995075093724909e-01
-2.118460260148271601e-01
2.578289674864977510e-01
6.260575887026003095e-01
-1.838912531189694499e-02
-7.291290593270465248e-01
8.818686845507452965e-01
-1.363657934052306675e-01
-2.988009023614514037e-01
-3.222979957057864886e-01
-3.977317955288526830e-01
2.663045201136654550e-01
-2.380491816686067796e-01
-1.629214142776854168e-01
-1.000000000000000000e+00
-1.000000000000000000e+00
-9.886111174260364676e-01
1.000000000000000000e+00
-4.057692253056729981e-01
-6.622787783270023265e-01
7.705654497388251256e-01
5.855776764912756782e-01
-5.756860178066314226e-01
-8.308608826386374435e-01
-6.297324004253787022e-01
-8.735133167370401353e-01
-4.071430692659693262e-01
2.848475105970478261e-01
2.652191008030813091e-02
9.536761783894006639e-01
-9.566947572866741911e-01
-3.434243616990290127e-01
-4.042207190683480555e-01
8.930131024171539256e-01
7.683758310965171923e-01
5.427456284119456242e-01
6.281953167875908850e-01
-4.802084298290750231e-01
-4.645573784426940134e-01
-6.995595697236036692e-01
-8.842124191896367780e-01
3.908116915927615787e-01
2.137561311220734506e-01
3.560385536790559025e-01
1.427333500972725044e-01
4.259986835336299626e-01
3.154122327680590199e-01
5.644997249129237726e-01
-2.636740769666459094e-01
-6.711021252609270515e-01
-2.850908773633629711e-01
1.952333546330834446e-01
1.425263164577032504e-01
-4.014795604741722146e-01
9.411549169018507133e-01
-1.000000000000000000e+00
-1.044728012167639719e-01
-9.082117231567359006e-02
-1.839237858628892663e-01
-6.502818820215729989e-01
-9.916381891017603811e-01
2.304920676882453723e-01
9.800317296344809304e-01
5.255113030353801840e-01
-9.740865181708032727e-01
-6.167814540971096049e-01
-1.604351995184309931e-01
-8.242069905491762327e-01
-9.782501791526395651e-01
-1.315832324715932866e-01
-5.237833654289610896e-01
3.282077413039720670e-01
-3.436200627856563217e-01
6.671570289739652271e-01
6.187261836526671832e-01
6.185274409995650258e-01
-4.427808120080736209e-01
6.757999224835850027e-01
-8.100438075314121411e-01
-2.059369814525336961e-01
7.674226099457456263e-01
-4.075886621400421350e-01
-9.556017803052889725e-01
-3.190054496019281705e-02
-7.052220531195515507e-01
-7.073310185765441238e-02
6.591132666221753977e-01
-5.135830247091843770e-01
-2.598836591877214941e-01
1.163998751630922340e-01
4.426736423122867858e-01
-9.973610006676052464e-01
-6.456247562373207405e-02
4.271005792572707405e-01
5.578392647521477343e-01
-9.523038794329249379e-01
3.204109608032364997e-01
-1.753717068048945005e-01
1.948365426302600956e-01
1.117949380052973840e-01
-3.642258311996379727e-01
-9.498248845387523565e-01
-6.017934997820161280e-01
6.466516477012684838e-01
5.336516111996909562e-01
-1.237889962171870861e-01
8.596130140677430420e-01
-4.273504859917747201e-01
-9.751463717458245251e-01
2.072230062264830419e-01
-4.781203006901210695e-01
4.472112515781044573e-02
-1.551771362033114166e-01
6.942907480349735927e-01
-3.586796754099266238e-01
6.826570788743719920e-01
-6.053376914319819058e-02
-3.655999470059353440e-01
-1.514706999613619209e-01
9.657601673777567175e-01
1.176426547204807854e-01
-1.262326154434057282e-02
1.363302271007802713e-01
-5.632079862766686817e-01
1.000000000000000000e+00
-1.000000000000000000e+00
-4.631060067424542792e-01
7.320820957847409272e-01
3.555546069516745122e-01
-1.955283260282679736e-01
-3.172356793566848965e-01
4.509608250897034071e-02
3.049568094330589174e-01
8.688969593660333945e-01
-1.188588293931891471e-01
-1.460332945104714578e-02
6.951216306709230297e-01
2.262665753830723769e-01
-3.145373067368065767e-01
-5.745102133200690186e-01
4.967517760817948824e-01
-6.978240267747070069e-01
-7.474046446181940029e-01
4.497330340284422801e-01
3.589803577886655495e-01
1.000000000000000000e+00
-7.017869923935092791e-01
-2.342596637460808706e-02
-7.585483686761698152e-01
-5.719999453106763276e-01
-4.977828115796761876e-01
-6.931281044540651415e-01
1.174983508344478872e-01
9.627280286143197197e-01
-1.000000000000000000e+00
-5.523361001749724775e-01
9.125948514508163134e-01
4.404075824759238200e-01
8.444503002230434596e-01
5.092118877182701953e-01
-1.002386954003631203e-01
-5.583281289276319503e-01
-3.812307474201852564e-01
-2.336507515833244897e-01
1.252339469513225612e-01
-8.126197501837407744e-01
-8.550425079184633681e-01
5.786593008931610882e-01
-9.271431049428941959e-03
-7.638040607280434102e-01
-8.453459166594278207e-01
-7.587621059765180531e-01
-5.673424837619597261e-01
-1.426785060801694441e-02
-3.793433788554322894e-01
-5.494063952024484943e-01
-4.976051433648612243e-01
6.529911892584803201e-01
-5.926251362993647520e-01
-1.584736430004505259e-01
4.336441007450092533e-03
-2.143001210619404073e-01
6.153124728897200330e-02
1.605037638274511846e-02
-7.847126669641883989e-01
4.356151917836065257e-01
5.044982014563511585e-01
1.000000000000000000e+00
-8.961202544025571592e-01
-5.954717777549752844e-01
1.000000000000000000e+00
-2.868478940602509630e-01
-8.606643754720469941e-01
-2.467196407379922407e-01
-8.696477938451459000e-01
-6.136740585526123670e-01
-4.582304813395191023e-02
-7.944879190154208182e-02
6.911953568628290689e-01
2.942726098094599618e-01
-2.971092710731778608e-01
-3.872261613226122279e-01
-8.798409457509683840e-01
-5.574710869982180128e-01
3.700721714110719596e-01
3.059170845714919151e-01
5.560947464022236719e-02
-3.615770774803981347e-01
8.480331338278697118e-01
1.000000000000000000e+00
3.979572116742945420e-01
5.740142055812749167e-01
1.120451863850590590e-01
-1.632337917902375590e-01
1.000000000000000000e+00
7.903336857948741745e-01
5.100965161691898286e-01
9.762129178041518696e-01
-3.921766635392409661e-01
5.799234755387643325e-01
6.230233447122763835e-01
-7.007006601271847934e-03
-1.110509961531919165e-01
-5.576203226402292046e-01
8.401679755734535737e-01
4.111590332073581378e-01
5.627368902654120500e-03
6.376831426870266384e-02
-1.000000000000000000e+00
7.766409486157521691e-02
6.298593854141431025e-01
-1.078524950178762210e-02
6.180995493108105698e-01
-1.000000000000000000e+00
5.762217916273535412e-01
-1.119706136777158800e-01
1.686481532852859844e-01
