7.818795711407248161e-01
7.359843163561154977e-01
5.000031273315226343e-01
1.149416350800414877e-01
-2.849795397708101974e-01
5.400027064554173695e-01
1.973010239369386853e-02
-1.149327732808748948e-01
-5.869553322681891894e-01
-9.802711370044501216e-01
7.772027370213041575e-01
7.571665866736732031e-01
1.000000000000000000e+00
-3.049598747849763258e-01
9.980990713622185373e-01
6.674815280113751692e-01
4.326183895761284703e-02
-6.425342144450986170e-01
-1.961774178316958439e-01
4.415362490214783664e-01
-3.145170597430135273e-01
-3.541243763626220620e-01
1.316108625524922138e-01
-5.401539270966838613e-01
8.409724839119100404e-01
2.995388618659625690e-01
4.764579469335434303e-01
-9.492048025491000018e-01
-3.824207592052308313e-01
9.437055233257938269e-01
-1.088821084534274952e-01
2.685019967069972591e-01
-6.005347258210664840e-01
-7.014459138327722165e-01
6.081671469637939254e-01
-4.899205853891398510e-01
6.180270809257965015e-01
-5.446914745092820143e-01
5.254023188787093623e-02
6.239776497522768750e-01
-5.199150763072271086e-01
1.211714351172304693e-01
6.283865169502634851e-01
-7.565165337670747281e-01
-9.808610304725868811e-01
7.292831692368177965e-01
-5.937326417968058490e-01
-8.356477024176115487e-01
9.676822230542267977e-01
-8.416526069651832920e-01
-4.554381056620228074e-01
-4.856515236540696612e-01
-9.061490428132807917e-01
-9.482153795652933925e-02
-2.361235245892934764e-01
-3.057970058743958441e-02
-8.463242016201513174e-01
6.987591120600611383e-01
-7.650919917134912929e-01
6.331541751169362797e-01
-7.186117204611114362e-01
6.618162500919582136e-01
8.064362419631381229e-01
7.556810886152091067e-01
7.648103042037964761e-01
-5.383405155732456926e-01
-1.000000000000000000e+00
-1.000000000000000000e+00
-8.142869038743955068e-01
5.959711307019786020e-01
7.836334728360943025e-01
8.931171895023343188e-01
6.154301834569059215e-01
6.894431525418928119e-01
-2.174663353980863523e-01
-9.688493283541559364e-01
-1.000000000000000000e+00
-3.851235650904782370e-01
5.640435893834817582e-01
-5.794394986180821938e-01
-2.986995744113110085e-01
-5.243498877238311762e-01
3.798270677953532459e-01
-7.186967235189745118e-02
-1.826093503845038768e-02
4.724700026506731265e-01
-2.834637379186896178e-01
-4.943755765324839846e-01
-9.014141916957854050e-01
-1.469790121948399697e-01
7.836812358558751246e-01
7.741706709561494426e-01
-9.639153662364574604e-01
-9.373715185787133697e-01
-5.957981371578403573e-01
-8.905269000033155802e-01
1.000000000000000000e+00
-7.025929316509981204e-01
-2.462482901041131156e-01
5.959800785963933478e-01
-5.288444292287924897e-01
7.346810420134396447e-01
5.293189850817622277e-01
6.693730089135246919e-01
3.109054566891321716e-02
7.416360694105050833e-01
-5.233819873258858113e-01
-2.597301655805334120e-01
6.527752471127046263e-01
-6.309177210794320034e-01
-9.816898031911514000e-01
6.498771619957939283e-01
-8.411053868889538654e-01
4.438904063315740611e-01
9.203652883403489193e-01
-9.919277920288476214e-01
7.751373442868523256e-01
4.449574402368742243e-01
-9.817504265263393703e-01
-8.689484728110782319e-01
8.628459555400519454e-02
2.157146994240666804e-01
6.332184301808033711e-01
-8.969851197994752612e-01
-8.472832644263428303e-02
-5.315556764963296210e-01
7.311447442411527220e-01
6.700215232348486483e-01
-5.178253099122098746e-01
-7.548633170591754205e-01
8.415830257604614006e-01
8.485908781811400958e-01
4.509441459004452923e-01
3.446482661602636721e-01
-2.925278590603457296e-01
-7.779180999655341822e-01
-6.984242907277479206e-01
-4.270072469612232746e-01
-8.731433141163073008e-01
4.406145857639270913e-02
1.864007073222837263e-01
5.224111645744707877e-01
-2.672556074868592813e-01
6.284994097402737401e-01
4.118751530008454842e-01
-2.463081004567433188e-02
-5.900729390414692910e-01
-9.176980712478030044e-01
2.228952963756931083e-01
-1.000000000000000000e+00
-4.125458976322382565e-01
-3.764897825662452124e-01
2.841297875791117811e-01
-2.849442690301244863e-01
1.351544717224923975e-01
7.196464182885908833e-02
-3.848196364389459556e-01
-8.851120071215020646e-01
-3.262074835903168157e-01
2.500655779149854041e-01
2.164359408272201746e-01
7.748235400517238247e-01
-1.038513397685018047e-01
4.392743576487912471e-01
-9.319766036562324718e-01
3.991454587226184181e-01
-6.004237008257431452e-01
1.429176912431479596e-01
5.570440909627643045e-01
-4.598902807264773074e-01
-1.881842729298617845e-01
-4.961966600910391878e-02
-2.225245404601811638e-01
9.058512918137086034e-01
4.109532471569194989e-01
-1.753545419225859270e-01
-1.000000000000000000e+00
-7.012846109739122591e-01
-5.680064233082992020e-01
-7.350548762354202070e-01
1.671025881508259037e-02
7.695800318571938137e-01
-5.528394745024139967e-01
4.471702278113128259e-01
7.644642312501758186e-01
1.000000000000000000e+00
9.244077180081975431e-01
-2.418830279450855381e-01
-7.940954193311491327e-01
-5.036222083657200255e-01
-9.884304729747660501e-01
1.000000000000000000e+00
6.871085014867855945e-02
-9.056174187981758106e-01
6.234665983464923178e-01
4.815883638901579111e-01
3.704546228387449736e-01
-7.804730799215323644e-01
-5.381306440968370852e-01
-9.515779237142958369e-01
-6.985302374497200928e-01
-1.878053362761635536e-01
-3.067055919157790633e-01
-7.329031191033231751e-01
1.438325242765722267e-01
6.238412327466597018e-01
-9.641075666549916434e-01
1.602073398647596014e-01
-3.016714176343526788e-02
-8.661368048504499706e-01
2.725269249954217488e-01
9.430076049561819662e-02
-7.825927071602317708e-02
7.326278071577014828e-01
8.362094160356899897e-01
3.872643809765288769e-01
-8.076066889675009852e-01
-6.716809733639061974e-01
5.871392196672382546e-01
1.452938934963647344e-01
-8.401675178169961677e-01
-4.001917823042471789e-01
5.128456696950788318e-01
1.824889951840362734e-01
2.886038672841529928e-01
-5.468018200559807696e-01
5.481670235215265752e-01
7.247509054521483751e-03
7.456792984431377391e-01
1.988264626973189619e-01
-7.412425038745511507e-01
-1.000000000000000000e+00
-4.317323645024075951e-01
2.414339918749732472e-01
7.169872598558009180e-01
-7.534545929032812617e-02
7.736525442000916630e-01
5.210696354556569876e-01
8.213131435359410926e-01
9.647056680274934681e-02
-3.006342247281929558e-01
-2.191675494885491834e-02
5.996287892268099551e-01
4.201223390107960420e-01
-2.777390944706778497e-01
-6.711826038171468944e-01
-3.363447947955056083e-01
-5.828410226527092064e-01
5.866878195650548911e-01
1.399963599512740742e-01
6.136326606914503934e-01
-2.476769307082185290e-01
5.932636122190322325e-01
6.273047972497635127e-01
1.856730555494054413e-01
-2.709275048312034459e-02
-8.950289124936520180e-01
-5.755220219874893628e-01
6.535204942385863802e-01
-7.797750878819125209e-01
-8.043711384171667866e-01
-4.448616782355324095e-01
-4.245114833178963987e-01
-4.121143826727845516e-01
3.271784720004494162e-01
