-1.000000000000000000e+00
1.000000000000000000e+00
-1.000000000000000000e+00
-2.598152049259370155e-01
-4.260058396808539261e-01
-1.000000000000000000e+00
-6.776188371766953544e-01
1.000000000000000000e+00
-1.000000000000000000e+00
-7.970860721010908367e-01
1.684828193919779560e-01
1.090239659260760219e-01
1.000000000000000000e+00
1.000000000000000000e+00
1.000000000000000000e+00
-1.000000000000000000e+00
-6.718503276269827129e-02
1.000000000000000000e+00
-1.000000000000000000e+00
1.000000000000000000e+00
1.000000000000000000e+00
6.374115148470589354e-01
3.739393926274334756e-01
6.421940973043355205e-01
-1.000000000000000000e+00
1.000000000000000000e+00
6.376093380715133208e-01
1.000000000000000000e+00
-1.000000000000000000e+00
1.000000000000000000e+00
-1.000000000000000000e+00
-1.000000000000000000e+00
-1.000000000000000000e+00
1.681919392398844026e-01
-1.000000000000000000e+00
-8.904675004716782194e-01
1.000000000000000000e+00
1.000000000000000000e+00
-7.146483915361865336e-01
-1.000000000000000000e+00
1.000000000000000000e+00
-1.000000000000000000e+00
1.000000000000000000e+00
1.380374983591441396e-01
4.955046664129625356e-01
1.000000000000000000e+00
7.095822780560386844e-01
-1.000000000000000000e+00
-1.000000000000000000e+00
1.000000000000000000e+00
3.179109789599580682e-01
1.000000000000000000e+00
7.786063980461623846e-01
-4.043713439468717974e-01
-1.000000000000000000e+00
-9.466119616959894900e-01
7.646026632302829196e-01
1.000000000000000000e+00
-1.000000000000000000e+00
1.000000000000000000e+00
1.000000000000000000e+00
1.000000000000000000e+00
-1.000000000000000000e+00
-9.202850326672918913e-01
-1.000000000000000000e+00
-2.243465812947516291e-01
-1.000000000000000000e+00
1.000000000000000000e+00
-1.000000000000000000e+00
1.000000000000000000e+00
1.000000000000000000e+00
-8.116020980286573483e-01
-2.699020740351096848e-01
1.000000000000000000e+00
-1.000000000000000000e+00
1.000000000000000000e+00
-1.000000000000000000e+00
-9.267431540039074989e-01
2.743397901110566917e-01
-9.945593383147471878e-01
1.000000000000000000e+00
-1.000000000000000000e+00
-1.517885695269438617e-02
1.000000000000000000e+00
-2.416200257447567168e-01
1.000000000000000000e+00
-1.000000000000000000e+00
1.000000000000000000e+00
-2.722058940934611315e-01
1.000000000000000000e+00
-5.710225313383152645e-01
9.899966615248849688e-01
1.000000000000000000e+00
1.000000000000000000e+00
-1.000000000000000000e+00
-1.000000000000000000e+00
-1.000000000000000000e+00
-1.000000000000000000e+00
-1.000000000000000000e+00
-8.814951034395960283e-01
1.000000000000000000e+00
-1.711395234833277268e-01
5.800513557873336890e-01
1.000000000000000000e+00
1.639676625452417269e-01
-1.000000000000000000e+00
-7.881521591087369272e-01
-1.000000000000000000e+00
-1.000000000000000000e+00
5.712706843576379478e-01
8.158138808869555003e-01
-7.382279252885138865e-01
-1.000000000000000000e+00
1.000000000000000000e+00
-1.000000000000000000e+00
1.000000000000000000e+00
1.000000000000000000e+00
1.000000000000000000e+00
5.245995085147052706e-01
-1.000000000000000000e+00
-5.248343657839924514e-01
9.496325922661709162e-01
-9.437561192945704835e-01
-1.000000000000000000e+00
-1.000000000000000000e+00
-1.000000000000000000e+00
4.438270117462230768e-01
1.000000000000000000e+00
8.396199531004664429e-01
1.000000000000000000e+00
4.725045003675935051e-01
1.000000000000000000e+00
8.369114560244426126e-01
1.000000000000000000e+00
-1.000000000000000000e+00
-9.542138099867201184e-01
-1.000000000000000000e+00
1.000000000000000000e+00
-8.928123875636406748e-01
-1.000000000000000000e+00
-6.616722954424257841e-01
2.304412983688330363e-01
1.000000000000000000e+00
-1.000000000000000000e+00
9.050739746114044859e-01
1.000000000000000000e+00
-1.000000000000000000e+00
1.000000000000000000e+00
-2.718874359701091148e-01
1.000000000000000000e+00
-1.000000000000000000e+00
8.053294272611088989e-01
-1.000000000000000000e+00
-1.000000000000000000e+00
-3.553548334019216992e-01
-1.000000000000000000e+00
-9.971791866847018460e-01
-1.000000000000000000e+00
1.000000000000000000e+00
4.421491814079208105e-01
1.000000000000000000e+00
1.000000000000000000e+00
5.363729109860815303e-02
-1.000000000000000000e+00
-1.000000000000000000e+00
1.000000000000000000e+00
-3.765731455081475776e-01
-1.000000000000000000e+00
-8.432750923642129415e-01
1.000000000000000000e+00
-1.000000000000000000e+00
1.000000000000000000e+00
4.904995874604870520e-01
2.490360643892941539e-02
1.000000000000000000e+00
9.589447272620512663e-01
-1.000000000000000000e+00
-1.000000000000000000e+00
1.000000000000000000e+00
-1.000000000000000000e+00
-1.000000000000000000e+00
-1.000000000000000000e+00
1.514499902567600920e-02
1.000000000000000000e+00
1.000000000000000000e+00
1.000000000000000000e+00
1.000000000000000000e+00
-1.000000000000000000e+00
1.000000000000000000e+00
1.000000000000000000e+00
-7.409182493804359337e-01
-1.000000000000000000e+00
-1.000000000000000000e+00
1.000000000000000000e+00
-1.000000000000000000e+00
-1.000000000000000000e+00
1.000000000000000000e+00
1.000000000000000000e+00
-1.742403822030538230e-01
-1.000000000000000000e+00
9.406061401157201907e-01
-1.000000000000000000e+00
1.000000000000000000e+00
2.883796163131402412e-02
5.119136781380053680e-01
9.740181550903073138e-01
8.248065568262592517e-01
1.000000000000000000e+00
1.000000000000000000e+00
1.000000000000000000e+00
-1.000000000000000000e+00
1.000000000000000000e+00
1.107742264598581272e-01
9.875400431516132560e-01
4.948473346947629414e-01
1.000000000000000000e+00
-1.000000000000000000e+00
9.672066968423901345e-01
-1.000000000000000000e+00
-1.000000000000000000e+00
6.498602579003662782e-01
-1.000000000000000000e+00
-4.307276967597055695e-01
1.000000000000000000e+00
6.604616624081297016e-02
-1.000000000000000000e+00
-9.975767533912529572e-01
-7.193942287503765076e-01
1.000000000000000000e+00
-7.158841712424626191e-01
-1.000000000000000000e+00
-5.839428482846245050e-01
-1.235925259127108600e-01
-3.325434535550086945e-01
1.000000000000000000e+00
5.385460735105080943e-01
1.000000000000000000e+00
-1.000000000000000000e+00
1.000000000000000000e+00
-5.949838595820609033e-01
-1.000000000000000000e+00
5.155824103346933196e-01
7.433023412255996831e-01
1.000000000000000000e+00
-8.890803101898185901e-01
-1.000000000000000000e+00
-7.349033957552897345e-02
1.473985136081221725e-01
1.000000000000000000e+00
-4.775934136010220321e-01
1.000000000000000000e+00
1.000000000000000000e+00
1.000000000000000000e+00
1.000000000000000000e+00
-3.120244724550951254e-01
-1.000000000000000000e+00
1.000000000000000000e+00
1.000000000000000000e+00
-3.227706044748385183e-01
-8.252496785830780723e-01
-1.000000000000000000e+00
-6.376153021115648079e-01
8.425556214116117770e-01
-1.000000000000000000e+00
1.000000000000000000e+00
