6.139044237147261995e-01
5.653310333970004153e-01
2.412015182528670920e-01
-1.000000000000000000e+00
-1.000000000000000000e+00
-7.326053716838346608e-01
-1.000000000000000000e+00
1.000000000000000000e+00
-3.179022818860454680e-01
-1.000000000000000000e+00
1.000000000000000000e+00
7.192746932263172077e-02
8.667805359111350194e-01
7.690547169733790156e-01
1.000000000000000000e+00
1.000000000000000000e+00
-4.006165425964336446e-01
1.000000000000000000e+00
-4.364733126124832885e-01
-1.000000000000000000e+00
-9.447782739387822204e-02
-1.000000000000000000e+00
1.000000000000000000e+00
1.000000000000000000e+00
-1.000000000000000000e+00
1.000000000000000000e+00
1.000000000000000000e+00
1.000000000000000000e+00
-8.623502199002253121e-02
4.301780568885845146e-01
1.000000000000000000e+00
-1.000000000000000000e+00
-1.000000000000000000e+00
3.899143905593926984e-02
-1.000000000000000000e+00
1.000000000000000000e+00
1.000000000000000000e+00
2.637516881252455758e-01
6.804387435479836155e-01
-1.000000000000000000e+00
1.000000000000000000e+00
-1.000000000000000000e+00
1.000000000000000000e+00
-1.000000000000000000e+00
-1.000000000000000000e+00
1.000000000000000000e+00
1.000000000000000000e+00
-5.922676398983263146e-01
-9.181200749741225131e-01
1.000000000000000000e+00
1.000000000000000000e+00
-6.662439784836712287e-01
1.000000000000000000e+00
-1.000000000000000000e+00
-1.000000000000000000e+00
-5.662830203855484523e-01
1.000000000000000000e+00
1.000000000000000000e+00
4.633328659272284433e-01
-1.000000000000000000e+00
5.944421531047284768e-01
1.000000000000000000e+00
-6.641454095314391903e-01
-1.000000000000000000e+00
-1.000000000000000000e+00
-9.892546095347167778e-01
-1.000000000000000000e+00
-1.000000000000000000e+00
1.000000000000000000e+00
1.000000000000000000e+00
1.000000000000000000e+00
-1.000000000000000000e+00
8.284790630652144605e-01
1.000000000000000000e+00
1.000000000000000000e+00
-1.000000000000000000e+00
-1.000000000000000000e+00
-1.000000000000000000e+00
-1.000000000000000000e+00
-6.711804352216431679e-01
-8.364006483681085680e-01
1.000000000000000000e+00
1.000000000000000000e+00
2.568676460687032148e-01
-1.000000000000000000e+00
3.440644392076662728e-01
3.409969711788479185e-01
-1.000000000000000000e+00
-1.000000000000000000e+00
1.000000000000000000e+00
3.912610686316791986e-01
1.000000000000000000e+00
-1.000000000000000000e+00
-1.000000000000000000e+00
-3.142997068660584037e-01
-1.000000000000000000e+00
9.460019289739753923e-01
-5.414147374168508664e-01
4.985203759689725844e-01
6.399945244994732496e-01
6.980768794885967576e-01
7.186845326675982415e-01
-1.000000000000000000e+00
1.000000000000000000e+00
7.031208282275667187e-01
1.000000000000000000e+00
-9.948017305625724838e-01
1.000000000000000000e+00
-1.507221248078467191e-01
1.024233077864584868e-01
2.919340812108909833e-01
-1.000000000000000000e+00
1.000000000000000000e+00
7.137745168052282985e-01
-1.000000000000000000e+00
1.000000000000000000e+00
1.000000000000000000e+00
3.861092756291605310e-01
1.000000000000000000e+00
1.000000000000000000e+00
-1.807112818935198151e-01
8.644303594118547540e-01
-9.603378527006278809e-01
1.000000000000000000e+00
-1.000000000000000000e+00
-3.322284280296039505e-01
1.000000000000000000e+00
-1.000000000000000000e+00
1.000000000000000000e+00
-3.991658993216258833e-01
-1.000000000000000000e+00
-5.425912660396768894e-01
5.569920357193977045e-01
1.000000000000000000e+00
-1.000000000000000000e+00
-1.000000000000000000e+00
-1.000000000000000000e+00
1.000000000000000000e+00
1.612499236643070155e-01
2.104995410593454574e-01
-8.874657735751579901e-01
7.841296827046408957e-01
-1.000000000000000000e+00
-1.000000000000000000e+00
-1.000000000000000000e+00
1.000000000000000000e+00
-1.000000000000000000e+00
4.426862332250521281e-01
-8.458661485931845414e-01
-1.000000000000000000e+00
-1.000000000000000000e+00
-9.246039514897765876e-01
-1.000000000000000000e+00
-1.000000000000000000e+00
8.354160583950911989e-02
-4.425142982210083509e-01
-1.000000000000000000e+00
-1.000000000000000000e+00
2.261950163215044607e-01
-1.000000000000000000e+00
9.816919520595461801e-01
1.223415240689100236e-01
4.392231264515696898e-01
-2.413075713283074908e-02
-1.000000000000000000e+00
1.000000000000000000e+00
-1.000000000000000000e+00
-5.542048800473118320e-01
-1.000000000000000000e+00
-1.612283149728582776e-01
-1.000000000000000000e+00
2.417094779363792023e-01
-1.000000000000000000e+00
-1.000000000000000000e+00
-1.000000000000000000e+00
1.000000000000000000e+00
-3.398958462939704050e-01
1.000000000000000000e+00
1.000000000000000000e+00
2.972273811714943315e-01
-8.371333432315913869e-01
-1.000000000000000000e+00
1.000000000000000000e+00
1.000000000000000000e+00
2.097682964587386789e-01
7.722575907635684800e-01
4.971030423397198028e-01
-1.000000000000000000e+00
-1.000000000000000000e+00
5.802471084337554874e-01
3.635790950438282376e-01
-1.000000000000000000e+00
-4.180590999316241008e-01
-1.000000000000000000e+00
1.000000000000000000e+00
-8.049658732558461205e-01
-1.000000000000000000e+00
-3.758961871901270180e-01
1.000000000000000000e+00
1.000000000000000000e+00
-3.653266793154118508e-01
-6.246167146509186141e-01
1.000000000000000000e+00
-4.224094091228036696e-01
-6.540716868630676029e-01
1.000000000000000000e+00
1.000000000000000000e+00
-1.000000000000000000e+00
4.238159748221148604e-02
1.000000000000000000e+00
-1.000000000000000000e+00
-1.000000000000000000e+00
-4.930474695793812812e-01
1.000000000000000000e+00
1.000000000000000000e+00
1.000000000000000000e+00
9.181053529313982775e-01
-9.738098822258166309e-02
8.024154492512007852e-01
1.000000000000000000e+00
-1.000000000000000000e+00
1.000000000000000000e+00
1.000000000000000000e+00
1.000000000000000000e+00
-1.874825417131940342e-01
-1.000000000000000000e+00
1.000000000000000000e+00
-1.000000000000000000e+00
1.000000000000000000e+00
-1.000000000000000000e+00
1.000000000000000000e+00
1.000000000000000000e+00
-1.000000000000000000e+00
-1.000000000000000000e+00
1.000000000000000000e+00
1.000000000000000000e+00
1.000000000000000000e+00
2.312243855468412712e-01
1.000000000000000000e+00
-2.947617509337802089e-01
-1.000000000000000000e+00
-8.154458288154405876e-01
6.762421085081783412e-01
-1.000000000000000000e+00
-5.923816029790653914e-01
1.000000000000000000e+00
-1.000000000000000000e+00
1.121029885350577349e-01
1.000000000000000000e+00
-4.863768981744962527e-01
-1.000000000000000000e+00
4.878881085434086384e-01
9.996325916125803346e-01
1.000000000000000000e+00
-1.000000000000000000e+00
-8.880069963816550338e-02
1.703838454054387719e-01
3.483828230873409204e-01
-1.980978034227312834e-01
1.000000000000000000e+00
-1.000000000000000000e+00
-1.000000000000000000e+00
1.000000000000000000e+00
-4.796240851452831522e-01
4.874312643371535997e-02
