-5.226164849286878411e-01
7.671980529179722730e-01
9.656481283463496101e-01
-3.450376296481423577e-02
8.640899785988657156e-01
-1.000000000000000000e+00
1.000000000000000000e+00
4.096473369305113077e-01
9.986231764382152987e-01
-1.000000000000000000e+00
7.619139391745213263e-01
-2.688954002899919260e-01
1.000000000000000000e+00
-1.771785016383924938e-01
1.000000000000000000e+00
-9.068908800447526009e-01
8.574161229422627706e-01
9.676385411959307348e-01
1.000000000000000000e+00
7.690976138465546175e-01
-9.957906402670929635e-01
9.348736646924826754e-02
1.000000000000000000e+00
-1.000000000000000000e+00
3.284072873530817782e-01
-7.480252007097190625e-02
-1.000000000000000000e+00
7.737286252155524124e-01
-6.355124814979601355e-01
-7.771260730108036086e-01
1.308870414494555379e-01
8.856769458624152991e-01
9.636013150490738699e-01
1.000000000000000000e+00
-1.000000000000000000e+00
7.320709771708242553e-01
8.886603403730086725e-01
7.472741670133914438e-01
-1.577132947708552724e-01
1.000000000000000000e+00
8.490833142073290762e-01
-8.249137443672739378e-01
1.000000000000000000e+00
7.293726330202263686e-01
-1.000000000000000000e+00
-2.561293599140512800e-02
1.000000000000000000e+00
-7.217210131108909854e-01
-9.775984039128394754e-01
1.000000000000000000e+00
-8.821365148193360817e-01
-6.656961012503035402e-01
7.988756010115151129e-01
2.368163068251586401e-01
3.057989197155663863e-02
-3.275959740910668883e-01
7.184500820521654285e-01
1.000000000000000000e+00
2.215959944959932648e-01
2.581331958897857826e-01
7.561131821879598647e-01
6.519309460541552470e-01
-7.320709771708242553e-01
-1.156086253513911033e-01
9.477144074302048526e-01
-6.399347857259409800e-01
-1.000000000000000000e+00
9.320636274964164691e-01
-5.189759817747138237e-01
-1.000000000000000000e+00
-7.649067247008406456e-02
7.982515102981234678e-01
-1.000000000000000000e+00
7.408880391554801825e-01
-5.354344989593157189e-01
-6.676510723944484305e-01
-1.000000000000000000e+00
9.715373736672627825e-01
-3.907618824294800675e-06
1.000000000000000000e+00
-5.196824470746599367e-01
6.300697785516484739e-02
8.930304671178234122e-01
4.380568825840869818e-01
9.641227488447614569e-01
-9.018349782868914088e-01
-1.000000000000000000e+00
1.000000000000000000e+00
7.320709771708242553e-01
-6.640397325106550674e-02
-4.752031957069189350e-01
1.000000000000000000e+00
1.102712765766118430e-01
7.976240655630989496e-01
1.602115899403921961e-02
-1.000000000000000000e+00
1.000000000000000000e+00
8.903931742618167444e-01
-1.000000000000000000e+00
-3.508942718752713352e-01
3.049953312479314338e-02
1.099203966993467230e-01
-9.746301493524621717e-01
1.000000000000000000e+00
-1.949547969462285812e-01
1.000000000000000000e+00
-2.170883937284880938e-01
5.669314269352305757e-01
3.616032261274073623e-01
-4.702874877575439760e-01
8.446300746890423872e-01
4.653787077003936901e-01
2.798998258414517881e-01
-1.000000000000000000e+00
-2.731384265342815532e-01
-9.938165974993565799e-01
1.000000000000000000e+00
-1.000000000000000000e+00
-1.000000000000000000e+00
3.102531536556530356e-01
1.000000000000000000e+00
8.958743845568819530e-01
-8.909416888594720030e-01
-5.973044412565805539e-01
-1.000000000000000000e+00
-6.755483363576769706e-01
-9.557558478777457012e-01
3.157989710388051652e-01
6.319560968212213359e-01
6.989664531965820160e-01
1.000000000000000000e+00
-1.000000000000000000e+00
1.000000000000000000e+00
-7.523756770479161915e-01
-5.131428847986735375e-02
-1.000000000000000000e+00
1.000000000000000000e+00
-9.960661599097420105e-02
1.000000000000000000e+00
-1.000000000000000000e+00
-2.426163973050801670e-01
1.000000000000000000e+00
3.415785077796971159e-01
-6.582549133463901914e-01
1.892645296203099292e-01
-1.000000000000000000e+00
-8.684098288876309635e-01
-4.344809563014402354e-01
8.065215398008040992e-01
1.539444984013782491e-01
-8.754324285631104319e-01
1.000000000000000000e+00
-1.709377335290982181e-01
-9.098405083689268258e-01
9.301649681435066874e-01
1.434485738473896543e-01
3.596141305791635823e-01
7.236150284395095333e-01
-1.000000000000000000e+00
1.000000000000000000e+00
8.291553253268347801e-01
1.000000000000000000e+00
-3.875978778681275494e-01
-1.000000000000000000e+00
-6.673030986287253885e-01
8.522525409429075882e-01
1.000000000000000000e+00
1.000000000000000000e+00
6.518248014811331981e-01
-1.000000000000000000e+00
7.462110919981508328e-01
1.000000000000000000e+00
3.932160992385110854e-01
-1.000000000000000000e+00
4.491548533941068233e-01
9.385228542924540784e-01
2.481363062813805032e-01
-3.300683012960914375e-02
3.757403217921747585e-01
1.000000000000000000e+00
1.000000000000000000e+00
1.000000000000000000e+00
5.565128250179579572e-02
6.709582884392240043e-01
1.000000000000000000e+00
-6.356038710321456620e-01
2.628641207827962512e-01
7.894722451435275401e-01
-5.019506003169250663e-01
-2.404322590996995079e-01
1.000000000000000000e+00
-9.026662510859987387e-01
-2.198235620400912915e-01
-1.000000000000000000e+00
-1.000000000000000000e+00
1.440842134836603505e-01
-8.546359698096456237e-01
-1.000000000000000000e+00
7.464569624781117185e-02
1.000000000000000000e+00
1.000000000000000000e+00
-1.000000000000000000e+00
-1.203612466752401189e-01
8.628737022269739043e-02
1.000000000000000000e+00
1.000000000000000000e+00
-7.320709771708242553e-01
-1.000000000000000000e+00
1.000000000000000000e+00
-1.000000000000000000e+00
-6.908660823825132913e-02
9.286662239491907389e-01
9.316293439112879327e-01
7.239997474035885228e-01
-3.990172121407130623e-01
-1.000000000000000000e+00
1.000000000000000000e+00
9.978962411210130501e-01
9.912039209008125518e-01
8.148016992783577717e-01
-1.000000000000000000e+00
-7.927666424484542951e-01
4.967000045400751795e-01
8.194763692149283907e-01
3.922086703125854390e-01
1.000000000000000000e+00
2.893721308620826327e-01
-4.278402463056556471e-01
3.846351030864093579e-01
-7.320709771708242553e-01
1.000000000000000000e+00
-9.864960176236163836e-01
8.387660411111541592e-01
-9.300427009674678835e-01
2.582275570733496561e-01
-8.811020665373037186e-01
2.995079516210084059e-01
1.000000000000000000e+00
9.407217665381442107e-01
-1.000000000000000000e+00
-8.531791970219215759e-01
7.102549645375871856e-01
-1.000000000000000000e+00
-1.000000000000000000e+00
-9.917784795687927257e-01
1.000000000000000000e+00
-5.777776919805452938e-01
7.320709771708242553e-01
-1.000000000000000000e+00
7.103968299094421956e-01
-2.692920751025982273e-01
-1.000000000000000000e+00
5.139649326707058652e-01
9.529763194062590426e-01
1.000000000000000000e+00
-1.568770393770030636e-01
-1.000000000000000000e+00
9.334102005864568508e-01
4.782948107785354730e-01
-1.000000000000000000e+00
2.862733004673337911e-01
9.989748700904299561e-01
-3.351218249039576991e-01
1.252572756219351713e-01
7.438099864181456633e-01
