9.059748836953779305e-01
4.139916549721491812e-01
1.630946694851689305e+00
9.649851258413473243e-01
4.140550038483396533e-01
6.648713306930806866e-01
-3.408740378438968044e-03
-3.785855639910418735e-01
-4.348968881594611480e-03
-9.944552054945546837e-01
-9.399208039639379564e-01
-6.561324968038895200e-01
7.469334403956962021e-01
-6.999364553064237882e-01
1.697550463916783992e+00
-4.258167578924008101e-01
1.000000000000000000e+00
2.033738093648847389e+00
-8.628885320236745482e-02
8.015243901535211712e-01
7.837588184057341367e-01
1.000000000000000000e+00
4.688098353410175001e-01
-8.639268545288623091e-01
1.098334258295389887e+00
-8.287444484809657341e-01
-5.637071815038461331e-01
-8.688820259264384838e-02
-3.473520711441215325e-01
1.104459136466661440e-01
1.139613078355343312e+00
-1.619444477857679421e-01
-9.969842449287258379e-01
-2.755179713563538080e-03
-4.508718624959329180e-01
8.767286405662824134e-01
-1.240713193206551601e+00
-4.413801661298241696e-02
1.000000000000000000e+00
-9.415566578800804720e-02
4.090194877741526458e-02
-1.000000000000000000e+00
3.718793669687220360e-01
8.496016927145066955e-01
-2.022500352435092907e-02
5.921966064087711423e-01
-1.007238949914364579e+00
-5.987125923398544103e-01
7.751550564738485249e-01
-1.265821887339020346e+00
4.350774767587055614e-01
-1.074972791667174743e-01
-4.999283168340629135e-01
-3.920309310145964066e-01
5.134262998645415799e-01
1.407474671586894432e+00
1.831695281963643396e+00
-1.580054234691090076e-01
7.154381478792154470e-02
-3.676528394388588472e-01
2.800721661356582182e-01
-2.639685333043506610e-01
-3.081658532771469616e-01
3.121960330676975537e-01
-1.067538429979379089e+00
-1.338543699838725676e-01
-6.449034941571729629e-01
9.333168242715166318e-01
-5.110164895195862256e-03
-4.338549176325794954e-01
2.265020617397534297e-01
-1.000000000000000000e+00
-1.279947876131137807e-01
4.127758032946184374e-01
-1.369846817045044185e+00
1.000000000000000000e+00
2.005624595614806105e-01
9.891031011372257709e-01
-1.311075384621829265e-04
-9.964680683967445107e-01
-2.608261335489282517e-01
6.550028863792456413e-01
4.046620406429289329e-01
-3.029318073356077057e-02
7.665928701802724454e-01
2.791247673951656738e-01
8.513705047858591834e-01
1.888601079614207645e+00
3.719689579412837066e-01
9.088629022331505825e-01
-6.017977076295362160e-01
2.853156278428656822e-01
-5.879487347374533490e-01
1.443214424644434946e+00
-1.000000000000000000e+00
3.091209505593478513e-01
-4.073946556822749532e-02
2.469692210496372553e-01
1.226407571556455078e+00
1.078917426801032642e+00
-1.178647328501412739e+00
-1.000000000000000000e+00
-1.331140184403139637e+00
-8.274667559449346843e-01
-4.559940140655266427e-01
-1.034660010227540783e-01
-1.268600283000496098e-01
8.288453488007387904e-01
-7.863953962606367032e-01
-3.535951878426158990e-01
-2.859604378204243513e-01
-2.679493909585697331e-01
-7.248075878088330315e-01
-9.201048898794885744e-01
2.807285624923572254e-02
-6.929837655356191339e-01
1.218313904857152075e+00
1.225316649227980864e-01
9.462273128488174478e-02
-3.570470718188135661e-01
8.773273546403261847e-01
-1.305167245787078434e+00
-2.861013443939703360e-01
-8.305059297847530164e-01
-1.764398399870177325e-01
1.330388060300931041e+00
-8.270882348832999664e-01
-2.012021136662987819e-01
-9.429847990218863385e-02
-3.799772019398109935e-01
-1.471522588427953249e+00
7.940316259072950356e-01
1.408889816756929148e-01
-2.096976365775797824e-01
1.336528313899743026e-01
-5.370322772141973289e-01
-3.763980055061596497e-01
-1.267143268278459578e+00
1.483678407510404806e-01
1.000000000000000000e+00
1.000000000000000000e+00
8.162562397764786537e-01
-1.567350872441242993e-01
9.465169924899975440e-01
-2.958587962735964583e-01
1.006835467855818456e+00
3.264473984694119535e-01
1.337379896207534280e+00
-1.988900207505567008e-01
-8.071049336973086241e-01
-6.409336730122775494e-01
8.905130546846202755e-01
9.956652348067047686e-01
6.374149562532835933e-01
1.000000000000000000e+00
-1.584995018804549183e+00
1.433889485089745230e+00
-3.734327539484638692e-02
-1.036808278517440396e+00
-7.994346632362464566e-02
6.972748862763573641e-01
3.830461413835497542e-01
1.100669219339054372e-01
-4.742640098202228760e-01
-1.218352814108052129e-01
-1.000000000000000000e+00
-5.096488746158267524e-01
1.407855796511312318e+00
1.150223974889384992e+00
5.938639960861739064e-01
-1.524608965464111510e-01
-6.602877001021287828e-01
7.560355479987599381e-01
1.494884253774903193e+00
-1.952433982494019560e-01
-8.804401226206770570e-01
-1.112050449997057100e-01
-4.408724656808074016e-01
-3.084176085381921117e-01
-7.838916863444306271e-01
-7.458665495480256702e-01
-4.186473306356959245e-01
-6.851282382207184440e-01
-7.973130132014468741e-01
3.695282006054063650e-01
-3.380814035285985564e-01
-1.813374750056054863e-01
1.000000000000000000e+00
-3.483370063320381238e-01
-5.936338368962822409e-01
-9.562533433141897632e-01
-7.189804455934686311e-01
-2.547404403691721608e+00
-1.143268395162075901e+00
-9.475651491601257970e-01
2.873369204001439137e-01
-6.743782861818834462e-01
-1.781667674924936051e-01
1.000000000000000000e+00
1.305310732961502129e-01
-3.122495930756050697e-01
-1.226373987653929465e+00
3.503613250589920347e-01
8.177818954284903352e-01
-3.707736927796797533e-01
-3.126885024471190988e-01
9.453884085020709538e-01
-9.196672567973059875e-01
1.170365475384124387e+00
7.744687753350287807e-01
-1.054931306825552806e+00
-1.565191992078164063e+00
2.877377192292158714e-01
8.737320540290673954e-01
-1.845994310110681269e-01
2.934070552211426319e-03
4.819133496887328949e-01
7.494305248258148477e-01
9.124810600494951407e-01
4.233732771510917425e-01
2.187056389052532968e-01
9.980248483716934460e-02
2.923226099038411796e-01
-2.509357744747048313e-02
-1.673199337105951146e-01
-7.378500047774285697e-01
-1.124772222502987695e+00
-3.802835129158710359e-01
1.595987832266360318e+00
7.198727231764256995e-01
7.699662310317990921e-02
-2.105919458809990097e+00
3.768715604009760245e-01
1.278475505334671358e-01
-3.387958044319907547e-01
-1.216641314399881102e+00
-1.559635800973742659e-01
1.000000000000000000e+00
-7.097700659637707910e-01
8.287777481674488689e-01
-4.863974020612263915e-01
-5.383224665334900294e-01
1.825605192081155792e+00
5.166810129852548172e-01
6.251218133509626185e-01
-9.175089141818392191e-01
7.230823070283248777e-01
9.681214178637480572e-01
9.526947429982245419e-01
-5.630245338812497891e-02
-1.020993125641174615e+00
7.054688405024507336e-01
1.000000000000000000e+00
-8.686035853581607347e-01
6.909481624716216908e-02
-7.429417988262504435e-02
6.145871454550821955e-02
-2.759006578336036242e+00
2.575400222171606579e-01
-4.385244443314811891e-01
-9.359691127946127009e-01
-5.436386253461087392e-01
-3.776922589797226393e-01
-4.154611659059942452e-01
-3.555343189459725384e-02
