6.182461037634662260e-01
4.615578964676669838e-01
3.317756103568512693e-01
7.535300995054106110e-01
-3.108118250052593901e-01
5.402304035737699461e-01
4.656537988109015203e-01
-9.528104080766116590e-01
-7.387645648247016528e-01
7.752400495737250541e-01
3.123321398819620676e-01
-7.024932906983849534e-01
-4.713056515479481789e-01
-3.201540236509133330e-01
2.872090869853715644e-01
-6.585888564864608163e-01
-6.238753669844314675e-01
-3.111422362253047913e-01
1.439288290504813217e-01
-4.921167020525531455e-01
-7.467150480068187601e-01
-2.614161889682080631e-01
-1.999457844866880940e-01
-9.586317928017888956e-01
-8.819057923404650667e-01
1.000000000000000000e+00
5.339302957783566006e-01
1.000000000000000000e+00
-1.699444611054146681e-01
8.592389825345900789e-01
-2.634342209675045732e-01
6.228752107834623075e-02
6.857984886532191293e-01
1.891788713353720897e-01
-6.719927592232678437e-01
-3.467976511788778415e-01
-4.604926345962724321e-01
7.683073309649621208e-02
3.573259590613489523e-02
9.998288928122532893e-01
6.281218075336909845e-02
4.981433560709083164e-01
-7.723446117484276119e-01
-3.804944717113960539e-01
-3.791205438136752148e-02
5.712131298487045372e-01
6.710408075815186280e-01
6.509722375419610407e-02
3.392335910830086010e-01
-3.698613205444851726e-01
8.377647602114057790e-01
-2.517173916002653500e-01
7.044201389287062520e-01
1.315631971184411664e-01
6.583197770866222598e-01
1.000000000000000000e+00
1.000000000000000000e+00
-4.575203121804904960e-01
-6.445165376495121112e-01
9.392770837312501842e-01
4.914043571334196780e-01
4.700277849013470566e-01
1.425126356036745534e-01
-7.562725367432056034e-01
-8.172010102425336653e-01
-8.770627950176785870e-01
-8.493712726109899913e-01
4.944589460275885529e-01
1.225999516011261753e-01
-2.494462602596574097e-01
-8.072554196796702386e-02
1.732318006325561099e-01
-7.019816303736732266e-01
-6.998332935622469941e-01
-8.755052599065379360e-01
-7.605734083760126163e-01
7.080911650538923574e-01
4.368827230633274272e-01
-4.264774600211791444e-01
-1.000000000000000000e+00
1.753322103578707214e-01
5.317220817982477588e-01
3.277065461056977713e-01
4.447656414123031254e-01
-6.931495609024631577e-01
-6.564123518440997396e-01
-9.368468267088179147e-01
8.891888582667251129e-01
9.956310643372464630e-01
7.254782239647377118e-01
4.802602213178834567e-02
-2.086445712764050109e-01
1.586850057314533879e-01
-8.827395105482604976e-01
2.806031641077307293e-01
7.044796922865481648e-01
8.592586335021579202e-02
3.158408667609385323e-01
9.022687196115138086e-02
-4.277038711960666206e-01
-8.427834749316809315e-01
7.560962445704830781e-01
-6.054938225038879462e-01
3.586120850452128028e-01
-2.427999146764346361e-01
-5.346558665416086820e-01
-1.910487330277728935e-01
3.448370732976888120e-01
3.870546204721320716e-01
7.687480664496418870e-01
4.357233310196617637e-02
-2.813947515762424967e-01
-8.545165322303658328e-01
-7.690960158343986830e-01
-1.946199905451009571e-01
7.790506424887323478e-01
-9.545052409321417297e-01
7.540079724488439883e-01
5.161571764578851695e-01
8.472608149193426863e-01
-3.338718356628953554e-01
7.721785716642505237e-01
-2.861754657374436239e-01
-6.118527099640789224e-01
9.479815711266413591e-02
-4.496119050714457166e-01
-4.320393780939111306e-01
9.169709254107110130e-01
1.000000000000000000e+00
-4.926798383500949896e-01
4.674538398311828963e-02
-9.208356386696648910e-01
-2.446574050678785306e-01
5.928361649455553550e-01
4.821749548058594792e-01
-3.525079034953114143e-01
-4.904615304471230952e-01
5.920500759552096426e-01
2.489647376028381043e-02
1.000000000000000000e+00
5.703933072098682500e-01
1.832946321068208706e-01
-8.036162419542439705e-01
7.352915868471561200e-01
-4.558210916685545566e-02
-7.387472642841058645e-01
1.000000000000000000e+00
7.419321279840218608e-01
5.427089305124974672e-01
4.446076605154477557e-01
-6.560717525429247132e-01
4.290251555217844404e-02
5.330844310373789030e-01
-1.000000000000000000e+00
-5.604590413030567930e-01
-8.116137624921362370e-01
-5.873865473242672053e-01
2.447894364100743902e-01
3.393894218659963546e-01
4.344322551901994567e-01
-9.998348932964898905e-01
5.428267936854377362e-01
8.524446234542829015e-02
4.147922846685417886e-01
-1.077790231242440611e-01
-3.309560333002039556e-01
3.701305404236008290e-01
8.620557517911866530e-01
7.111929686442077791e-01
-3.369870008538159434e-01
-4.816516490653283689e-01
-2.053115782175720661e-01
-9.007252943260863898e-01
4.408935817050410044e-01
1.000000000000000000e+00
-1.000000000000000000e+00
-5.167326759018358029e-01
9.047846820844388516e-01
-5.607788764458075947e-01
-7.143765830961974483e-01
-7.043179343331430475e-01
3.517218585540047293e-01
2.182597148365902073e-01
3.657655064280467272e-01
-7.385003573305178870e-01
2.336874657699900548e-01
-1.000000000000000000e+00
-7.196574253928640363e-01
3.124628133836939159e-01
-2.296125281368141258e-01
-3.594732771613731170e-01
6.379671146973419082e-01
-7.737191567285383043e-01
-8.350183968612494567e-01
6.615215203055223592e-01
1.581378500353364802e-01
8.714132897185993265e-01
-5.706871821317491822e-01
1.446807658313661593e-01
4.988066509809221394e-01
-6.517345335956381547e-01
-3.285050711576661953e-01
-1.146439082998215730e-01
-3.534342198806263990e-01
5.442278266930530295e-01
9.010581416015976952e-01
-1.216962871053959422e-01
-7.308490570714704093e-01
4.447100669005816242e-01
-1.000000000000000000e+00
7.585310897297619093e-01
7.639904678696106677e-01
-2.797885386455310486e-01
-1.650130472062455167e-01
6.633073673876673793e-01
9.251132165156983334e-01
9.111482843057994163e-01
3.562048186071840039e-01
-6.827083687659407651e-01
5.849517580164376174e-01
-9.160466519539091079e-01
7.085462735913639065e-01
2.651658118462291713e-01
9.323387445648834149e-01
8.794327399599529693e-01
5.296210218267717318e-01
-3.188118270274149513e-01
6.729339681875917689e-01
-1.955830221006725211e-01
-3.401292913698912290e-01
7.543887723910640553e-01
2.167721398346081074e-01
4.787181090281971141e-01
-2.310289677579273060e-01
3.130796258906500817e-01
9.690905774874647438e-01
-6.240803463227593273e-01
5.752834813719532869e-01
7.530684506102452991e-01
1.543094938348039125e-01
9.187734334686485649e-02
-7.837853457005289348e-01
9.823114839184016178e-01
-6.818549279476708858e-01
3.890531820961519172e-01
2.995699880508399526e-01
-7.213284951422471725e-01
7.984799788551311117e-02
6.000326022130534342e-01
-4.028251146163643326e-01
-3.281818285325699414e-01
8.922687127376550675e-01
6.542314055864824063e-01
4.344467409925630852e-01
3.730748179780524199e-02
-8.915542865317070964e-01
-8.664223458056534710e-01
9.531684682365300365e-02
1.000000000000000000e+00
3.170984747653499136e-01
-7.952758424463438613e-01
6.677355198226587740e-01
1.000000000000000000e+00
3.899705388515667392e-01
3.873632512190122723e-01
