8.276335738476081616e-02
-8.108816831077949594e-01
1.000000000000000000e+00
1.000000000000000000e+00
-3.768972794047426023e-01
-1.000000000000000000e+00
1.000000000000000000e+00
-8.694386979657129366e-01
5.108167728443244182e-02
-1.154233215956110836e-01
2.652659947100750593e-01
1.000000000000000000e+00
5.721474792335190518e-02
-7.579488784218781916e-01
9.907911009430090399e-01
-9.142343745324114090e-01
2.592400576496867171e-02
-7.979251900250516893e-01
-1.000000000000000000e+00
9.384725452153697134e-01
-6.769524747164461509e-01
-9.083526772133594385e-01
9.876424686024523059e-01
1.015311214437708137e-01
9.004618338442824665e-01
-1.000000000000000000e+00
-4.090228991843709583e-01
-2.418816256652446262e-01
-1.000000000000000000e+00
7.152265112835026750e-01
-8.039512754534894334e-02
1.000000000000000000e+00
-1.000000000000000000e+00
-1.000000000000000000e+00
1.987908057898721825e-01
-7.733737631219548270e-01
7.074521489396610185e-01
9.959731575956151106e-01
-1.000000000000000000e+00
-4.785276787974644952e-01
4.956763083027557193e-01
-1.000000000000000000e+00
1.000000000000000000e+00
1.000000000000000000e+00
1.743020773241649168e-02
-1.000000000000000000e+00
-4.873004965485485673e-01
8.632075232855995761e-02
3.120590776420036905e-01
1.000000000000000000e+00
-1.000000000000000000e+00
-4.751862551272902913e-01
1.000000000000000000e+00
-2.998638534750465157e-01
-1.000000000000000000e+00
-6.810509979778505141e-01
-9.123873583292986256e-01
-1.000000000000000000e+00
-9.719967113343815912e-01
1.000000000000000000e+00
-7.393836894522586300e-01
5.200993690946299486e-01
-1.000000000000000000e+00
-1.335056431694834345e-01
-9.209763648677036230e-01
-8.201485233371538230e-01
-9.789207662939238830e-01
-1.285889891956963904e-01
8.911339758992066207e-01
1.000000000000000000e+00
-5.363547344270580552e-03
1.000000000000000000e+00
8.503614237168055645e-01
-1.000000000000000000e+00
1.000000000000000000e+00
2.154921011095967120e-02
1.000000000000000000e+00
-1.000000000000000000e+00
-1.000000000000000000e+00
9.950037247364192927e-01
-1.000000000000000000e+00
-4.584346058571603377e-02
1.000000000000000000e+00
-1.000000000000000000e+00
7.624119891626620626e-01
5.561099980196213544e-01
-6.944376028990026928e-01
-8.848155701966821107e-01
8.225435301227675966e-01
2.573885818055852148e-01
-8.411076186705069846e-01
4.100111576376876954e-01
8.747939198623477797e-01
-5.850958075281245119e-01
1.000000000000000000e+00
1.000000000000000000e+00
1.000000000000000000e+00
-8.790034531968544673e-01
-5.385389791181718344e-01
-1.000000000000000000e+00
7.621575540440254093e-01
-3.215427600119104001e-01
-9.365810292628364842e-01
1.000000000000000000e+00
-5.933074170745428200e-03
-4.496614222976144659e-01
-1.000000000000000000e+00
4.596993958466440988e-01
8.883308057998353657e-01
4.964577186328493763e-01
9.480794603079796545e-02
1.000000000000000000e+00
-4.501215851759132747e-01
-9.291733699315620765e-01
9.808953290948098092e-01
6.598454945339693456e-01
-1.000000000000000000e+00
-9.312485012225334424e-01
1.000000000000000000e+00
-1.000000000000000000e+00
-5.397629318742587223e-01
7.157149483487115216e-01
-1.586993576802786521e-02
1.000000000000000000e+00
1.000000000000000000e+00
-1.000000000000000000e+00
-6.854643841185379394e-01
1.000000000000000000e+00
1.818532676979772722e-02
1.000000000000000000e+00
-4.467758048281659233e-01
-1.000000000000000000e+00
-4.840178061420016276e-01
1.000000000000000000e+00
1.000000000000000000e+00
9.610571808431318530e-01
4.462809065065209690e-01
5.682613955211166523e-01
-1.000000000000000000e+00
5.806641059510713188e-01
1.000000000000000000e+00
-1.000000000000000000e+00
5.119210417665047697e-01
-1.000000000000000000e+00
2.732792298943343967e-01
3.835839587986204502e-01
1.000000000000000000e+00
-1.000000000000000000e+00
-9.023944617312842364e-01
7.106589620805451313e-01
-6.815204924833515587e-01
1.000000000000000000e+00
1.000000000000000000e+00
-1.000000000000000000e+00
-7.631754688146871191e-01
-1.497129930943406073e-01
8.407367028983212531e-01
7.184194083568939959e-01
6.278610648978757425e-01
-8.493110816128395246e-01
-1.000000000000000000e+00
8.701607514617440975e-01
-6.184491354682941644e-01
-4.349023735098114241e-01
-5.625205141070996895e-01
5.936734405914658730e-01
-1.429782007958392276e-01
2.525025826375831839e-01
-1.000000000000000000e+00
2.259737527606464624e-02
8.966391488965849144e-01
-7.324227940965656325e-01
1.000000000000000000e+00
-6.213992383628275107e-01
-9.310009859030844437e-01
-1.000000000000000000e+00
-3.337042287623848136e-02
1.000000000000000000e+00
-1.000000000000000000e+00
1.393707181860788236e-01
-2.378372303733267135e-01
-1.000000000000000000e+00
-1.572163967282308450e-01
1.000000000000000000e+00
-6.210003436683886324e-01
3.825638502664107654e-01
-8.527605406918097319e-01
-1.000000000000000000e+00
1.124315921243131677e-01
-1.000000000000000000e+00
-7.387250462861971734e-02
5.824412100202015496e-01
-9.958379582234661020e-01
-1.000000000000000000e+00
-1.000000000000000000e+00
-8.864668159598898534e-01
-8.622334469682270131e-01
-5.849041748643335481e-01
1.000000000000000000e+00
-2.546306846270310897e-01
-1.000000000000000000e+00
7.370658582916073120e-01
2.343919481419939055e-01
-9.239534147792525243e-01
1.000000000000000000e+00
-1.000000000000000000e+00
9.007704993132599203e-01
3.107033592530434873e-01
1.000000000000000000e+00
-2.282526314172915460e-01
-1.767209715594332264e-01
-6.663912874166771916e-01
1.000000000000000000e+00
-1.000000000000000000e+00
9.509325219845914390e-01
-1.000000000000000000e+00
8.344461616430802753e-01
1.000000000000000000e+00
8.498842889445923365e-01
1.320331071478561824e-01
-7.214118116500864986e-01
8.623906658934765712e-01
1.735146811000206624e-01
1.000000000000000000e+00
8.695055527621025071e-01
-1.000000000000000000e+00
-1.000000000000000000e+00
-7.602452812007720606e-02
7.169732155868407952e-01
-1.000000000000000000e+00
8.278689527431284390e-01
1.000000000000000000e+00
1.000000000000000000e+00
3.379072289015737640e-01
-8.045468246543233670e-01
-1.000000000000000000e+00
-1.000000000000000000e+00
6.056976577003312379e-01
3.908059014342505910e-01
8.380712784134202176e-01
-2.621104899341120675e-01
7.676933042489164638e-01
-4.172100817346526824e-01
-9.492113320472381766e-01
-8.148828207343615793e-01
2.812515166260954880e-01
-8.818176886275163051e-01
-6.736327196018945251e-01
1.000000000000000000e+00
-1.000000000000000000e+00
-1.000000000000000000e+00
-4.231342508693891613e-01
1.116318417426732101e-01
-4.136748327552626225e-01
-1.000000000000000000e+00
-8.922514496040810927e-01
1.000000000000000000e+00
3.196253844652360288e-01
1.000000000000000000e+00
1.000000000000000000e+00
-2.549338146972912611e-02
6.974853969531420450e-01
1.519993146238589610e-01
2.615360738580714828e-01
-1.000000000000000000e+00
