-9.572116539324880824e-01
-7.580183949051448877e-01
1.000000000000000000e+00
-9.335220599054393220e-02
-1.000000000000000000e+00
-1.000000000000000000e+00
-7.998303487742761675e-01
6.687130000252599071e-01
1.000000000000000000e+00
3.454006778319718696e-01
-9.046082800414544378e-01
-1.000000000000000000e+00
-1.000000000000000000e+00
1.000000000000000000e+00
-1.000000000000000000e+00
-4.302841429731605327e-01
1.000000000000000000e+00
4.163800418192756814e-01
4.215759488618969208e-01
-4.682261240099214739e-01
-2.809527064422658871e-01
-1.409274430637020015e-01
8.068101422881113205e-01
-1.000000000000000000e+00
7.817050055480674609e-02
8.050211757420757674e-01
-4.331341035627531144e-02
1.000000000000000000e+00
-1.000000000000000000e+00
1.000000000000000000e+00
-2.118600213052281855e-01
-2.299905110104825401e-01
1.000000000000000000e+00
-3.226362212662209350e-01
1.000000000000000000e+00
-9.311758985680308465e-01
-7.992978720957016892e-01
1.000000000000000000e+00
3.686111076634919770e-01
8.791734922390088691e-01
1.000000000000000000e+00
1.978117302594669946e-01
3.186353477198441420e-01
1.000000000000000000e+00
-7.750497461016873091e-01
-1.118843865230120249e-01
-2.108752809668039963e-01
1.000000000000000000e+00
9.886659257630672215e-01
6.777853552550447969e-01
1.000000000000000000e+00
4.561472434417123134e-01
-1.306580049961584555e-01
-2.774756463809979756e-02
-2.518735823294839249e-01
1.000000000000000000e+00
-8.016240645506776952e-01
-4.339478084966884586e-01
-1.000000000000000000e+00
3.040185225465245056e-01
-1.000000000000000000e+00
1.000000000000000000e+00
-4.014292588962050656e-01
5.318066157366959645e-01
1.000000000000000000e+00
-1.000000000000000000e+00
-3.762977032885563844e-01
6.539077204414591726e-01
2.740178363587977839e-01
3.412025167985495155e-01
9.824225139377452676e-01
-8.540219479062798325e-01
-1.000000000000000000e+00
9.823175741858486409e-02
6.914277657067607885e-01
-4.160470478331823596e-02
-1.000000000000000000e+00
-3.487320480126956945e-01
-1.000000000000000000e+00
1.000000000000000000e+00
1.000000000000000000e+00
-1.077150234074502611e-01
-3.873932899881600278e-01
8.284764385214149485e-01
-8.471078206296697166e-01
-8.586896483900173793e-01
-5.698667908196591858e-01
-1.000000000000000000e+00
5.417727080760526004e-01
-1.000000000000000000e+00
-7.290582417779883917e-01
-1.000000000000000000e+00
-2.259979301651201533e-01
-1.000000000000000000e+00
1.000000000000000000e+00
1.000000000000000000e+00
-1.000000000000000000e+00
4.760832199634656980e-02
-9.364503077549539700e-01
-4.797541073540441126e-01
3.030269560409828422e-01
4.034717873430373469e-01
4.759475293371662197e-02
-3.661991677694780289e-01
-5.154102730238957486e-01
-1.250798811253093501e-01
6.215867340501051164e-01
-1.000000000000000000e+00
-1.000000000000000000e+00
-5.165771829427234785e-01
6.095358742101820715e-01
-7.731978159809151929e-01
-4.425151768698250554e-01
-7.377274570916771967e-01
-1.000000000000000000e+00
5.355603856273829511e-01
7.424399387567259812e-01
-7.421254428087082911e-01
8.091326992311622668e-01
1.000000000000000000e+00
-7.481140033022734004e-01
-1.000000000000000000e+00
-1.000000000000000000e+00
-5.413686310270403590e-01
4.434456772572083899e-02
-1.000000000000000000e+00
-8.919165492829008723e-01
8.742320164448045272e-01
1.000000000000000000e+00
-7.538276337310227948e-01
8.567390173975334422e-01
-6.669577131637054457e-01
1.459309042296117742e-01
-1.000000000000000000e+00
1.000000000000000000e+00
-4.147277529161564336e-01
-1.000000000000000000e+00
-1.000000000000000000e+00
-3.191930431425690773e-01
-4.402345887525189183e-01
-1.000000000000000000e+00
8.764993607721560664e-02
-9.307859316691446949e-01
5.648510762176318645e-01
-1.000000000000000000e+00
1.000000000000000000e+00
-4.656000304541916823e-01
5.868093113233002756e-02
4.994997596971795240e-02
-7.493682622296898854e-01
2.178589829444443626e-01
-1.000000000000000000e+00
-1.000000000000000000e+00
9.823190077794585751e-01
1.000000000000000000e+00
-1.561636533131236237e-01
5.973709403441449517e-01
4.226840653112066137e-01
-1.000000000000000000e+00
1.000000000000000000e+00
9.983540829283577001e-01
1.000000000000000000e+00
1.000000000000000000e+00
1.000000000000000000e+00
5.698719138896058967e-01
1.000000000000000000e+00
-4.561466173705238658e-01
1.000000000000000000e+00
1.276618736752003769e-01
1.000000000000000000e+00
8.278881194765042029e-01
-9.159326323235496004e-01
-1.000000000000000000e+00
-1.000000000000000000e+00
-3.830768771919529359e-01
8.838757788571900420e-01
8.496589366553061184e-01
1.000000000000000000e+00
8.792588707873268961e-01
-3.882008335633799212e-01
-9.836081173032232283e-02
-4.167577195136778490e-01
6.492496061403681962e-01
5.409357386318228711e-01
-4.367642256538680767e-01
9.053585879450376517e-01
2.243780534454520303e-01
1.000000000000000000e+00
-3.052147783444177920e-01
7.754732151550945973e-01
-1.321812700929629047e-01
-1.000000000000000000e+00
-1.000000000000000000e+00
-1.000000000000000000e+00
-1.000000000000000000e+00
3.714965894074425123e-01
3.070961589253901614e-01
1.000000000000000000e+00
8.746137747078573943e-01
-8.778517707879150977e-01
1.000000000000000000e+00
6.918700701974810352e-01
-9.252550474375187406e-01
-6.707251314504067974e-01
6.841218137463740412e-01
1.000000000000000000e+00
8.310851898341659050e-01
5.628965599032400569e-01
-1.000000000000000000e+00
6.613761705451531858e-01
-1.010807309164551970e-01
-1.000000000000000000e+00
1.000000000000000000e+00
1.000000000000000000e+00
9.812700913388240631e-02
-4.142692136197325126e-01
-1.000000000000000000e+00
3.126694215134330768e-01
-1.000000000000000000e+00
6.996182970754356578e-01
1.000000000000000000e+00
1.000000000000000000e+00
1.000000000000000000e+00
-2.643460777731653222e-01
5.125722669889927197e-01
-5.606547104360491973e-01
1.000000000000000000e+00
2.531359421906801410e-01
-8.466390597801414231e-01
-1.000000000000000000e+00
1.000000000000000000e+00
9.844980746503259050e-01
-1.000000000000000000e+00
1.000000000000000000e+00
3.901933981461496170e-01
-1.000000000000000000e+00
-1.000000000000000000e+00
-6.752645793620206671e-01
1.000000000000000000e+00
-4.908810717433236270e-01
-8.810488106754490456e-01
-1.000000000000000000e+00
1.000000000000000000e+00
1.000000000000000000e+00
-1.148783513146101054e-02
3.751105116055888922e-01
-7.870307739495046029e-01
1.041571639876958388e-01
-1.000000000000000000e+00
1.036520985637861270e-01
-5.468603847042767807e-01
1.000000000000000000e+00
3.704880285903977000e-01
1.000000000000000000e+00
5.537492412805601338e-01
1.000000000000000000e+00
3.496108837038880979e-01
-1.000000000000000000e+00
3.982891232653010261e-01
5.939793955599945718e-01
-6.354385480822501986e-01
9.834900189629747214e-01
5.973778369611082439e-02
1.000000000000000000e+00
-1.000000000000000000e+00
