-9.382095233653044986e-01
6.004850119233334782e-02
-7.169790251550728355e-02
-2.577155218017294636e-01
-9.181401116318248512e-01
7.649701889194900906e-01
-2.081060758070993333e-02
-2.240604727074321234e-01
-2.260975851297553629e-01
6.094872264653524718e-01
1.759114464588831805e-01
-8.523730990253445272e-01
-1.930711479217512849e-01
8.673513336942648699e-01
-6.541049867799524076e-02
-5.532861457404623096e-01
3.432862313268610355e-01
-9.136973954983611534e-01
-1.000000000000000000e+00
-1.000000000000000000e+00
9.336139852696332397e-01
-6.500995034362679892e-01
5.440118216836395959e-01
3.469034284959404690e-02
-8.168005419216764484e-02
3.645603795372929223e-01
2.319464866650428059e-01
9.329313785317467911e-01
-5.492524907682174717e-01
2.849577368503056901e-02
-1.394478085796419797e-01
6.250370079627068365e-02
-2.393867559131727940e-01
-6.032169713718010806e-01
1.538063175385571690e-01
-4.819017053263298100e-01
-4.544512038081796046e-01
-2.448704367346880295e-01
2.040400671709363678e-01
-1.086865620165524821e-01
-1.864729095444269680e-01
-1.000000000000000000e+00
7.547215997723970560e-01
9.761923180471092643e-01
2.615847557094759246e-01
2.799536357878020798e-01
5.158383275717089989e-01
3.077998947490566128e-01
1.000000000000000000e+00
7.534590800182163761e-01
-9.147501196401500723e-01
-7.043243750288020744e-01
3.288496857849393940e-01
-5.217633127045244734e-01
-6.929459575039429442e-01
9.827748026439819817e-01
1.381674098980572030e-01
8.538952592323184598e-01
-2.904322161295849192e-01
-2.765343002924262050e-01
-2.152852972618853888e-01
-1.000000000000000000e+00
8.574861059117109274e-01
-6.465298523397302599e-01
-4.865508903121228135e-02
-5.673778100419809567e-01
2.666674401232002056e-01
-6.300928776271048637e-01
6.740719085996005333e-01
6.893049227575839266e-01
4.490084039610693356e-01
-2.661104637422669755e-02
8.094578685661059092e-01
-7.510805714652696308e-01
-9.428904803804583068e-01
-3.159497313321171091e-02
-3.311574828562633410e-01
-5.186805042858416703e-01
2.119307464497162397e-02
6.568792274834207578e-01
4.544590902667218213e-01
1.000000000000000000e+00
8.217774344627142291e-01
-3.976274985909389326e-02
3.406620809578457254e-01
8.846051149355088628e-01
8.256586604392547324e-01
-2.126531025400788810e-01
8.515038867086475172e-01
-8.263031422570265017e-01
-4.196625343527842222e-01
2.696408906372879111e-01
-9.299378743211617060e-02
-8.480332863271046184e-01
7.671961790702555017e-01
1.000000000000000000e+00
3.608101290989259580e-01
9.787837811022842560e-02
-2.043034568603457890e-01
-8.938647879964350951e-01
-2.366620137105052701e-01
-2.526249449785225587e-01
-8.517234575221050985e-01
9.185879896956353208e-02
-4.547720309938061978e-01
-1.110729127060109261e-01
-8.020580242353745337e-01
2.039123448854348875e-01
7.910533747421402140e-01
1.000000000000000000e+00
3.642454881471935968e-01
7.144111554549950061e-01
-9.217206401767100710e-01
-9.156064339981324629e-01
2.999314366450437502e-02
3.548397975214659383e-01
1.000000000000000000e+00
-6.536601857953835970e-02
1.940349840916320012e-01
2.868031700303700360e-01
-6.143849475823807971e-02
2.957415816392290897e-01
-6.330949645962897776e-01
8.625748335957885704e-01
-2.230286238692718304e-01
7.328622607099116726e-01
2.755781401133610142e-01
-2.655296493757692833e-01
5.843735625149054647e-01
3.993006857671248522e-01
-3.367404371730855495e-01
-8.161376780459210778e-01
6.015972196684150897e-02
1.644101685943129554e-01
7.229064865901561054e-01
1.507048369174350533e-02
5.774480620715604084e-01
4.642315390166200650e-01
-2.861053190657828482e-01
-1.000000000000000000e+00
2.524222949819874273e-01
-1.000000000000000000e+00
1.395513623295740468e-01
-9.269072164029765748e-01
2.641468889234711570e-01
-4.814203019532506400e-02
9.645200932848916331e-01
4.489341522772646309e-01
9.414250807162660717e-01
8.262883790534466533e-01
1.000000000000000000e+00
-8.883867962869008705e-01
-4.022956335317244836e-01
-8.867276436551680963e-01
-2.443237844130277114e-01
-6.193247846570152371e-01
6.749490745650902346e-01
-1.264655287408807810e-02
3.328104609981886175e-01
-4.422207516440497810e-01
6.412225940609588282e-01
-6.717913161848471093e-01
-2.280325219906863266e-01
-1.707553814140571058e-01
2.749168448025832157e-01
1.802104742578010399e-02
-5.717831278084778424e-01
-7.128439832479669391e-01
7.686480426957598144e-01
1.595357912926517185e-01
-5.692229246639507467e-03
-4.594150060390790324e-01
-4.454702817988926977e-01
-8.102802822657069470e-02
1.000000000000000000e+00
-6.769775948652410058e-01
9.390666737389831153e-01
6.287391846552605745e-01
1.172667088136657848e-01
1.000000000000000000e+00
-3.560086440192234969e-01
-1.629842042398264856e-01
-1.000000000000000000e+00
8.513480295973844258e-01
-1.213162680003584404e-01
1.014084213471040108e-01
5.507046820789193164e-01
-8.028922387512983372e-01
7.551232709355909511e-01
-3.600476866426345901e-01
7.276773256141300106e-02
-1.531371248458488210e-01
-2.488774660674281658e-01
7.724630689145710327e-02
-4.978256502252954574e-01
1.081114902825110191e-01
1.162889140999645160e-01
3.587862511187547843e-01
-3.850225405585995797e-01
7.233773579128512932e-01
-8.453998596726071124e-01
1.890299277324012650e-01
-6.985352931207214344e-02
5.405726146022096223e-01
4.846361941730498168e-01
3.249665692085642044e-01
-1.000000000000000000e+00
-7.393795611576035043e-01
-2.479287146625556160e-01
-4.606428420216507336e-02
1.202675058323446899e-01
4.669624572558831455e-01
2.033947901349175691e-01
-4.493596465898971326e-01
-2.768475878496168829e-01
8.554573961930630466e-01
-7.724736715699799527e-02
7.261500238131356477e-01
8.839709091006913155e-01
3.737491231270468894e-01
1.000000000000000000e+00
-3.553665239435019885e-01
6.491673331412857184e-01
3.669573093729300295e-01
-8.765727974878940731e-01
-8.171907330982356443e-01
2.567199588305293378e-01
6.298672430460696692e-01
1.324971195003571134e-01
-2.377763385959050235e-02
3.992137298782150179e-01
-1.646383126944699349e-01
7.597132193571808356e-01
8.302544533468629862e-01
-3.889900080677996530e-01
-5.230579333958017552e-01
-5.598170901057636373e-02
1.000000000000000000e+00
1.853609180941785395e-01
8.593420449420959839e-01
3.924703145732837961e-01
7.177157310871156159e-01
3.325152206444088598e-01
-5.665237753076486360e-01
-9.567312082946918261e-01
1.000000000000000000e+00
-9.760135388916750532e-02
7.567911419820378960e-01
1.000000000000000000e+00
-7.339213264466608599e-01
-5.295824916893508982e-01
-3.120020891095041105e-01
-1.000000000000000000e+00
-8.244484415756231366e-01
3.664468331039219540e-01
-1.000000000000000000e+00
-6.849181782762125970e-01
-1.461569906034522470e-01
-1.526736792366388262e-01
-1.875518717664653168e-01
-1.000000000000000000e+00
-4.201303154042180243e-01
1.553676896621458692e-02
5.177643737731337792e-01
6.334588319762166631e-01
