-1.376374321255411093e-01
3.460259131222182538e-01
-5.837363195144923411e-01
4.281582759121070891e-01
-9.593502731829162133e-01
-5.998074254597181021e-01
-8.945114032874597054e-01
-3.904768115755091751e-01
1.956632385546159814e-01
5.720392073368374408e-01
7.933578011023830756e-01
3.198057910622702921e-02
-2.707024026682346429e-01
9.364918572536620744e-02
-8.536737394925028033e-01
2.979669133652845803e-01
4.151780737400787569e-01
-1.262679262786620960e-01
-4.132578827851391967e-01
-7.525284608597494485e-01
6.895663762490422677e-01
-4.147414722474995763e-01
-8.237838838412830933e-01
-2.931783072256932687e-01
-2.154720687654299027e-01
-6.505788270810484164e-01
6.293502029345238169e-01
6.937163630606867359e-01
-5.024507390147959773e-01
9.115899198465428066e-01
-3.421554230313506723e-02
3.466593149257112261e-01
-4.888525986727709771e-01
-6.405634131126294317e-01
9.327750211197557428e-01
-1.000000000000000000e+00
-3.606433818238209410e-01
6.794052176835700951e-01
-2.215091355169263032e-01
-5.327628913081966511e-01
-6.786958158386058315e-01
-2.723373901154048649e-01
-1.000000000000000000e+00
1.855558262161757441e-02
3.874357284454214845e-02
1.143471888419953786e-01
2.479722172580618722e-02
-9.359539184517524646e-01
-6.555859694576741115e-01
3.372393050512049739e-01
-3.700633448766220690e-01
-1.000000000000000000e+00
3.612195481338353886e-01
3.495026728825417761e-01
3.620777839916796137e-01
1.823318468619443411e-01
9.921486748500926156e-01
7.282416906124363765e-01
-6.651681331015785181e-01
3.202776459517061580e-01
-6.131588825888466543e-01
-5.733142365982423216e-01
-8.504614859005536764e-02
9.028690011886973954e-01
9.548050411109434421e-01
4.987522776401833169e-01
-6.741084540000071845e-01
-1.000000000000000000e+00
-5.267939606547955567e-01
2.438871806434469713e-01
5.433980994166878187e-01
3.255351989307512239e-01
-5.327938528768789705e-01
-3.135860725391503845e-01
-9.889981776169283201e-01
8.771490005832446313e-01
1.868640530067709471e-01
-1.888302528640785349e-01
-7.135092491828238792e-01
3.943878815617453681e-01
1.475003676221188498e-01
8.612691505082589183e-01
-5.413855657683129818e-01
9.303952121792383734e-01
-4.542818019735300195e-01
3.606434563073257493e-01
8.980023905700755815e-01
-2.261601725028570264e-01
-2.920649461630366317e-01
-9.489434216246913634e-01
-7.200721670927259233e-01
5.489921571062041927e-01
-3.846019992266553333e-01
-7.742096974489963701e-01
9.475499608654858186e-01
7.559654832346536235e-01
-9.521678039185099696e-01
-5.620281951863798087e-01
7.870280935302184089e-01
3.181435535495567568e-01
-1.913683925079185943e-01
4.103732418596416076e-02
1.303875782846219966e-01
4.855767805382089075e-01
-5.234670886122215760e-01
7.077865686255480071e-01
-4.078019112338348018e-01
-2.173748493810203075e-01
6.494548585586895628e-01
1.000000000000000000e+00
9.974234619911233057e-01
-8.058673274449027479e-01
5.787610153580280414e-01
1.246692761510359015e-01
7.334282644231928661e-01
2.869786621789814918e-01
2.334456490900410075e-01
1.852858167388711230e-01
-1.000000000000000000e+00
5.407731779600545297e-01
-1.000000000000000000e+00
-5.787159756853101911e-01
7.747008090452780493e-01
9.772769770799926148e-01
-6.699538306578839419e-01
-9.508181230713013132e-01
-1.116241523183126028e-01
-1.233800832245963985e-01
9.141961968130033478e-01
3.807245233438735776e-02
2.034587462387000834e-01
-5.982607926098435502e-01
6.776361617303736096e-02
1.453014658114773205e-01
-4.788622558694689002e-01
9.252448422220963531e-01
-7.886970590247123214e-01
6.607678977803392861e-01
-2.777615845128816874e-01
8.734223961021514437e-01
-3.351606493626534955e-01
4.193450665028101293e-02
-1.000000000000000000e+00
-8.652876860703312412e-01
-8.631311875466229910e-01
-1.752448032160670577e-01
-1.000000000000000000e+00
8.749775980999329184e-01
-4.484281525500549703e-01
2.004929818588085666e-01
5.125979163522004223e-01
-5.417984372377099289e-01
4.299828694768171311e-01
-3.500701562837034708e-01
1.999168609204599323e-01
-8.552866865741556301e-01
-2.039146514324429449e-01
7.950093962239815903e-01
8.778562075151608024e-01
-2.190388577509598811e-01
9.799340430826307680e-01
6.532292757180007126e-01
5.283886593228234729e-02
-1.645035405785951485e-03
9.711475384087608909e-01
-3.458468824520798401e-01
-4.675347389195822490e-01
6.432012999286520483e-01
-2.898084829887830338e-01
-1.469900322235188073e-01
-1.000000000000000000e+00
1.000000000000000000e+00
5.435903047729710030e-02
-6.642415853438768947e-01
6.052147537895753715e-02
2.620873164376312792e-01
2.746000840616314442e-01
6.505830036528545968e-01
-3.557974638067344375e-01
8.271635411922392267e-01
7.225864921404494545e-01
1.375413992786121975e-01
5.850345253597052375e-01
6.025235503547140548e-01
8.366897969188888950e-01
-3.079044530666952828e-01
-1.167461883294437369e-01
-7.306287935325987970e-01
5.472162621900341639e-01
4.996796920870513747e-01
-3.842004242976256867e-01
-3.252983415118561039e-01
7.599978576893725579e-01
8.683384044247469125e-02
-1.000000000000000000e+00
8.312099452489382090e-01
9.556385994533439510e-02
7.160188185467572519e-02
-2.848719469782744484e-01
2.898992454893503101e-01
-2.185630542983862667e-01
-6.982620441204031581e-01
-6.545279932128524047e-02
-9.182515008686602531e-01
1.000000000000000000e+00
-6.331943653058629273e-01
-3.687915612149461064e-01
5.775802278908569870e-02
-6.074133299162126631e-01
8.732470057193073010e-02
-2.010056441992063569e-01
-2.526952218972492448e-01
2.927511375395399629e-01
1.708109244787702763e-01
1.783091126979885199e-01
-1.000000000000000000e+00
-2.368787758192738846e-01
-2.401412888114570765e-01
6.668104372918964851e-02
4.673853846730264272e-01
5.651239909317845589e-01
-8.973733285504110757e-01
1.000000000000000000e+00
-4.706872029911416400e-01
3.051271255592261089e-01
1.000000000000000000e+00
3.370162479066360905e-01
8.278003828241509154e-01
-7.764613618238370707e-01
7.244123770648587257e-01
-5.779380927920093614e-01
2.779982653349893362e-01
9.421326033229709962e-01
3.074606787763337068e-01
4.901821141868346055e-01
-3.763435593758485131e-01
7.599272471747095525e-02
4.261040651621952335e-01
7.199452458189384840e-01
-3.865653512034434303e-01
-3.883057680850946491e-01
-7.706774231647743612e-02
-6.477738432526405910e-02
-4.391166134470626120e-02
1.000000000000000000e+00
-2.890184937345394722e-01
5.663525747160298440e-01
-1.000000000000000000e+00
2.840640284382778824e-01
9.454429393959804528e-01
-5.838700302255895452e-02
3.557215860768460636e-01
9.236731561243483046e-01
-2.393463042867520485e-01
-6.376618059167707964e-01
-6.851446979879481924e-01
-3.954804243522672125e-01
-5.793300896666673250e-01
4.703857630620656982e-01
-9.959649425547475454e-01
-3.504116146872189863e-01
-7.028989314208502481e-01
4.183873470868834654e-01
3.621862974054841922e-01
-3.354977192429285937e-01
