-9.214269731054747226e-01
-6.392935530684387135e-01
-5.428743349387837869e-01
1.740972036896939329e-02
1.000000000000000000e+00
8.448148943549806944e-01
-9.461421683820756545e-01
-1.000000000000000000e+00
-9.325609758329269638e-01
9.046735863242932885e-01
-8.938656730479570545e-01
9.287029713968030231e-01
-8.533802330254246504e-01
-5.817578353477177444e-01
5.424148581677550318e-01
7.422968674547787415e-01
1.319418191737108392e-01
1.000000000000000000e+00
-9.734840475359324286e-01
9.958599394474481059e-01
-3.936786508664509576e-02
-7.023383594682810482e-01
-9.754785394720850711e-01
9.372777388953169586e-01
9.065303362699195233e-01
2.076670102193420853e-01
-8.497742665984640009e-01
-1.000000000000000000e+00
-7.950215360906329742e-01
9.837652010972520733e-01
5.854068166506842807e-01
-9.549540862138515829e-01
-8.106083742261663838e-01
-1.051622753982954517e-02
-1.000000000000000000e+00
-9.818703015357209685e-01
-2.393656422120149507e-01
4.239220664097682612e-01
-8.734953574812724941e-01
6.179862201648331776e-01
4.864936867082961247e-01
1.000000000000000000e+00
-3.501165483098054310e-01
1.000000000000000000e+00
8.614178509517055049e-02
1.882779326516418883e-01
8.065673268562113529e-01
3.916170181824003005e-01
-6.772011054760742610e-01
1.000000000000000000e+00
7.039726321784059992e-01
1.933938859526729281e-02
-1.000000000000000000e+00
-3.625433328078146999e-01
-7.452946517511078728e-01
7.654281410439455202e-01
-3.816460605515942239e-01
1.000000000000000000e+00
4.211367751069753362e-01
8.380444547076942863e-01
4.055149604652751316e-01
-8.728301430171505615e-01
4.465450263033249323e-01
-6.319988066909237867e-01
-3.525342768068284727e-01
1.000000000000000000e+00
-9.994255382602319493e-01
-1.000000000000000000e+00
-1.000000000000000000e+00
3.403548274342440561e-01
-2.461815239307724168e-01
9.059031622651232407e-01
7.967969230592375496e-01
1.000000000000000000e+00
1.000000000000000000e+00
-2.265706456302694072e-01
-1.000000000000000000e+00
8.116191078969883232e-01
-1.000000000000000000e+00
7.345343622193999389e-01
9.290861685901132816e-01
-1.000000000000000000e+00
1.000000000000000000e+00
-1.000000000000000000e+00
3.818367269093488336e-01
9.012417251229681847e-01
5.641284474362051604e-01
8.447704769671103842e-01
1.000000000000000000e+00
8.962007219046377315e-01
-1.000000000000000000e+00
-1.000000000000000000e+00
5.501213957993197345e-01
8.544023149871307066e-01
-9.473175855703347414e-01
9.338507499067630890e-01
4.169843506755349649e-01
-9.105042959077116471e-01
-9.833987412786698856e-01
1.000000000000000000e+00
-8.218091788323733660e-02
-1.000000000000000000e+00
-8.007114238577597298e-01
3.512868349669839851e-01
-9.669791340838730376e-01
1.000000000000000000e+00
7.958076288233975060e-01
-9.442655026989761335e-01
-1.000000000000000000e+00
1.000000000000000000e+00
-2.467956908401424537e-02
-4.930000776572641685e-01
9.503476313008947240e-01
8.646687820267551228e-01
-9.335935311282917981e-01
-5.546882809823526772e-01
-9.673325155722619639e-01
9.144513671884302308e-01
-7.195720025514472651e-01
-1.000000000000000000e+00
5.736796995980296687e-01
-9.220995261018378741e-01
4.813270425301929278e-01
6.428121537859574630e-01
7.403091189849508869e-01
4.395188535360111115e-01
-9.525587455146533600e-01
-1.000000000000000000e+00
-1.000000000000000000e+00
1.000000000000000000e+00
-2.946316827228395718e-01
-4.352038065924190846e-01
4.496835025293063198e-02
-9.524342537016746713e-01
1.000000000000000000e+00
-9.756912572987715970e-01
-1.000000000000000000e+00
-6.298177508608818753e-01
8.890483611858680524e-01
8.289713043829161077e-01
-1.000000000000000000e+00
1.000000000000000000e+00
9.953859994021344582e-01
-4.005213944115392222e-01
-1.000000000000000000e+00
-1.000000000000000000e+00
9.168858091341653971e-01
-6.152536296466074583e-01
9.136504274470064191e-01
1.000000000000000000e+00
-8.674267198527557676e-01
-3.895945781874254887e-02
-3.432964762939708092e-01
-1.000000000000000000e+00
-5.881707087982668281e-01
-9.971145616122938371e-01
-8.778913372996589581e-01
-9.480591418359201050e-01
2.473657096849986026e-01
-7.196999165987397751e-01
1.432573873383245211e-01
-4.324802223271211332e-01
6.716758388756061127e-02
-9.569057651091771310e-01
-8.724671871651901167e-01
1.000000000000000000e+00
-9.232409124393841093e-01
-2.850261389688574787e-01
-4.029479666936652271e-01
6.356636815343735813e-01
8.275150018288862652e-01
6.091101423082154742e-01
-1.000000000000000000e+00
1.000000000000000000e+00
-1.000000000000000000e+00
-9.759006158050718138e-01
4.210080015270264431e-01
9.622996825171743485e-01
8.855878805215663396e-01
9.704786026769937068e-01
-4.341259437761884055e-01
2.148610862006115896e-01
-6.017476037780951081e-01
-5.224702969687662346e-01
-8.264675299475209291e-01
8.899831095076575771e-01
-4.684422351594570988e-01
9.051479503536222770e-01
-1.000000000000000000e+00
4.655353008811958793e-01
-1.000000000000000000e+00
-5.755032853550244853e-01
5.608668235788727419e-01
-8.904541884481752545e-01
9.977824006802513690e-01
-1.285390708977886542e-01
-5.816779869301007544e-01
7.829713930383352949e-02
9.111304740162199378e-01
-5.277783868707345283e-01
8.745341519247196160e-01
-4.890634299805211027e-01
-6.351558492690861923e-01
-1.376965133592296109e-01
6.270132051634602632e-01
9.931964064605558473e-01
7.306874709465639717e-02
7.313842179847153124e-01
9.559823177056300247e-01
6.293535667042935433e-01
-8.248645818914740468e-01
-9.211878743247711165e-01
3.813734720694069713e-01
7.254985970758667246e-01
-6.056418149514786187e-01
-9.524903233599335550e-01
-9.742011982684992688e-01
1.000000000000000000e+00
9.453202225615456866e-01
6.595621790987957755e-01
4.752433214878672429e-01
-9.731547091560003304e-01
7.996388294312160028e-01
-6.475096307478407365e-01
-6.813936854608872995e-01
1.000000000000000000e+00
-1.000000000000000000e+00
3.780173334815734032e-01
-1.000000000000000000e+00
9.177078655678588825e-01
-9.962497767565703377e-01
1.000000000000000000e+00
8.611587616099360964e-01
-1.000000000000000000e+00
4.779901197179494132e-01
8.150698760989353309e-01
8.565899838332045046e-01
1.905506758453654748e-01
-2.923404487982672051e-01
-9.267092764202978783e-01
-9.602363991937420407e-01
-1.000000000000000000e+00
7.458931039410683361e-01
9.635760285250462021e-01
2.415599040633448491e-01
-7.148915704282963191e-01
-5.064547732294683025e-01
-3.857522179623509295e-01
9.831899452412589113e-01
-7.914345803627418352e-01
-1.000000000000000000e+00
9.654720631807722775e-01
8.819454832516987475e-01
8.649909327585506569e-01
-1.000000000000000000e+00
8.698015764766771074e-01
7.499857038055431913e-01
8.956057350348216595e-01
9.984032996293318307e-01
1.000000000000000000e+00
-9.963021950647660274e-01
6.218968697506351839e-01
-1.000000000000000000e+00
-2.156792371924592944e-02
7.067705854110371000e-01
