-1.000000000000000000e+00
2.143255526314474246e-01
8.454545322658901796e-02
-1.000000000000000000e+00
1.431754272384995197e-01
1.000000000000000000e+00
1.000000000000000000e+00
6.373394743201188373e-02
-2.884352284156517232e-01
-1.000000000000000000e+00
-5.225903299601638574e-01
-3.796409699428611173e-01
3.669336549906964673e-01
1.708566679450577996e-02
7.877389861171053553e-01
1.000000000000000000e+00
5.955726771118929896e-01
9.856029921898751267e-02
-2.701904266281129896e-01
-1.000000000000000000e+00
2.239287167589425198e-01
6.297333709630269505e-01
-8.950736205601597106e-01
3.644482211483848211e-01
-7.132242376248282278e-01
1.000000000000000000e+00
-6.677487122931482499e-01
6.392613780997578043e-01
-6.772394498563301113e-01
9.386976579967527545e-01
-1.000000000000000000e+00
3.397583917989548397e-01
1.000000000000000000e+00
1.000000000000000000e+00
-1.000000000000000000e+00
-3.294013978688212219e-04
2.814875152008795567e-01
-6.736494268470011315e-01
1.000000000000000000e+00
-1.193357182072003475e-01
-1.000000000000000000e+00
-4.981704680053416490e-01
1.000000000000000000e+00
4.555134220543162193e-01
1.165692569717391019e-01
1.000000000000000000e+00
3.150092176395816734e-01
1.000000000000000000e+00
-6.519307703909454910e-01
2.735496047157627841e-01
-9.411827451306417069e-01
-1.000000000000000000e+00
1.000000000000000000e+00
3.401242936703517961e-01
-1.000000000000000000e+00
-7.681120271348287898e-02
-1.000000000000000000e+00
8.956826637877817188e-01
-4.380409908583525747e-01
3.444712190109284339e-02
4.761293993203530306e-01
1.000000000000000000e+00
2.351245387094483275e-02
7.039917097168849058e-02
-6.622459160587605698e-02
1.000000000000000000e+00
1.000000000000000000e+00
5.093172824766265538e-01
-3.902867478642545462e-01
-4.309039415682162644e-01
9.239747707627840034e-01
7.787548178952843347e-01
1.731739568046505306e-01
-8.645702529024406058e-01
1.043458456415173180e-01
6.786138475886823729e-01
1.000000000000000000e+00
4.533922402252614781e-01
3.887099689211694908e-01
1.000000000000000000e+00
-8.288591155727154103e-01
-7.495215494748760920e-02
7.094741454466774178e-01
6.001474776461854788e-01
8.420788984921917519e-01
3.985171970132695973e-01
6.439143165969581084e-02
-8.657030994751406805e-01
1.000000000000000000e+00
-1.000000000000000000e+00
-1.641503246395190629e-01
-6.982965384058846814e-01
-1.000000000000000000e+00
-9.575102547993350477e-01
3.082734836843267767e-02
-8.694743981090700125e-01
-2.609073811846964602e-03
8.408713530981091200e-01
1.000000000000000000e+00
-3.631364544460937149e-01
-1.000000000000000000e+00
-1.711718422479871216e-01
1.000000000000000000e+00
-7.758773893264371557e-02
1.000000000000000000e+00
-1.000000000000000000e+00
-7.137005694306977621e-02
1.000000000000000000e+00
2.409210276041426624e-01
1.000000000000000000e+00
4.113307666367377879e-01
2.256779017892047434e-01
1.000000000000000000e+00
1.000000000000000000e+00
3.233402554934304562e-02
6.643259811015528316e-01
-9.591313909727395837e-01
-1.000000000000000000e+00
6.126034433536414747e-01
5.757988682995199836e-01
-1.000000000000000000e+00
1.000000000000000000e+00
-5.491728758198557436e-01
-5.103544665224782895e-01
-6.873320818774490970e-01
-8.156292754079558227e-01
1.000000000000000000e+00
1.000000000000000000e+00
-1.000000000000000000e+00
8.098556519114339380e-01
-2.261288087557454529e-01
9.619739141263252691e-01
-6.622459160587605698e-02
6.147768979057481875e-01
7.220443536334818502e-01
7.643223382794409604e-01
6.387705383863349073e-01
3.123385893206367947e-01
2.211642452422840355e-01
-8.459383996440581477e-01
-7.158086101457654671e-01
-2.423960565001597733e-01
-2.938598564566154495e-02
-5.202083399684760412e-01
-1.000000000000000000e+00
7.888631243047619090e-01
-4.857234460660576070e-01
3.529153180630640319e-01
-5.538580141474169771e-01
-4.478746183440333040e-01
-1.000000000000000000e+00
-5.104753413714867571e-01
-8.737526200735691306e-01
-1.000000000000000000e+00
-3.458534611769599476e-02
1.000000000000000000e+00
3.691689603116246055e-01
4.406568241506941819e-02
-6.957466343877044546e-02
-7.479079348754019696e-01
6.767716948354907114e-02
-1.132743396594547425e-03
-3.622667009938268512e-01
-4.447710642448355900e-01
-1.000000000000000000e+00
-6.116211839078844470e-01
-2.572779083823032442e-01
3.280256639876649727e-01
1.000000000000000000e+00
-1.000000000000000000e+00
1.000000000000000000e+00
1.000000000000000000e+00
-1.952274790566974061e-01
-3.494720219909783210e-01
4.115675736532982687e-01
1.163037420447281395e-01
6.528338411253954421e-01
-8.997572753478038088e-01
3.222653375803158360e-01
1.701453758765786861e-01
6.424007480870016495e-01
-9.802661838351323098e-01
8.807534558509414468e-01
-1.000000000000000000e+00
-1.000000000000000000e+00
-1.000000000000000000e+00
1.000000000000000000e+00
1.000000000000000000e+00
3.405451901587736030e-01
-5.161966099390297158e-02
7.984744306001623215e-01
-1.392286785422268136e-01
1.000000000000000000e+00
-9.714812431184263186e-01
4.360376186976824275e-01
1.000000000000000000e+00
8.101781129828889982e-01
-8.325656665819372582e-02
-7.994596654564564142e-01
-1.000000000000000000e+00
1.356768258818723816e-01
-9.016696397417505171e-01
-7.484971762856769129e-01
3.514438450974501915e-01
-3.150714606404099172e-01
1.000000000000000000e+00
1.596641942698566463e-01
1.000000000000000000e+00
3.543747739842818545e-01
3.145309293656666227e-01
-9.827247833761459939e-01
7.360390561770139284e-01
1.000000000000000000e+00
9.540223701208784268e-01
-2.659476967240115286e-01
-4.116168431670246819e-01
-2.796343774137256821e-02
-7.089941090302138704e-01
-3.806163736340545944e-01
1.000000000000000000e+00
-1.000000000000000000e+00
1.000000000000000000e+00
-6.911315258273206252e-01
1.000000000000000000e+00
1.000000000000000000e+00
-6.842175924560622846e-01
-1.471754634379285887e-01
3.464593589405547819e-02
-2.949862878757790186e-01
2.045769622537801230e-02
-1.000000000000000000e+00
-1.000000000000000000e+00
1.093046686041882903e-01
-1.000000000000000000e+00
-7.587422981227727459e-03
-2.694851390876422670e-01
-6.354773845212802197e-01
-6.757957650374546432e-01
3.380653555666850996e-01
1.000000000000000000e+00
-1.000000000000000000e+00
-3.362961809541683555e-01
1.000000000000000000e+00
9.421452844035070884e-01
9.419167407573485473e-01
-1.852975956566128013e-01
-9.954522555636435843e-01
9.363797782852462115e-01
-1.000000000000000000e+00
-1.000000000000000000e+00
-1.000000000000000000e+00
-5.713671944993697904e-01
4.879136384525291636e-01
-5.283887344100512973e-01
6.365726435127033733e-03
-3.740463203828429117e-01
9.816058424677391869e-01
-1.000000000000000000e+00
1.000000000000000000e+00
9.296510620699312000e-01
1.916947241281832803e-01
-1.000000000000000000e+00
1.436165254903743471e-01
-4.518330802255925149e-02
9.968225480746248923e-01
