

gen best mean std gain diversity
0 -14.233333 -78.69 21.944289 -14.233333 0.57735
0 4.366667 -42.576889 28.572655 -14.233333 0.571647
1 4.3 -32.07 30.620529 -33.666667 0.533768
2 4.5 -32.304667 30.935017 4.5 0.573449
3 4.5 -26.058444 29.501604 -14.233333 0.5632
4 4.5 -26.737111 28.565623 -14.233333 0.492789
5 1.733333 -22.121333 24.62643 -14.233333 0.502067
6 4.533333 -22.594667 26.969341 4.533333 0.453526
7 4.533333 -17.219111 20.349808 -14.233333 0.385311
8 4.533333 -26.052889 29.849626 0.766667 0.367757
9 24.3 -23.257333 28.19609 24.3 0.270105
10 24.3 -20.844667 25.544956 -14.233333 0.174893
11 24.3 -20.378889 33.629802 11.133333 0.177933
12 24.3 -17.968889 33.823486 -14.233333 0.183675
13 24.3 -13.65 32.356376 -14.233333 0.193465
14 24.3 -9.505111 28.890366 1.033333 0.220783
15 24.3 -14.008667 30.679517 -14.233333 0.403143
16 24.3 -14.487778 31.698923 -26.366667 0.462104
17 24.3 -14.335778 31.833085 -26.366667 0.529159
18 24.3 -9.424889 24.344709 -5.866667 0.540696
19 24.3 -10.452889 25.486391 -33.333333 0.49947
20 24.3 -10.491556 30.140139 -12.5 0.523771
21 24.3 -11.019333 30.50163 10.966667 0.475684
22 24.3 -9.35 26.415393 -12.5 0.495064
23 24.3 -10.835556 29.341167 3.433333 0.494937
24 24.3 -8.516222 24.848608 -25.666667 0.468076
25 24.3 -10.439333 30.313895 -25.666667 0.466086
26 24.3 -9.593556 29.156125 4.966667 0.405522
27 20.9 -7.735778 26.812815 20.9 0.397749
28 20.9 -9.508 28.22899 2.566667 0.409494
29 20.9 -9.918667 31.172359 2.166667 0.409586
30 20.9 -6.308889 23.758173 3.266667 0.538682
31 20.9 -11.326667 29.591102 6.4 0.538926
32 19.533333 -11.388889 29.458271 8.433333 0.535584
33 19.533333 -10.309556 26.940267 12.166667 0.604051
34 19.533333 -8.744222 25.176753 -58.4 0.566494
35 19.533333 -9.975556 29.507044 7.6 0.518825
36 19.533333 -10.549111 32.494704 6.4 0.52591
37 19.533333 -11.301778 31.64585 -58.4 0.527325
38 19.533333 -12.169778 31.2362 -0.033333 0.514362
39 19.533333 -9.892222 27.25107 0.566667 0.49346
40 25.433333 -12.675556 31.668953 25.433333 0.523501
41 25.433333 -8.338444 27.570142 6.4 0.4806
42 25.433333 -6.537778 25.850692 -47.766667 0.460333
43 25.433333 -7.232889 29.760491 10.8 0.462059
44 25.433333 -9.876667 31.493287 10.033333 0.469017
45 23.466667 -8.802667 26.648931 23.466667 0.492161
46 23.466667 -12.130667 29.489189 -52.666667 0.534323
47 23.466667 -8.622667 24.919267 7.233333 0.451457
48 23.466667 -10.351556 26.886398 9.2 0.484419
49 23.466667 -8.611556 26.277404 7.233333 0.488281
50 23.466667 -7.319111 26.493576 2.5 0.442977
51 23.466667 -8.644444 29.552272 2.5 0.446404
52 23.466667 -5.496222 26.494225 8.266667 0.436398
53 23.466667 -2.584444 22.243051 14.3 0.417891
54 23.466667 -7.372222 29.222407 3.4 0.45552
55 23.466667 -8.016889 30.086074 12.833333 0.433051
56 23.466667 -6.114444 30.180023 3.233333 0.428578
57 22.966667 -4.599778 27.026745 -1.6 0.428226
58 22.966667 -4.269333 24.672339 -1.6 0.438306
59 22.966667 -10.172222 32.073963 3.033333 0.463942
60 22.966667 -10.981111 31.542651 2.5 0.531998
61 19.9 -12.083556 31.203621 2.5 0.582121
62 19.9 -9.623111 27.827123 -37.033333 0.585221
63 16.266667 -9.655111 26.135054 10.666667 0.546841
64 16.266667 -9.763556 26.343466 5.166667 0.530033
65 14.3 -7.690444 26.207068 -58.4 0.50107
66 14.3 -5.390444 24.032182 3.233333 0.505499
67 14.3 -7.260889 28.116736 5.166667 0.494059
68 13.6 -8.417333 27.797371 5.633333 0.512358
69 13.866667 -6.721111 25.356259 13.866667 0.503601
70 14.633333 -5.652222 27.097035 14.633333 0.474848
71 14.633333 -4.384667 22.026201 4.033333 0.50937
72 18.1 -6.741778 27.533546 -4.233333 0.550627
73 18.1 -6.180222 26.214789 5.166667 0.479739
74 18.1 -7.711111 29.425889 12.633333 0.490892
75 18.1 -4.755556 23.739456 -16.833333 0.512137
76 18.1 -10.125778 28.524521 6.4 0.573642
77 27.5 -6.567778 24.331486 27.5 0.546526
78 27.5 -8.442889 29.379719 9.433333 0.561551
79 27.5 -5.557556 26.103462 -11.133333 0.527698
80 27.5 -5.094889 26.533395 3.233333 0.537564
81 27.5 -3.240444 25.989582 2.933333 0.517373
82 27.5 -4.918444 27.976141 19.133333 0.540632
83 27.5 -5.886222 31.203233 5.866667 0.554142
84 27.5 -4.641556 28.638817 20.1 0.553738
85 27.5 -4.336444 28.36047 5.0 0.559957
86 26.166667 -7.384 30.903762 -1.7 0.556231
87 26.166667 -4.018444 27.645048 0.066667 0.566582
88 26.166667 -4.004889 24.858977 9.766667 0.570364
89 26.166667 -5.762222 29.028796 19.933333 0.563309
90 26.166667 -7.026444 28.762356 16.6 0.621455
91 33.933333 -7.232667 30.152215 33.933333 0.607204
92 33.933333 -8.852889 33.12535 7.866667 0.619874
93 33.933333 -7.731778 32.010292 7.866667 0.590141
94 33.933333 -8.996222 31.339793 16.6 0.627893
95 33.933333 -7.721556 27.870902 0.866667 0.608438
96 33.933333 -10.135333 33.07163 -6.8 0.592873
97 33.933333 -5.596889 26.57145 -0.166667 0.608278
98 33.933333 -11.164 32.885996 0.066667 0.598567
99 33.933333 -10.161111 32.801641 -24.366667 0.622732
100 33.933333 -6.924889 30.36666 16.333333 0.585292
101 33.933333 -5.465333 32.528121 0.066667 0.589641
102 33.933333 -6.355556 31.829972 5.4 0.574435
103 33.933333 -5.632889 31.913168 8.3 0.592954
104 33.933333 -7.976889 36.804587 7.366667 0.597877
105 33.933333 -9.944889 36.170711 9.466667 0.651435
106 33.933333 -9.184889 32.760149 13.333333 0.662424
107 33.933333 -11.358 35.00347 14.766667 0.654474
108 36.966667 -11.129778 33.462559 36.966667 0.659654
109 36.966667 -10.757333 35.609634 4.366667 0.631767
110 36.966667 -10.042667 35.953779 5.566667 0.657113
111 36.966667 -9.002 35.195408 26.633333 0.644527
112 36.966667 -9.936 36.334135 11.533333 0.674962
113 36.966667 -4.394222 30.989734 15.1 0.650556
114 36.966667 -11.932444 37.854302 36.966667 0.633125
115 36.966667 -4.681556 30.2911 10.033333 0.636003
116 36.966667 -8.157333 35.874755 10.366667 0.646415
117 33.933333 -5.406444 29.676163 10.366667 0.61487
118 33.933333 -10.159556 35.584379 10.366667 0.63635
119 33.933333 -5.629778 32.281022 4.366667 0.634252
120 33.933333 -8.574667 32.769637 7.366667 0.653338
121 33.933333 -13.692 37.327092 9.266667 0.660545
122 33.933333 -5.633778 30.571667 10.066667 0.644636
123 33.933333 -5.428222 29.115954 -12.5 0.64236
124 33.933333 -6.182 28.478672 0.066667 0.611586
125 33.933333 -9.361556 34.751312 1.433333 0.610072
126 33.933333 -8.049778 31.950007 12.866667 0.611025
127 33.933333 -8.997556 33.60137 9.666667 0.60815
128 33.933333 -5.145333 30.571637 4.433333 0.625307
129 33.933333 -6.058889 33.129329 0.166667 0.615358
130 33.933333 -8.519778 31.294225 14.6 0.612692
131 33.933333 -4.859111 31.519737 -1.9 0.602792
132 33.933333 -6.913333 31.3994 19.266667 0.61914
133 33.933333 -6.569333 32.328991 14.6 0.595066
134 33.933333 -5.658667 29.502803 10.7 0.612489
135 33.933333 -9.630889 30.999601 -14.233333 0.632043
136 33.933333 -10.854222 34.131831 10.7 0.658344
137 33.933333 -10.436 33.437392 -47.766667 0.679035
138 33.933333 -9.004 29.595466 0.066667 0.647715
139 33.933333 -8.574222 29.47924 0.066667 0.643299
140 33.933333 -13.402222 35.397601 0.166667 0.640982
141 33.933333 -11.136444 32.893738 5.233333 0.630322
142 33.933333 -10.900889 31.340297 10.033333 0.645654
143 33.933333 -16.351778 38.276598 18.4 0.646453
144 33.933333 -9.069111 35.45785 33.933333 0.638234
145 33.933333 -8.218444 33.415575 10.033333 0.637292
146 33.933333 -12.121333 33.770667 -4.233333 0.659307
147 33.933333 -6.530889 30.114334 14.566667 0.618943
148 33.933333 -12.904667 33.83506 -14.233333 0.622161
149 33.933333 -13.767556 38.890942 8.766667 0.666122
150 33.933333 -10.675333 30.110249 -30.566667 0.656017
151 33.933333 -11.630667 32.79404 4.366667 0.672295
152 33.933333 -12.435111 33.536332 -25.666667 0.668757
153 33.933333 -8.216222 30.37001 3.233333 0.648742
154 33.933333 -15.609778 34.191552 -22.166667 0.672915
155 33.933333 -14.029111 34.009866 6.7 0.671104
156 33.933333 -9.500444 30.908902 -4.233333 0.640612
157 33.933333 -7.750444 30.278421 -10.166667 0.637081
158 33.933333 -8.194889 28.98404 7.466667 0.651547
159 33.933333 -7.924667 30.236412 7.866667 0.63065
160 33.933333 -8.827111 29.896326 4.966667 0.648297
161 33.933333 -13.628 35.331084 -10.166667 0.701922
162 33.933333 -12.309111 36.845727 9.166667 0.681601
163 33.933333 -8.265556 32.197094 5.0 0.655647
164 33.933333 -11.576889 34.500855 12.633333 0.661263
165 33.933333 -10.331111 29.601069 8.2 0.677515
166 33.933333 -13.805111 35.828304 -4.233333 0.695046
167 33.933333 -17.001111 37.62728 -49.733333 0.71635
168 33.933333 -11.462 31.269102 19.766667 0.681503
169 33.933333 -13.157778 33.172588 4.366667 0.686615
170 33.933333 -14.512889 35.29316 -2.3 0.69287
171 33.933333 -12.293778 32.930212 4.366667 0.672073
172 33.933333 -7.740889 31.021042 -6.7 0.6429
173 33.933333 -8.993111 34.768768 3.233333 0.660506
174 33.933333 -9.820667 31.619223 10.033333 0.651375
175 33.933333 -11.975778 34.062213 -14.233333 0.645721
176 33.933333 -9.660444 33.454094 4.966667 0.657274
177 33.933333 -11.884 38.234041 16.6 0.658206
178 33.933333 -13.539778 34.667767 11.133333 0.671205
179 33.933333 -9.629111 32.877404 6.1 0.649469
180 33.933333 -8.081111 29.359327 6.1 0.664239
181 33.933333 -11.502222 31.98827 11.0 0.697071
182 33.933333 -12.259111 31.639203 33.933333 0.700759
183 33.933333 -11.792889 35.035797 -34.666667 0.701521
184 33.933333 -9.237778 30.146868 7.266667 0.711001
185 33.933333 -9.790667 36.607708 4.366667 0.693138
186 33.933333 -9.928 33.370621 -30.566667 0.680932
187 33.933333 -6.87 31.446276 14.3 0.677029
188 33.933333 -9.114667 36.078047 16.933333 0.663645
189 33.933333 -11.029111 37.360489 -30.566667 0.673722
190 33.933333 -7.463333 29.472891 6.1 0.639883
191 33.933333 -8.787778 32.062542 4.366667 0.67136
192 33.933333 -10.998444 37.452446 12.966667 0.679851
193 33.933333 -5.924889 30.939012 6.1 0.674712
194 33.933333 -6.383556 31.777909 -30.566667 0.65383
195 33.933333 -9.504889 32.967312 7.0 0.677922
196 33.933333 -13.863556 36.943441 11.066667 0.713296
197 33.933333 -15.610444 37.429786 8.766667 0.698849
198 33.933333 -13.418 36.658073 4.366667 0.676795
199 33.933333 -16.579111 37.862378 5.0 0.680329