2.980662738537237511e-01
-6.317316468621381187e-01
-8.383306344929400411e-02
-3.134891708076584793e-01
-2.754283450473878347e-01
7.448502972329172911e-01
1.958997546888423535e-01
-7.207623849768537427e-01
-6.853532007502083356e-02
8.109583343445917469e-01
3.362854224470849807e-01
-3.347499152352533258e-01
-1.408493300296736195e-01
2.928926791893783910e-01
6.317755506583574432e-01
-1.347839902693592773e-01
4.155881109296577502e-02
-6.864247927130746607e-01
6.752829660005388313e-01
7.280469014639001646e-01
-3.942694388659697680e-01
5.993653613410154790e-02
-7.155844221768583591e-01
2.915594155052581016e-01
1.853105885016375631e-01
-1.913963880687941099e-01
1.000000000000000000e+00
7.376346128235129473e-01
3.932935239721180865e-01
2.322018236026190952e-02
4.267632681555418861e-01
3.618955541736824655e-01
-4.597116378753398624e-01
-1.373930140144054846e-01
-9.916175473184071221e-01
5.195102657795684920e-01
1.000000000000000000e+00
-6.316816130458543510e-01
-9.495748801725873989e-01
6.232363210002278553e-01
-9.769673016441933200e-01
-8.135534622557415441e-01
-5.056180909701679660e-01
-1.000000000000000000e+00
6.848787037631705044e-01
-2.537239395560820787e-01
1.422608954230403233e-02
-3.724538074627986584e-01
2.538506289922981551e-01
7.759995233948210891e-02
1.000000000000000000e+00
1.679757498835352525e-01
-5.507779094026521438e-01
-8.489984930119355289e-01
1.979876925053414283e-03
8.364360888284727569e-02
-1.037638939689378703e-01
2.043225226901086433e-01
6.338557493790974995e-03
3.074453504900908074e-01
1.680512930702630081e-01
-1.238259022305193691e-02
-3.370342609371225207e-01
-6.935149693685469519e-01
-3.351839185905517438e-01
-5.757892187580949672e-01
-1.988924933913117088e-01
3.627277975087273010e-02
5.340486867842295649e-01
-7.209504324480465742e-01
5.232334754243626040e-01
-1.098919768122089413e-01
1.955030358514853184e-01
-2.735324086791790510e-02
-6.002322859457038806e-01
3.859129792685991323e-01
3.891635768379395621e-01
7.011709236853890248e-01
6.907701156755526872e-01
-4.196107266567699057e-01
-1.204508051777675171e-01
-1.348734146511260112e-01
-5.109989449957850205e-01
1.451134880505500213e-02
1.206524663212471538e-02
-1.934080699779641144e-01
9.656837232787554015e-01
4.270449188945583119e-01
-4.710367006925486599e-01
-1.000000000000000000e+00
-6.554515131800550121e-01
-5.719940342526289578e-01
-5.338567324852645513e-01
-3.493847557831417650e-01
7.986003701512397468e-01
4.020209835839221868e-01
-3.621882715839057632e-01
1.000000000000000000e+00
1.600550341989939174e-01
2.811877378226947388e-01
2.446110067064876104e-01
1.859200913190345306e-02
-4.549495629123840867e-01
-3.906063056615226015e-01
-5.022067837977539639e-01
8.263905641951148073e-01
2.304216947322786091e-02
-4.737749628265904289e-01
-4.136422685917994779e-01
2.792762854405347328e-01
-9.139135501545142537e-01
6.532832463907800591e-02
1.617052966044788542e-01
-6.027256844951960346e-01
-3.246060209499052052e-01
-4.669039849267997422e-01
6.679672610639583175e-01
1.081586449081233248e-01
4.916386653728733735e-01
-4.961826428902271768e-01
-8.554975712448973368e-01
-3.397819851175493122e-01
8.665062028064929311e-02
1.000000000000000000e+00
-9.360192997674494642e-01
-1.240000745617100275e-01
2.621796551765559480e-01
3.345403067678036635e-01
3.781631139650691864e-01
6.017658294672719732e-01
6.776683917976982219e-01
3.855475585980034370e-01
-1.908577694491508936e-01
-9.930415923921172006e-01
-1.415389688349639741e-01
3.175916424959721041e-04
5.737980538774506423e-01
-6.193949960959610479e-01
3.462130111625419948e-01
-7.141893342317306992e-01
7.798316068573378779e-01
3.757431074315287223e-01
3.856287699137502800e-01
-3.718640434252297178e-01
-4.861152825475754113e-01
5.432519589870166143e-02
-2.097264860009054876e-01
1.857744100760617134e-01
-2.937156776893216636e-01
-1.452169149945324866e-01
-6.841964140244187753e-01
8.583679290647619475e-02
6.879770086057006573e-01
-9.676930498642547507e-01
-3.867897715281051196e-01
-6.864394412425827152e-01
-2.944229949452040751e-01
-3.291057632777698028e-01
1.000000000000000000e+00
-5.142109412600863738e-01
3.924552903164159057e-01
-6.843585678949211104e-01
-1.206524663212471538e-02
-2.255758514387603553e-01
1.210255034307377436e-01
-1.800548861996593974e-02
4.874246583968869784e-01
4.056550257182268138e-01
-3.989398896551586970e-01
-7.113671448183833679e-02
-6.846915197410035070e-01
-1.560312264508969538e-01
-3.736852879593912657e-01
3.218465153868170225e-01
5.427219734643657922e-01
5.479775223437481912e-01
2.274790837478306571e-01
-8.567612783569209522e-01
-3.068554798913016857e-01
-3.444044908392556170e-01
8.893368986198205151e-02
1.000000000000000000e+00
-1.679052561141192168e-02
1.000000000000000000e+00
-5.844577448289935973e-01
-7.633987211478777679e-01
2.585670618577224356e-01
3.409457352193620006e-01
1.989052429735010952e-02
9.233003210503742952e-03
6.350421072122489630e-01
8.484550633586620538e-01
-1.000000000000000000e+00
2.706919692771980746e-02
-3.188890723525417137e-01
-5.242463680026008266e-01
-4.022211199393735948e-01
1.000000000000000000e+00
-1.249376993921145207e-01
-6.366063895671328909e-01
-4.526841007784647708e-01
-1.000000000000000000e+00
-3.484602043299534491e-01
4.952131765184081269e-01
-1.901790606738815170e-01
-3.388086343428176050e-02
-4.883153010099258728e-02
2.939979431745465277e-01
4.101729265549491910e-02
-1.505006392612127097e-01
-4.928195628199587008e-01
-2.984553894324573076e-01
1.503166563660706112e-01
9.972300108661351636e-01
2.045780807540092949e-01
2.159830816294699696e-01
7.703086331885645732e-01
-6.743928105366091552e-01
-2.392406897440730040e-01
-7.578081866230287345e-01
-6.896707273617581624e-01
-5.274140807441221601e-02
2.954499958255657477e-01
4.637374169192676199e-01
-2.633716000134102009e-01
3.769815113206131385e-01
2.084516569236263273e-01
5.673926476773741290e-02
6.855293914175596415e-01
2.261031537578153672e-02
3.483336275275515925e-01
-5.114501356526373055e-01
1.091834151625841742e-01
-4.178175958702385895e-01
-1.000000000000000000e+00
-1.616030013057808690e-01
2.113186164036808812e-01
2.484755651436433288e-01
-7.334491903483228992e-01
4.506345707827962288e-01
-8.611778916753730639e-01
1.834135032083660244e-01
1.448625377567882844e-01
-1.392954754536384065e-01
4.404340894178392363e-01
-5.854718376602093821e-01
6.030523292155722803e-01
-1.830350524107391408e-01
5.852829196489204300e-01
9.601050781060419537e-01
-1.244198095857607100e-01
1.467200618030899406e-01
-3.612298972250828077e-01
-5.133564605914250345e-01
8.981084790581141952e-01
1.032230509229706689e-01
1.811338004521333422e-01
-7.289271776112495882e-01
6.679372729960839639e-01
2.067845961266396859e-01
6.249395398104653498e-01
-4.234571690543498246e-01
4.736735381162402447e-01
-1.050009517437505147e-01
-6.832924785819097790e-01
