2.130637620740489235e-01
-4.518633861948385955e-02
-5.244628586942794435e-01
-8.331776161605747300e-01
1.627994881413575845e-01
-3.139921881235662737e-01
-2.745939582268051571e-01
7.303668201191709786e-01
2.360539705854554360e-01
-2.346782820715649642e-01
-8.848951732785316493e-02
1.000000000000000000e+00
-5.573988297060971098e-01
6.609912454655726410e-01
-1.167855473263515048e-01
7.560997606555495965e-02
-4.596359231583770771e-02
8.332781400516333647e-01
-9.573456163182869627e-01
1.019250615940405919e-01
-1.704021874776080747e-01
1.260513065230250140e-01
8.881307876980061300e-01
1.000000000000000000e+00
4.763187387194203239e-03
9.561133402440702422e-01
-7.398923889293568257e-01
1.567165422038300227e-01
5.787506221352992641e-01
5.282887484612892592e-01
-4.918689974528613340e-01
-3.245519632343091265e-01
-9.730676782653624457e-02
5.812402780494997367e-01
-1.000000000000000000e+00
-5.617735388446228884e-01
9.059000030381026969e-01
2.923659517969948163e-01
-8.406202193971422376e-02
1.532437118385676644e-01
-1.040664520940920434e-01
-7.724797757439431090e-01
-2.607151681017660927e-01
2.759278360332639846e-01
-6.064024755593819260e-02
1.208983136716328538e-01
-4.194602365595457294e-01
4.009079605826328940e-01
-2.552884682658899118e-01
2.703459503534761943e-01
1.577346214039899719e-01
3.976549278170807278e-01
1.000000000000000000e+00
-1.554787283961966970e-01
5.105139598522486777e-01
4.093852420441210227e-01
3.081394428742846858e-01
1.000000000000000000e+00
7.480937651287588031e-01
-4.680862918684745022e-01
-6.148960844540803938e-01
-8.806258971156016857e-01
6.475727552369213713e-01
-7.021420024836305673e-01
2.370584160591251432e-01
-9.963499814696895607e-01
-5.234288557099474326e-02
-9.878353168786530025e-01
-4.627957173087993703e-01
-8.376718730147739711e-01
-3.199904244929234198e-01
8.924249077360548732e-01
-4.500794456284175626e-01
3.421842500421546363e-01
5.797298752474114858e-01
-1.632501011890763742e-01
9.549778544768564581e-01
3.207091816789129912e-01
1.000000000000000000e+00
2.190454180307176979e-01
2.917536751677125562e-01
1.000000000000000000e+00
1.000000000000000000e+00
5.828436296961116980e-01
1.195012979466992947e-01
1.000000000000000000e+00
3.752445820122095599e-01
3.540424568647078385e-02
1.461194497043630247e-01
3.602299672731837932e-01
6.357685832496158262e-01
3.152494228783376817e-01
4.806762217532445369e-01
8.151425030420542672e-01
-2.567684413192191095e-01
9.242868159546414608e-01
-9.826923570414239917e-01
2.085487043247077066e-01
-1.000000000000000000e+00
-6.849498430545389871e-01
-4.390956650011621498e-01
4.959974969106190623e-01
-5.675069505735476083e-01
-9.912427353213444370e-01
-3.846474054997535141e-01
1.408872313239695473e-01
1.466369135464029028e-01
6.630042879872534156e-01
3.172379146355118196e-01
8.221682077030135760e-01
3.434892349138893297e-01
8.491296089926665402e-01
7.888172993520374821e-01
1.000000000000000000e+00
1.000000000000000000e+00
-9.255100565208188024e-02
6.821456424792503304e-03
6.104939370798115883e-01
9.499918727786937911e-01
-2.573840966649644235e-01
6.224502155255470237e-01
-6.271526848704375157e-01
6.608064869455559931e-02
-8.950360450803953594e-01
-5.081989577704639771e-01
-6.760038890555823965e-01
-5.252028879702631547e-01
1.259406983570069694e-01
1.137951148009032909e-01
8.890294766626334333e-01
-1.000000000000000000e+00
2.335049221547001175e-01
6.344390339338696894e-01
-7.246388336997626745e-01
-7.440096663088305862e-01
-8.839346531875721391e-01
-2.826747384634497040e-01
4.951702363845099097e-01
-8.878173571816218024e-01
8.921813419014745783e-01
-2.170416543031549253e-02
4.011644656300631384e-01
6.969283304879492214e-01
-3.380032512013023127e-01
-9.479023525811942630e-01
-3.793298988477277200e-01
-6.849155103510513598e-01
-8.611078486638283902e-01
-6.846685449910018262e-01
-4.105093843147836208e-01
1.809072237328766541e-01
-4.723501386243472711e-01
-2.334414589839146348e-01
8.984545418901337399e-01
-7.343493485993431991e-01
2.617822067547169729e-01
7.524436481235760033e-01
5.092585803187249516e-01
-2.585469063236888188e-01
5.735059533643943608e-01
-4.163440471259320930e-01
1.286601645911433223e-01
-9.565342584106243384e-01
-2.437274995998440219e-01
4.604138331686157826e-01
-9.568487453581255853e-01
-1.646684617917008875e-01
-6.803083467084951597e-01
-3.872552538511960796e-01
-1.246460297767438274e-01
1.000000000000000000e+00
1.458164689762790900e-01
2.739384490232907310e-01
3.659281053957460506e-01
5.883091973121549190e-01
6.479578781981356617e-01
8.464061616077035444e-01
1.000000000000000000e+00
-1.468196170910802956e-01
-7.814203153810025948e-02
-7.313548463266859034e-01
-7.992100084463193976e-01
-1.000000000000000000e+00
-3.655836812654076340e-01
2.698393667886380687e-01
-8.405140950726521787e-01
3.762330824114715755e-01
7.546351289628258630e-03
7.915473162958697184e-01
-6.383694014152901941e-01
-1.000000000000000000e+00
9.652971774846044184e-01
3.616803250445115303e-01
8.528795301016184327e-01
7.477617450706031121e-01
-2.259451499057455459e-01
-2.829665829847173297e-01
3.415841501976333849e-01
-1.712170433472773590e-01
1.000000000000000000e+00
9.720990407417513524e-01
-7.475195722232875761e-01
9.055647278098744035e-01
5.786951809241563938e-01
6.804429248438309541e-01
7.085972177573809372e-01
-7.028721124098962214e-01
-1.000000000000000000e+00
8.469257369831436622e-01
-1.000000000000000000e+00
-3.221418211652077312e-01
8.350392273197047854e-02
-8.896624673770239244e-01
2.287339872820005338e-01
2.969019916151653948e-01
-1.000000000000000000e+00
3.899356448138044939e-01
-2.508666842656929186e-01
9.052118461528159132e-01
-7.211085242684882601e-01
-2.305752359453238642e-01
5.739188925043922085e-01
-3.245074158346755722e-01
-1.000000000000000000e+00
-5.614461303457994878e-01
6.546956993788989321e-01
3.395416872345275935e-03
3.788905751532012367e-01
2.954849971835975531e-01
5.058516871316137697e-01
4.431854213818111066e-01
3.120458933063180451e-01
-3.174918167935805169e-01
1.289455350198321498e-02
-9.016777996961400365e-01
-1.000000000000000000e+00
9.520794360839329729e-02
5.971704056349890211e-01
7.039162464980411871e-01
-2.065028599153235500e-01
-4.925058237882810053e-01
-3.788626037645583811e-01
-7.301768057877469076e-01
9.444972497438481884e-01
2.517593149552776466e-01
-2.842208698182658311e-01
7.213644777416904352e-01
1.000000000000000000e+00
-7.892485462630258741e-01
-3.765936057484358668e-01
1.184941865712946935e-01
4.144319185318410814e-01
2.785890006051603418e-01
8.886729587785263673e-01
7.323369842224431991e-01
-2.187366795572502076e-01
-3.213139071415146986e-01
3.747460869835123054e-01
9.280765188385042830e-01
5.369209469140628910e-01
2.672492660720507951e-01
9.967192998712632868e-01
-2.416905895493069445e-01
-5.240038788989751506e-01
-1.000000000000000000e+00
