-2.694012301692905176e-01
7.972458322269744269e-01
-4.401256446614927320e-01
4.699102288429526375e-01
-1.000000000000000000e+00
-1.000000000000000000e+00
4.826067704492041366e-01
1.000000000000000000e+00
-4.697317595573240467e-01
5.967988523489325958e-01
-6.941246533222742432e-01
-1.397113110999801955e-01
8.350724417829258339e-01
-4.902563052273741784e-01
-6.527452741898769339e-01
-8.574034301819416504e-01
-2.807465666701513540e-01
-8.497023246158338372e-01
6.641095213325978186e-01
4.708779924447914489e-01
-1.410554039956889438e-01
1.000000000000000000e+00
-4.528237142708152474e-01
1.000000000000000000e+00
1.000000000000000000e+00
-9.617665348180954865e-01
1.000000000000000000e+00
1.000000000000000000e+00
-4.003150671201810562e-01
6.065491659344530717e-01
1.000000000000000000e+00
-4.024342708703146920e-01
-1.000000000000000000e+00
-1.000000000000000000e+00
8.390978965028654812e-01
-8.832415918679936695e-01
9.891439660984463478e-03
6.050330102177048364e-01
-4.924485037565895507e-01
-1.000000000000000000e+00
9.271301224263532870e-01
-5.164707838087817526e-01
-5.090907147347867312e-01
1.000000000000000000e+00
8.315671387573190243e-01
8.379226782797682960e-01
-5.649686464096238536e-01
-4.918440875142009450e-01
-1.000000000000000000e+00
3.800450455096846536e-01
-1.000000000000000000e+00
7.023983264699701357e-01
-2.428252758233331587e-01
-1.000000000000000000e+00
-1.000000000000000000e+00
9.142071045184161360e-01
-3.483750727237300837e-01
1.000000000000000000e+00
-3.895091443848400226e-02
-1.000000000000000000e+00
6.127237110767006500e-01
5.998576955467926908e-01
-6.379407277464369530e-01
1.000000000000000000e+00
6.111123085836006608e-01
-6.376361927602636204e-02
3.061638260360273200e-01
-1.819240424446800786e-01
-1.707442754294785647e-02
7.197251888195509428e-01
1.000000000000000000e+00
8.775013551992163485e-01
8.779584279111666278e-01
1.000000000000000000e+00
-3.767691087842225395e-01
7.856927649635581101e-01
-8.854753330520490628e-01
7.104048049466018533e-01
-9.625443499230371680e-01
1.000000000000000000e+00
1.000000000000000000e+00
3.160746284879755175e-01
-3.432893488424582085e-01
2.755530862174667139e-01
-5.090050674649622131e-01
1.673138797862447347e-01
9.102635842058492965e-01
7.104048049466018533e-01
2.224308413739291002e-01
-6.849022832539672367e-02
-7.194238591202750666e-01
5.030263804011496642e-01
-7.926596096439664230e-02
-1.000000000000000000e+00
5.106910435616998645e-02
6.569391542697946562e-01
-1.000000000000000000e+00
2.916013817712030942e-01
-9.708512717914898893e-01
-2.872692184409421090e-01
7.367580544426715061e-01
-4.370049404070575072e-01
-1.000000000000000000e+00
-9.732658679866430518e-01
-1.000000000000000000e+00
6.398197353329070358e-01
1.000000000000000000e+00
9.076778255361612757e-01
2.663136398412622174e-01
-4.729507581296300001e-01
-1.000000000000000000e+00
-1.000000000000000000e+00
-2.590146703857347243e-01
7.705744782791673630e-01
-8.449862040569542376e-01
-7.314873947319575631e-01
3.609993077060825728e-01
8.762687582517740825e-01
-8.151350808569146622e-01
7.032837364206038222e-01
7.398576245987165123e-02
-7.104048049466018533e-01
-3.468624761655104694e-01
-3.039646325158118501e-02
8.186277222097557149e-02
-1.447896668516964747e-01
1.000000000000000000e+00
-1.000000000000000000e+00
-3.730891414924193406e-01
-1.000000000000000000e+00
5.430890657346075789e-01
1.663487055151975369e-01
-6.340522659315268594e-01
1.000000000000000000e+00
-1.000000000000000000e+00
4.710940104845161014e-01
9.766047200526443151e-01
-1.713154469982600681e-01
-2.021806089067860468e-01
4.195014379166344676e-01
-1.000000000000000000e+00
-8.866830091822562876e-01
4.852067586257647891e-01
-1.000000000000000000e+00
2.563561719429947039e-01
1.000000000000000000e+00
2.603095627041877025e-01
-1.384394614629275155e-01
9.678785538365540786e-01
-1.000000000000000000e+00
1.000000000000000000e+00
-1.000000000000000000e+00
1.000000000000000000e+00
8.299116174280644076e-01
-5.554293316653395873e-01
2.354668939544279915e-01
-1.388913379328126085e-01
3.810836038556998928e-01
-1.811937521350968083e-01
-1.000000000000000000e+00
-7.796230627360827281e-01
-2.494943260125056517e-01
5.509553902559214400e-01
7.327407350681169884e-02
-1.000000000000000000e+00
-1.000000000000000000e+00
-1.414495807968143559e-01
-4.031625704541504929e-01
-1.557922528831300335e-01
1.000000000000000000e+00
-1.000000000000000000e+00
5.305185850053918684e-02
-3.582388657813164179e-01
5.990744936537717447e-01
1.000000000000000000e+00
4.716382453221886761e-01
5.885083870056361244e-01
-2.576920883374818616e-01
-5.394207479545858330e-01
-3.449131329354563347e-01
6.582612490539144767e-01
-1.000000000000000000e+00
-3.788707206553666995e-01
-5.590189657114041921e-01
-5.831010318364059364e-01
9.400549200485981416e-01
-5.412932082044987769e-01
-6.191672784661333973e-01
-9.956439299509294294e-01
1.000000000000000000e+00
1.000000000000000000e+00
-1.000000000000000000e+00
2.077971099570189994e-01
-4.221823743761857206e-01
-1.000000000000000000e+00
-6.880012878738148707e-01
-1.000000000000000000e+00
1.000000000000000000e+00
9.185653833282354519e-01
2.191838812852048290e-02
1.711018870713512108e-01
1.000000000000000000e+00
-1.000000000000000000e+00
9.865980712862518209e-02
7.031664807453638089e-01
-3.577251411097548406e-02
1.000000000000000000e+00
7.021938022268316981e-01
-7.038597516478297678e-01
9.878640996701729682e-01
-1.000000000000000000e+00
-4.734743493070592280e-01
1.818201679509314772e-01
9.008655438480107636e-01
-1.000000000000000000e+00
-1.332579157413205095e-02
2.323013033108968783e-01
1.000000000000000000e+00
2.254882005777718579e-01
9.368049984766037008e-01
-1.971131325189576511e-01
7.537633316312234433e-01
4.000327162697762118e-01
4.259169174303416572e-01
7.553355915895064721e-01
-5.109380717430201946e-01
-7.551590699198937329e-02
4.484759226645024799e-01
-1.876848871869420954e-01
1.000000000000000000e+00
-1.000000000000000000e+00
-2.231139504645466842e-01
8.172713486922144055e-01
1.000000000000000000e+00
1.000000000000000000e+00
-2.985446075482278694e-01
5.421579759330228399e-01
1.000000000000000000e+00
-1.000000000000000000e+00
-5.310471023445642036e-01
-7.104048049466018533e-01
-8.582029478197695793e-01
-3.296430932853701146e-01
-9.300005188144664370e-01
9.971771493339340875e-01
1.000000000000000000e+00
-1.214929553537895668e-01
1.389162581428551313e-01
-1.078135306559543927e-01
7.010074788031045445e-01
-5.957087613162506123e-01
-4.162797424094977217e-03
-7.104048049466018533e-01
4.890728903878467371e-01
-1.687102289398612065e-03
-9.107453368986914155e-01
1.000000000000000000e+00
7.104048049466018533e-01
-1.000000000000000000e+00
-6.027981893290768056e-01
-9.276614234272591020e-01
1.000000000000000000e+00
-1.000000000000000000e+00
3.558045571133486851e-01
-1.000000000000000000e+00
