-1.000000000000000000e+00
-7.297783432545106308e-01
1.000000000000000000e+00
-1.000000000000000000e+00
-3.464714625107271906e-01
-6.009935348631496588e-01
-5.069135992420129577e-01
1.000000000000000000e+00
3.687259515903134055e-01
-1.000000000000000000e+00
6.043038859388406570e-01
-4.874267319706931945e-01
-1.000000000000000000e+00
1.000000000000000000e+00
1.000000000000000000e+00
6.660238442413066728e-01
2.331876004763065446e-01
-1.000000000000000000e+00
9.255757283366887744e-01
-8.621293207927268609e-01
-1.000000000000000000e+00
7.493263086074680723e-01
1.000000000000000000e+00
7.293897632388585128e-01
4.854894379652981984e-01
-8.715883268685368224e-01
-1.000000000000000000e+00
1.000000000000000000e+00
3.145469486181708407e-01
-7.262051524854006290e-01
-1.000000000000000000e+00
-1.000000000000000000e+00
-2.819303980158386347e-01
-1.696705176195505149e-01
-3.837044057519567453e-02
8.660502109330324716e-01
-3.884226355648007223e-01
-8.741266464496270094e-01
-9.464421688816862521e-02
7.659987696177684713e-01
8.277213921987194301e-01
-1.000000000000000000e+00
-4.104464684084201398e-01
1.000000000000000000e+00
-3.980211704699831987e-02
1.000000000000000000e+00
-9.532489340551859591e-01
9.519632351385802771e-01
2.302216172388301674e-01
4.418885313334491305e-01
1.951133206155685196e-01
3.700689835122452087e-01
-1.000000000000000000e+00
8.894416026463451974e-01
5.277521789921338913e-01
1.000000000000000000e+00
8.251637554221215032e-01
-1.000000000000000000e+00
-5.074554169301039863e-01
5.901702326954749722e-01
6.803641541807009530e-01
8.817006840951145952e-01
-4.461440499202371512e-01
6.132438246045148755e-01
-3.977198128115025932e-01
2.662829618963647449e-01
-8.293102700750835110e-01
5.642666432352030359e-01
-1.000000000000000000e+00
-6.442824909018196600e-01
1.000000000000000000e+00
-1.000000000000000000e+00
1.490115729047899740e-01
8.125799735894170261e-01
-1.000000000000000000e+00
-5.755126496891840304e-01
-1.000000000000000000e+00
-7.181239077244995495e-02
-1.000000000000000000e+00
1.000000000000000000e+00
-7.436138339556379595e-01
-9.468028313217957681e-02
-1.242497986615759276e-01
8.006507667542184237e-01
-4.410367854162750567e-01
-1.000000000000000000e+00
7.113855918084026619e-01
-1.000000000000000000e+00
-3.254549270773834380e-01
3.315161457817528690e-01
4.530894519680400689e-01
1.000000000000000000e+00
-9.222070262044960165e-01
-1.000000000000000000e+00
-7.266331105739084473e-01
9.396478025951748858e-01
1.146350196348167039e-02
-1.437732400872402672e-01
-6.072452040338373047e-01
-1.000000000000000000e+00
-7.338668805072334766e-01
-1.000000000000000000e+00
-5.467942716825965332e-01
-6.571632730204367556e-01
-8.612468659170628982e-01
1.758805391381795813e-01
5.875790764471249261e-01
5.709941129755983225e-01
-6.539168126979479911e-01
-5.334293899693099972e-01
5.147417496293507089e-01
-1.000000000000000000e+00
1.000000000000000000e+00
-2.606851318410262075e-01
1.000000000000000000e+00
1.000000000000000000e+00
-1.000000000000000000e+00
-5.808677686848051636e-02
5.118064900922790761e-01
-8.469589164063994202e-01
-1.000000000000000000e+00
-7.316394037482016888e-01
1.970564032870820992e-01
3.849105895106624819e-01
1.751924751389311030e-01
5.673526329279843239e-01
-1.000000000000000000e+00
-1.938433149235005981e-01
9.840160340011968598e-01
-5.540361038400538618e-01
7.089140954541202078e-01
8.521108128244311852e-02
-1.000000000000000000e+00
1.000000000000000000e+00
8.907507390448854423e-01
-1.000000000000000000e+00
-1.315211213430946824e-01
-1.349573849778873680e-01
6.415427194683224199e-01
-1.670422263882644642e-01
2.727741530163367845e-01
6.082958508754677807e-01
1.000000000000000000e+00
-1.000000000000000000e+00
1.000000000000000000e+00
-1.000000000000000000e+00
-6.729717751931424408e-01
1.074014167507395534e-01
-6.571257042937358461e-01
-7.731464816866746581e-01
-1.537789290441690382e-01
3.474363256605019767e-01
1.000000000000000000e+00
1.000000000000000000e+00
-1.000000000000000000e+00
-4.152036903304659465e-01
-1.369597957471455352e-01
-1.000000000000000000e+00
-1.000000000000000000e+00
1.000000000000000000e+00
-1.000000000000000000e+00
-1.000000000000000000e+00
-6.538744918825075692e-01
1.000000000000000000e+00
6.074651198594757662e-02
9.324037476739777119e-01
-2.956484147325645351e-01
-1.000000000000000000e+00
-7.175901216463225207e-01
-5.751343284496555075e-01
1.000000000000000000e+00
1.000000000000000000e+00
-1.000000000000000000e+00
6.129074421685838381e-01
1.932351349407433749e-01
1.000000000000000000e+00
-4.576883350427193853e-01
-9.642681164978442188e-02
1.000000000000000000e+00
1.000000000000000000e+00
-1.000000000000000000e+00
-1.809162760693469596e-02
5.795431621948821110e-01
1.000000000000000000e+00
6.520633338373742482e-01
1.000000000000000000e+00
-1.805796925988003010e-01
-1.000000000000000000e+00
8.940082929316142124e-01
-2.582280338949061171e-01
1.000000000000000000e+00
-1.000000000000000000e+00
4.019870681005625057e-01
-6.435968784664685138e-01
1.000000000000000000e+00
1.000000000000000000e+00
-1.000000000000000000e+00
-1.000000000000000000e+00
1.975505973220013367e-01
1.000000000000000000e+00
2.823058347377784827e-01
1.000000000000000000e+00
1.000000000000000000e+00
-1.587619082160633133e-01
9.653641487307047520e-01
1.000000000000000000e+00
6.779859603410628432e-01
-9.822956923019917630e-01
-1.000000000000000000e+00
-4.625101924202823511e-01
-1.000000000000000000e+00
-1.000000000000000000e+00
1.000000000000000000e+00
1.000000000000000000e+00
-1.328632260547576716e-01
1.000000000000000000e+00
3.124567021264713917e-02
-5.343359080225285052e-01
-9.072504520829864916e-01
9.832609681192256978e-01
-1.000000000000000000e+00
-1.000000000000000000e+00
6.997174079325401141e-01
7.757742390064794602e-01
1.490193098506699745e-02
-1.000000000000000000e+00
-4.572025019460775330e-01
-8.295214913689027414e-01
-1.000000000000000000e+00
-7.312502294522869040e-01
2.945106063129135920e-01
-2.675741580972423872e-01
-6.101530879872739677e-01
6.791687222891205078e-01
-8.955378739606856264e-01
1.000000000000000000e+00
3.943539418133023000e-01
1.000000000000000000e+00
1.000000000000000000e+00
2.078555978581855535e-01
-4.156695918687951519e-01
1.000000000000000000e+00
1.641114741466842553e-01
-8.371992706075259694e-01
1.000000000000000000e+00
-1.000000000000000000e+00
-6.914011373939112914e-01
-7.627945520138921243e-01
-5.221955930106066956e-01
-1.000000000000000000e+00
2.475389434630838048e-01
-1.000000000000000000e+00
-1.000000000000000000e+00
1.000000000000000000e+00
6.038481864772762275e-01
-3.777293434520218041e-01
5.557185806213837953e-01
5.400533363249913066e-01
-1.000000000000000000e+00
1.000000000000000000e+00
-7.420335530519913680e-01
-6.474520698584868006e-01
1.000000000000000000e+00
9.670499675542246765e-01
1.000000000000000000e+00
