-3.600898421490811296e-01
1.537444931051511199e-01
-2.404744209224038420e-02
-7.095395276082406832e-01
-6.540120923334440395e-01
-9.940963313930682999e-01
-8.534984475055334974e-02
-4.873227297251327417e-01
-1.000000000000000000e+00
-9.440968578477588746e-01
3.975763668047759269e-01
-5.944624445358941411e-01
-7.384638180973743804e-01
-1.000000000000000000e+00
-1.000000000000000000e+00
-8.042661174603601970e-03
9.832302891274453671e-01
-1.000000000000000000e+00
-8.559842035671120231e-01
7.061929304198624191e-01
-1.000000000000000000e+00
9.898308255513696974e-01
-8.716541730863932580e-01
-7.150839616671811338e-01
1.000000000000000000e+00
1.000000000000000000e+00
-2.694518134262456899e-01
-1.000000000000000000e+00
1.000000000000000000e+00
-7.623604209472085724e-01
8.473523260841074878e-01
9.192493930839966687e-01
1.000000000000000000e+00
-2.489407906984179575e-01
9.066638833180632462e-01
-1.000000000000000000e+00
-3.861134173026331551e-01
-9.483357773655336498e-01
-1.000000000000000000e+00
-4.330994067953518600e-01
-1.000000000000000000e+00
1.824035835140061512e-01
8.950598066688923993e-01
-8.896924885691775975e-02
6.243797686305463390e-01
9.465896316226906082e-01
8.426677963435386109e-01
-9.497938320522638644e-01
-1.254806580379780323e-01
6.860746195469124009e-01
5.470311355299808387e-01
1.000000000000000000e+00
9.507919852532762395e-01
5.734929810125184435e-01
1.000000000000000000e+00
1.000000000000000000e+00
3.114824888875327158e-01
5.471951811839048663e-02
-1.000000000000000000e+00
-5.118464336053552000e-01
-1.000000000000000000e+00
7.926206226789489495e-02
-9.398441706900581005e-01
9.345313653776968765e-01
9.555493283799263438e-01
-7.505794902902452881e-01
-2.028008355688041831e-01
-9.363681468676187114e-01
-7.669351640016787153e-01
6.469318489333422129e-01
-1.000000000000000000e+00
-6.785431641873758135e-01
-1.000000000000000000e+00
-1.963469859887144175e-01
-3.119805405772672069e-01
8.021827200185593920e-01
1.000000000000000000e+00
-6.726237527869268762e-01
9.152453841548584546e-01
-8.508850697273954156e-01
-2.077584921831456821e-01
6.515163716451721765e-02
7.834891182361363171e-01
-7.756059150942702374e-01
-5.252768170282626770e-01
-1.000000000000000000e+00
-8.602697862728005962e-01
-1.000000000000000000e+00
-1.000000000000000000e+00
4.484443556920609253e-01
5.309438452338623993e-01
-1.000000000000000000e+00
-8.875922145794203910e-01
5.072155712294919017e-01
4.012648714267544880e-01
1.000000000000000000e+00
7.051756100386061821e-01
-1.934600520270163271e-01
2.475649606741775477e-01
-1.000000000000000000e+00
-1.000000000000000000e+00
6.858130830637493291e-02
-8.087226947666543708e-01
-1.000000000000000000e+00
-1.000000000000000000e+00
-1.913183823383622362e-01
-8.684433255452473910e-01
7.803891340620059403e-01
8.392382397910047587e-01
7.779688620708558044e-01
4.813760639711316403e-01
9.519900149122229038e-01
-6.872297704529741758e-01
-9.271886992002791317e-01
-2.572782597589202136e-01
-1.185950207618836627e-01
1.807106289060619320e-01
1.000000000000000000e+00
1.000000000000000000e+00
-1.000000000000000000e+00
1.000000000000000000e+00
1.000000000000000000e+00
6.008184265875016195e-02
-2.170329815792969574e-01
-9.972609360726735206e-01
-8.789349471686292992e-01
-1.000000000000000000e+00
6.819848983916881879e-01
-9.830371885273639920e-01
-8.663835008631594059e-01
-1.000000000000000000e+00
8.025797167989648928e-01
2.480629619866115965e-01
-3.993654733776290655e-01
-3.640500949043000700e-01
8.003145955264331368e-01
-1.000000000000000000e+00
1.000000000000000000e+00
-4.007013102175698283e-01
1.055710206529273942e-01
-4.852493363090136791e-01
-1.000000000000000000e+00
-9.440314355563366178e-01
-3.458305435598033051e-01
9.652862635097365640e-01
1.000000000000000000e+00
2.075568668608407386e-02
-9.061818264414102098e-01
-1.000000000000000000e+00
-4.965646619478714108e-01
9.869323497973360171e-01
-4.251472597807626763e-01
3.815761676212610087e-01
1.000000000000000000e+00
-1.000000000000000000e+00
1.425761550045959725e-01
1.000000000000000000e+00
9.324658515315960017e-01
9.301102038043482789e-01
-1.000000000000000000e+00
3.058793414821130985e-01
-4.847857654706230202e-01
-5.767427877752291376e-01
-3.965216445575259208e-01
2.927877069108861807e-01
1.295554301461563362e-01
-7.515431081023260518e-01
-6.055994061334863954e-01
-9.065288350026941000e-01
1.000000000000000000e+00
-9.866898605536787992e-01
-7.152270778404381524e-01
-2.327215629372063055e-01
-9.021836632426685210e-01
-3.773232846547707742e-01
-9.039302129637963867e-01
4.623409723310489827e-01
6.743894425078977850e-01
-3.810547581296717112e-01
2.855190914158371451e-01
-1.000000000000000000e+00
1.249604675116078312e-02
1.000000000000000000e+00
4.456271429171597132e-01
-7.936490416902920453e-01
6.583348906097797881e-01
-8.564824157500326995e-01
-4.493500157691934782e-01
-9.889854059681012499e-01
7.652179098482373432e-01
-8.181199963180106893e-01
-6.325299203182493946e-01
1.724552708916411436e-01
-8.816805771155927784e-01
9.475223763274130961e-01
8.843304747337580318e-01
4.482398609267401746e-01
-7.087433124529919359e-01
-2.761721237084491243e-01
1.000000000000000000e+00
6.407284616780846154e-01
-4.329638015556260822e-01
-8.076232964412097814e-01
-9.711639978343070689e-01
1.000000000000000000e+00
-1.845711958945573938e-01
1.000000000000000000e+00
-4.210091382767909285e-01
1.000000000000000000e+00
-9.124085703248371315e-01
-9.899510742355203119e-01
6.593794794128350345e-01
4.278398458420848982e-01
7.581247607361831786e-01
6.184128056548795493e-01
-8.758592189716069010e-01
-1.000000000000000000e+00
8.730702160988054183e-01
-7.996561822831607103e-01
-1.000000000000000000e+00
1.592235044847981618e-01
4.508457628660285654e-01
9.237163693555543453e-01
-1.318558051231265016e-01
-9.235391651100410826e-02
-7.782128032293836872e-01
-1.000000000000000000e+00
1.000000000000000000e+00
-3.966253320608829069e-01
-1.000000000000000000e+00
-1.000000000000000000e+00
9.858809775142101106e-01
6.036748914438514468e-01
8.497445480760095204e-01
1.179657429882442626e-01
-4.657661529051577154e-01
-9.963912466499010856e-01
9.223459498415305102e-01
1.000000000000000000e+00
1.000000000000000000e+00
-8.592043206871593508e-01
-8.379515210280619186e-01
6.372400564635981590e-01
8.417621252946481114e-01
-7.626482472570512705e-01
-1.000000000000000000e+00
-5.664283297338120748e-01
9.831170447679727920e-01
-1.000000000000000000e+00
-7.043401694551896242e-01
-1.000000000000000000e+00
3.098355530623292386e-02
-9.084704503902826800e-02
1.000000000000000000e+00
-1.000000000000000000e+00
-1.000000000000000000e+00
-9.515903635082317846e-01
1.207782007631522658e-01
-4.174242972579668143e-01
-9.104977185261368122e-01
8.846125025558932986e-01
4.159314241306734106e-01
4.624931864302193052e-01
2.414481414926749059e-01
-5.287866525730517964e-01
