-6.056701477025850933e-01
4.050984959563118659e-01
-2.012829456559944719e-01
5.432345667742222162e-01
1.000000000000000000e+00
1.000000000000000000e+00
-7.822593055532622852e-02
-7.401934335348447913e-01
2.324748207893880259e-01
1.097753473336606334e+00
-7.847395973609617714e-01
9.563646368256925046e-01
1.000000000000000000e+00
-3.621234185357442570e-01
1.320964415803916214e+00
-5.553115634607309614e-01
1.752545296375576100e+00
6.836596914877299813e-01
-1.000000000000000000e+00
3.580066522245806127e-02
5.040941392045777958e-03
-1.000000000000000000e+00
2.868766223712200247e-01
9.870596482750557676e-01
1.000000000000000000e+00
-8.679753544087517314e-01
9.430409160756101361e-01
-5.345161313267355885e-01
7.743797162899985764e-01
1.537226969526106490e+00
-1.000000000000000000e+00
1.000000000000000000e+00
-1.113163246523295236e+00
-7.601637093470207107e-01
-1.000860811031070163e+00
1.067697042354986969e-02
3.359401129359609328e-01
-1.000000000000000000e+00
-6.967580691133613557e-01
2.457629046961776753e-01
9.301234486132796686e-01
-2.580491295925202433e-01
-6.844211704423514009e-01
-7.807021944008450953e-01
-2.573715334088355622e-02
-9.496378043012012604e-01
6.789480717479691174e-01
-4.875885161498505482e-03
-1.000000000000000000e+00
8.255780728450256012e-01
3.764569762246306461e-01
-7.273488846140132580e-01
-6.841110459509913699e-01
-1.000000000000000000e+00
1.000000000000000000e+00
-9.992262118022310347e-01
1.000000000000000000e+00
7.392992199319240454e-01
1.291664822691765968e-01
-4.445486840791664784e-01
5.371426780271182366e-02
2.420897421210603528e-01
1.000000000000000000e+00
5.398942802622987980e-01
5.384629662911288861e-01
1.108977901281932743e+00
-6.151912773197837359e-01
1.000000000000000000e+00
4.830810004207781172e-01
-1.044908014859331491e-01
-5.228567638783836458e-01
1.367839968303506959e-01
1.000000000000000000e+00
3.444976481844959082e-01
1.684064367746336277e+00
-1.000000000000000000e+00
8.616493503421280842e-01
-2.330161454064293425e-01
5.880330347237915367e-01
9.555255005380035582e-01
9.281091779848954504e-02
1.000000000000000000e+00
6.714609940621800444e-02
-2.489454232118222254e-01
5.874134587413100128e-01
-7.050559722495818304e-01
-1.000000000000000000e+00
-1.000000000000000000e+00
4.580085078970445034e-01
-1.000000000000000000e+00
1.939566612866938655e-02
-1.304779797998102175e+00
-3.577562027930711319e-01
3.910130581542604622e-01
5.554269119272794430e-01
6.466123652471074124e-01
-1.667559662821397559e+00
-1.000000000000000000e+00
-1.000000000000000000e+00
-9.805694058313803030e-01
-1.780976079926745337e+00
-5.817461859485016928e-01
1.313956548169719074e+00
-1.000000000000000000e+00
5.672316422959780002e-01
9.745910304499469379e-02
-2.373278508021425537e-01
1.000000000000000000e+00
2.923669669861060694e+00
-7.545047826330990581e-01
8.349766809243881482e-01
1.907576918037152680e-01
-1.377210671966868638e-01
1.000000000000000000e+00
-2.691507888235434853e-01
4.791131213409379752e-01
1.430447908159998782e+00
1.712988660838649757e+00
3.023722760117081854e-01
-4.101115981490359719e-01
-1.000000000000000000e+00
-1.000000000000000000e+00
7.301387969179332638e-01
1.000000000000000000e+00
1.380731447909362419e-01
-1.167482461388235526e+00
9.426026145466696038e-01
1.000000000000000000e+00
3.899962673298857929e-01
1.000000000000000000e+00
1.140422500201378142e+00
-1.000000000000000000e+00
5.665270829222288640e-01
7.688180213301460952e-01
1.789851600575896651e+00
-1.220230527445154978e-01
-7.260783526008541822e-01
1.000000000000000000e+00
-8.515755828185680443e-01
-1.000000000000000000e+00
3.055038725848249204e-01
8.968552600852660595e-01
2.070441614664666474e-01
9.847681044888640933e-01
-1.000000000000000000e+00
-4.509372239040907449e-01
-8.188073526690289317e-01
1.668893568598873167e-01
1.248143896939925557e-01
-7.503725839853714330e-02
8.973683094094955237e-01
-1.000000000000000000e+00
-1.000000000000000000e+00
-1.000000000000000000e+00
7.732205639169591471e-01
-2.504990334864015677e-02
2.099459143748151346e-01
-1.000000000000000000e+00
-3.594815554101816191e-01
-3.969260629021181819e-01
8.889533015399357918e-01
2.578087315263040136e-01
2.507144870020379113e-01
1.433892458605592557e+00
9.846604274465979856e-01
6.017316672324182769e-02
1.437648778278982853e+00
-2.898144611262658543e-01
-1.772190887616489907e-01
8.021146485630595846e-01
-1.000000000000000000e+00
4.181073769563190545e-01
1.000000000000000000e+00
-1.000000000000000000e+00
9.821712422869912640e-01
1.000000000000000000e+00
-4.672978446923138351e-01
1.027025076246560253e+00
4.940267070689519646e-01
-1.912690823420165609e-02
4.565857406945787456e-01
-5.229445464041020397e-01
2.790940984138153835e-01
-6.395015169313409409e-01
4.937509942639107252e-01
1.000000000000000000e+00
-3.935019438113373513e-01
7.363646401753214388e-01
-1.958208728121173525e-01
-1.000000000000000000e+00
2.538699901897680800e-01
-9.967198165542531241e-01
-1.175154815835499633e-02
1.000000000000000000e+00
-3.488440803153305403e-01
2.402976104005295488e-01
1.000000000000000000e+00
4.577826567871952079e-01
4.863083650545108050e-02
1.000000000000000000e+00
-9.312528222611144990e-01
5.525068398506393086e-01
7.096754113370240535e-02
3.062367122028731847e-01
3.512127574492473481e-01
9.809185405490437049e-01
-1.000000000000000000e+00
5.516231184990837422e-01
3.218366380012975259e-01
-2.714216051786298989e-01
-3.777314548002010941e-01
-4.376124170142203229e-01
1.672499417663168564e-01
1.000000000000000000e+00
-7.238825308586036567e-01
-5.820509635844032248e-01
-1.734687856106670756e+00
-2.764401169071931674e-01
9.093869080614602751e-01
-5.657080249022726770e-01
6.570118680939607270e-01
-5.280048264530172730e-01
3.100624193970075382e+00
1.000000000000000000e+00
-9.973140462733942613e-02
-6.565103418420970005e-01
1.000000000000000000e+00
7.832467730539345308e-01
1.049507799459722834e+00
-7.675514800424044770e-01
5.112580670863413612e-01
1.387399873980052156e+00
-8.357261149808556944e-01
4.643721564047660344e-01
1.605797131635082753e+00
-8.861078371859132385e-01
-4.123446626660080550e-01
-8.413935019499954038e-01
-8.404963164862180869e-02
1.000000000000000000e+00
-9.440265977057058500e-01
-1.749608762930130901e+00
1.000000000000000000e+00
-1.000000000000000000e+00
-3.963164037327120415e-01
-1.446616417615915196e-01
8.706776613007726207e-01
-3.342098711265409361e-01
9.348135569868054606e-01
4.560470790258549512e-01
-9.172724076429786821e-01
1.000000000000000000e+00
5.076495993469162249e-01
-5.622074320005262527e-01
3.358584542934767714e-01
4.524595289295038070e-01
-4.374875023946506181e-01
-9.461737466564470456e-01
-6.214157608115693510e-01
1.000000000000000000e+00
9.988018199782260353e-01
-1.000000000000000000e+00
8.139035702079647772e-01
6.660338268070926659e-01
2.402266271180353296e-01
