-9.031542911951027097e-01
-3.144595310585676096e-01
-8.798334618759930947e-01
5.220314835099161277e-01
-7.942256831530182248e-01
9.127947239714506722e-01
7.934474007391173478e-01
5.812386971735999941e-01
7.345853770198506050e-01
7.866872655167904682e-01
9.912444136825903085e-01
-8.840513609930272798e-01
1.000000000000000000e+00
1.000000000000000000e+00
1.000000000000000000e+00
1.000000000000000000e+00
3.618342079509225817e-01
-9.280893855443367313e-01
-8.177307238810986867e-01
-9.602732381111498405e-01
-6.143731078987426653e-01
-9.643010676475197718e-01
7.918828653886907931e-01
5.254807474392144684e-01
8.623457856527739773e-01
-9.768728759336161582e-01
-8.540150226863872929e-01
1.000000000000000000e+00
7.950290240573165690e-01
-5.668364176444563585e-01
-7.501079487703754545e-02
-3.209447692338394109e-01
-1.008614267576315449e-01
8.938778654756129871e-01
-6.777771159453627181e-01
-7.766245984329752661e-01
-8.624349542685147973e-01
-2.161047173413862821e-01
9.058198979144586049e-01
-5.644002262543273973e-04
-8.841241056919892927e-01
9.838696827848271154e-01
4.879086005652756297e-01
9.877678319586914446e-01
8.966819812343140850e-01
-4.229244497660350488e-01
-1.000000000000000000e+00
-4.365928782580741352e-01
-5.789839497466462426e-01
-8.898784323550024133e-01
5.956173454597085692e-01
8.815820088513636188e-01
7.918828653886907931e-01
8.472762878576418633e-01
-5.395967883726697778e-01
6.926856412516756156e-02
-8.852608699335051679e-01
-7.757525481735179085e-01
8.976812277545566099e-01
5.369784071185881302e-01
-9.948621701373625559e-01
-9.672409474842450505e-01
-4.307900145727388552e-01
-8.749208175359510786e-01
9.243345884773803700e-01
-9.204025938713870092e-01
1.978459471591156316e-01
1.000000000000000000e+00
1.000000000000000000e+00
-7.568188117822934879e-01
-9.722904689698730341e-01
6.013247094456695141e-01
4.605513406066609750e-01
-9.919002490720265630e-01
7.399067640201322238e-01
-9.730644835525833480e-01
8.721821192493830477e-01
-2.815045915712290348e-01
-4.801629422297672978e-01
9.956633309474246518e-01
1.000000000000000000e+00
-7.078237706397438878e-01
-9.816837143922940712e-01
1.000000000000000000e+00
6.999741386464655157e-01
-8.614671604683289408e-01
3.532536807581497795e-01
5.855361007304152876e-01
5.313391586973253977e-01
-2.138023618016020033e-01
2.884026768994503165e-01
1.000000000000000000e+00
5.913011727064210188e-01
7.223482771536881009e-01
-9.926362367448242630e-01
8.092729746945666047e-01
-2.103740091673743373e-02
9.105966911543929010e-01
-7.129922977305935827e-01
1.000000000000000000e+00
-7.424640700761201417e-01
-2.488166511309793383e-01
8.800349038198220786e-01
8.860209332872608368e-01
8.014286355653561511e-01
-8.607885177696232848e-01
-1.000000000000000000e+00
4.211129674181806060e-01
-9.759118198829687119e-01
7.757525481735179085e-01
9.838696827848271154e-01
-4.649556298982209235e-01
1.000000000000000000e+00
7.757525481735179085e-01
-3.798743537715710827e-01
-7.058847194611119757e-01
7.902919410336286532e-01
3.574678389899809683e-01
-8.136249957049066506e-01
-7.848630500709318225e-01
-8.261832792805486880e-01
6.898486438850905123e-02
6.246921627025661117e-01
7.918828653886907931e-01
-9.198137803135938428e-01
-4.906975286225738198e-01
-4.503240126903102492e-01
7.770648780906305175e-01
-6.003699781819737957e-01
-9.886523270235456629e-01
-3.395201342863066185e-01
8.535809744523933373e-01
-1.569972271329685698e-01
9.897193967544974935e-01
9.205306930565885226e-01
8.818379967814247156e-01
-8.042442178362434468e-01
-4.223618344852018147e-01
-8.124215577265999633e-01
-9.478133528200798352e-01
9.852627245916877330e-01
7.236835622062426365e-01
9.573891527822101510e-01
-1.221355690561177210e-01
5.049769269194492871e-01
-7.842767733695448218e-01
-5.092840988720521711e-01
8.515509360987619791e-01
7.795459547880440043e-01
-1.896842616593908959e-01
8.742058152504803559e-01
-8.936585338774292175e-01
-7.780388109883151770e-01
8.536266341321840923e-01
3.164363746653060805e-02
1.000000000000000000e+00
-1.000000000000000000e+00
1.000000000000000000e+00
-6.199677552068295627e-01
3.244551425632855590e-01
-3.243813492811246924e-02
7.906785247421073137e-01
-2.370533951827915597e-01
9.927409273962117808e-01
-8.489405339647182469e-01
-9.432843013868456028e-01
-5.143015571806477393e-01
1.000000000000000000e+00
7.136144784291573728e-01
-2.018568901739886678e-01
-7.839983540947406127e-01
8.034554343994504411e-01
-3.064830451225454278e-01
-9.302142971196594168e-01
-2.519538131571903983e-01
-3.857818948802056447e-01
3.623029149578414765e-02
-1.000000000000000000e+00
-9.570908383179501655e-01
-7.498235506883321744e-01
-8.662783283723998196e-01
7.797147028793200985e-01
8.683913200446589098e-01
7.974215192730729207e-01
3.775658303698620766e-01
-1.000000000000000000e+00
-5.700507197836148787e-01
-1.000000000000000000e+00
6.545454838023712085e-01
1.000000000000000000e+00
-9.708684044146084213e-01
-8.838566088827142231e-01
7.838481626597488816e-01
-6.330878210284900387e-01
-7.864304336535496986e-01
9.730040901529161124e-01
-8.615306172792921435e-01
-8.813337152449677303e-01
-9.885357864844217524e-01
4.095445076609952606e-01
-2.610469013124803728e-01
1.000000000000000000e+00
-3.888843279980345735e-01
1.000000000000000000e+00
8.391602908641999647e-01
-6.620160734685316406e-01
-9.498141809839943939e-01
-8.322352394576608692e-01
-2.087198723053619587e-02
9.731922846181841891e-01
-9.250230960439079775e-01
-7.678796049590775885e-01
1.000000000000000000e+00
9.692800853251662963e-01
4.239920413859638582e-01
9.972631546319665752e-01
1.173298671724790354e-01
-1.242884411390402788e-01
-7.918828653886907931e-01
-5.440175897292356400e-01
2.020804863350225966e-01
6.157067546066308239e-01
-9.962603277254016287e-01
-6.209520579707746846e-01
-3.466528154163389108e-01
7.835593212357261361e-01
-9.068331123167093777e-01
8.741038308711011062e-01
4.920049506228079128e-01
1.035953479922395171e-01
-9.300678832398495688e-02
8.994110625794181635e-01
5.629307596039037076e-01
2.796569681363413884e-01
-7.909450832904546536e-01
-9.937425354028344149e-01
9.800595364525787057e-01
-4.645722252255335416e-02
3.626890753272002943e-01
7.757525481735179085e-01
-9.054221924337795269e-01
8.636964977474651528e-01
1.000000000000000000e+00
4.088190273722810963e-01
6.314638364893886413e-01
7.835604490850263115e-01
-9.219938803449951870e-01
-3.866674403578808095e-01
3.876455186521425844e-01
5.404247269540973786e-01
-9.304888234177479678e-01
-8.418322629522557721e-01
9.614512649738715666e-01
8.987680080445918929e-01
7.251329000242681122e-01
4.817938187585060761e-02
-9.831820130438374550e-01
9.954383431842253049e-01
1.000000000000000000e+00
-9.966737107851816879e-02
-5.073308814648620491e-01
-9.932865861199028368e-01
-2.604816877468663083e-01
5.430176263315420471e-01
1.000000000000000000e+00
