4.609764583900995416e-01
5.448016195354280500e-01
-2.094829594144801133e-01
-2.039403735502642867e-01
2.899908983127559292e-01
-1.000000000000000000e+00
1.000000000000000000e+00
-8.123772645981705010e-01
-2.394338736847491378e-01
1.000000000000000000e+00
4.558971786320768771e-02
8.411939594940426312e-02
-3.172291390869403926e-01
-9.211378730127728343e-02
-9.850040406774571711e-01
6.455785228322460378e-01
2.397184236283282921e-01
4.621035121451089744e-01
-1.166311219468914029e-01
2.171003457397873426e-01
1.552281539629238871e-01
1.094638540758662015e-01
2.988030918540510172e-01
1.000000000000000000e+00
4.828293697130150441e-01
-5.397198199441666233e-02
4.248853110247144960e-01
-7.041247353036941270e-01
-7.831880625068340374e-01
-9.471562794323401535e-01
-9.754305371751449405e-01
1.042968871296621886e-01
-2.540988929528570361e-01
-5.477260546734610269e-01
-6.573746875412500579e-01
2.948651771365742302e-01
-7.316027137751988096e-01
-6.509511834928286000e-02
-4.813602142717759991e-02
6.882697308847860462e-01
5.536151122063629471e-01
3.508656706775786782e-01
-1.000000000000000000e+00
-8.551190522455570653e-01
-3.823783669482214709e-01
7.376294658208505384e-01
2.766689862998599203e-01
-6.644686694405324001e-01
-6.508962591537115205e-01
2.770542090792423862e-01
3.252507355572846759e-01
-7.676007717997944679e-01
-6.727614431300216191e-01
3.801631649018755166e-01
-3.526408057721886480e-01
-2.808986406244763367e-01
1.000000000000000000e+00
3.848243529499639770e-01
-4.726292163823070380e-02
-4.868456555929852048e-01
2.911693358782369012e-01
4.726478690077795530e-02
-3.774085768274326735e-01
-3.782916904558054627e-01
-8.611881095107892792e-02
6.608609076381010139e-01
1.000000000000000000e+00
-5.331623138503425174e-01
3.292701036306508455e-01
1.000000000000000000e+00
9.211361693871100709e-01
-1.007202215196348893e-01
2.645459168535617411e-02
-6.237700478225209899e-01
6.900300622293344954e-01
1.733514790353677393e-01
7.846290679680452129e-01
2.672354650030188128e-01
-1.785531419513049500e-01
2.694722713988524920e-01
4.286151088562177858e-01
-8.905252802458840655e-01
-2.342107844805322303e-01
3.699954155959206403e-01
2.597748395655283260e-03
-9.192930859981282565e-02
1.000000000000000000e+00
-7.153681080690053040e-01
1.167493161779847854e-02
-9.790968500484686921e-02
-3.278169787811752167e-01
7.064565433831576646e-02
2.479327159616140103e-03
4.600084290041870916e-01
-7.173237548444628964e-02
4.149080162247432702e-01
1.924307169461584310e-01
-2.628474422869193083e-01
3.778106803438137096e-01
-2.982132528173119662e-02
-2.931699460823597447e-01
-7.916344212555104232e-02
-1.457822198934755065e-01
-9.813439306368628573e-03
5.868917809740311631e-01
4.297171131121266807e-01
-3.901746262017984357e-01
-3.184959014190012483e-01
1.000000000000000000e+00
4.023067013771021161e-01
8.042275754013042954e-01
-3.258472445569694509e-01
-2.200322134776295235e-01
-3.529932567420956957e-01
-5.242698925763592532e-01
-4.089663023992147206e-01
-2.717662175556883053e-01
-1.000000000000000000e+00
1.000000000000000000e+00
-2.798490207786289430e-01
-4.627421980152327530e-01
-2.102139256349488949e-01
3.350231779259387199e-01
-3.774983707383861020e-02
3.431996269150989209e-01
-1.283214749100194396e-01
6.126719849534670859e-01
5.529283633714411339e-01
1.000000000000000000e+00
-1.503825508563425006e-01
5.193880557273333753e-01
-6.019591986134284478e-02
1.623320865682573722e-01
1.000000000000000000e+00
-2.645037948077702539e-01
-2.534291740029829820e-01
2.346297234953054200e-01
9.091624167514954502e-01
6.237338828578405936e-01
1.725741640662472043e-01
-3.308072589724271595e-02
-1.860773208860020678e-01
9.150002964296128916e-01
9.442356018019444630e-02
4.865179402520634633e-01
1.000000000000000000e+00
-9.780581851018188555e-02
2.331187430179378905e-01
3.386016936712597514e-01
6.426809795443644280e-01
9.708124362924024364e-01
1.155442888943025714e-01
-1.000000000000000000e+00
-2.502181671741221525e-01
5.867226475696059040e-01
-7.283727574996642362e-01
1.688369790343954846e-01
9.245610642694914727e-01
8.350575543730517913e-02
-8.723470120598971755e-01
-6.285890383001796478e-01
-3.347630027440340328e-02
-1.471553673962899822e-01
-8.226681159670263810e-01
7.660571116857273211e-01
-1.449459940179476103e-01
6.753379218733185363e-01
-5.627877075993652500e-01
3.567807651342879138e-01
-9.436719743928075887e-01
-2.711337062930002650e-01
-5.872606343212312119e-01
-9.486647168092416926e-01
7.332789685427625326e-01
3.541347425655441694e-01
1.841313804289191891e-01
1.136761856302677121e-01
-7.903307794631586614e-01
4.016800126368869628e-01
-1.000000000000000000e+00
-1.000000000000000000e+00
5.981351285574170173e-01
5.292640370555478091e-01
9.856852039176378089e-01
-1.000000000000000000e+00
-5.855989558081282909e-02
7.694612604893011909e-01
6.032436126151633493e-01
-8.589874798732014538e-01
-2.673291719592649773e-01
3.149998827771045562e-01
7.203517058271188267e-01
9.987084106148467200e-01
2.560431966006786464e-01
-1.000000000000000000e+00
1.332847606451070810e-01
-6.239007175882144152e-01
-2.186788825058003094e-02
3.340214614663577358e-02
-1.000000000000000000e+00
-2.884484937704634433e-01
8.861783185022109599e-01
-1.000000000000000000e+00
1.445427889084982542e-01
-5.767383630574218767e-01
7.737114916103859930e-02
8.927123433546644282e-01
-4.238666398507961453e-01
5.556970582401851710e-02
-5.250096944923415831e-02
-6.054363186025104593e-01
3.231721751994145464e-01
2.504751412455527015e-01
9.603779562189693197e-02
3.414192027196164547e-01
-2.605205928646686098e-01
6.017958596170360774e-01
2.803903798473014741e-01
-5.888671815365441597e-01
6.293426329816834142e-02
-1.185446260470905122e-01
-1.000000000000000000e+00
8.457331526938338673e-02
8.224880581509344535e-02
2.013686243694809766e-02
-6.375148979640226088e-01
-8.507443602285619244e-01
-7.090562945757709068e-01
-1.620263993144487880e-01
-7.964916630268511488e-01
3.731233460884406106e-02
-3.513418674607900472e-01
5.980859550809932701e-01
6.943949252598125010e-01
-2.670982040967905258e-01
-2.585963059532753183e-01
-8.353446540064300985e-01
-3.122950063700126178e-01
7.787586830647856839e-01
2.549297545306092316e-01
-3.545004722281449028e-01
2.698513243499360836e-01
6.699197387387162417e-01
-5.249947522239353237e-01
2.736984779779400023e-01
-8.711038864642033364e-01
3.117323186605900354e-01
-2.040054602243748794e-01
2.089748725692069375e-01
2.141500673245182174e-01
7.811083488907688555e-02
4.153163259246474559e-01
7.517635313709103428e-01
1.000000000000000000e+00
1.879121151062914663e-01
1.188399619332132645e-01
9.133025020869631194e-02
2.944870615410567494e-01
9.448424796893306610e-02
-4.239989353972235531e-01
-4.213419049451983533e-01
-2.207974924419648377e-01
-6.681634187665815849e-01
-5.095665229450554445e-01
-4.298116435542465030e-01
