-2.977701115579430846e-01
-9.436606985349654808e-01
7.638787328722442815e-01
-1.098628120865778601e-01
1.787366437882713377e-02
2.958799475391155065e-01
3.587154935363926489e-01
9.712472421719915427e-01
1.755410694302307895e-01
5.356055473483624096e-01
5.764814821644766996e-01
-1.606534235713445724e-01
1.000000000000000000e+00
-2.720435371132734481e-01
6.758576005941941967e-01
1.000000000000000000e+00
-6.253452759011980389e-01
3.771001374394530314e-01
-3.760308741129447241e-01
8.765247148500461272e-01
-5.286012412364953228e-01
9.647240310733879998e-01
-2.954492735756451549e-01
5.520418344969061364e-01
7.998236051256103485e-01
8.393332645648915458e-01
4.538870654292022633e-01
5.706263390317135586e-01
-5.020572421063079771e-01
-1.239684961630650312e-01
-4.871938355993976066e-01
8.957228436596292864e-02
-1.943911152317831514e-03
2.829403996370077889e-01
-6.094948856144761784e-01
-9.403045208996338999e-01
-4.447625557260775353e-01
4.457704495790729693e-01
-2.107551549799908386e-01
-3.700816367958526532e-01
-1.823419211660202988e-02
-5.780710266576012391e-01
-1.082921095871096917e-01
3.700970382100444711e-01
4.109719836091983436e-01
7.486836401457905299e-02
-1.178128853539090887e-01
-2.936726374771266856e-01
-3.622401396896811065e-01
-2.942587524182509462e-01
3.661314762922868726e-01
9.926088026809376519e-01
-4.922966165580245912e-01
6.399791138462335160e-01
-3.381748178079480582e-01
-6.117191253554512542e-01
-1.258136098947432169e-01
8.013619911949401153e-01
9.708659163760413602e-02
5.692349596614749707e-01
1.006573740989835930e-01
-3.185339683637812280e-01
-6.056462101005903875e-01
5.124795402951410894e-01
-6.974012837520082719e-03
6.667342074521374062e-01
7.427093737029422105e-01
-4.880078866026867357e-01
-5.844340669646056474e-01
-1.465509050113937561e-01
7.905911738798694355e-01
1.392779859030012224e-01
1.432057972989852490e-01
9.160872314015824358e-01
-1.332991459459485495e-01
5.804139047038441024e-02
7.807125864830738449e-01
-6.297574714708937815e-01
-3.103897766748503484e-01
-8.146913299902585059e-01
-3.044665873377052079e-01
-5.525142974425666098e-02
2.426006818003161869e-01
1.000000000000000000e+00
-7.756841066158592923e-01
-7.226731866436370000e-01
2.211457063008713253e-01
9.874397943951759293e-01
-7.932182568252730270e-01
-5.947066963664788819e-01
-2.531287794663070745e-01
-6.719975257282322367e-01
4.630382009189269454e-01
-4.032146083581227836e-01
-2.681898419610088680e-01
2.769416427129348657e-01
1.647920911423671475e-01
-4.620790583549591046e-01
-1.315371340846787501e-03
-1.342050657613633180e-01
-7.050502074897408988e-01
3.949119383532254113e-01
5.859210095908922167e-01
7.990073260808197020e-01
3.486031197348335442e-01
-1.976860106995665389e-01
-1.405559521885566543e-01
8.636432945233571967e-01
2.186305725805769984e-01
-7.752803946173059124e-01
-4.577390155414093331e-01
-1.447732326460484352e-02
5.004331823424201797e-01
5.733690941102127514e-01
-8.436811587165367055e-01
-9.800162486900428904e-01
-9.499386000137323149e-01
2.354998336646512702e-01
2.856347611775066075e-02
-9.274042118995222683e-01
-8.703568103803799305e-01
-3.078866166925556952e-02
5.531095527910571130e-01
-1.284905208067209925e-01
2.556389470703088751e-01
6.648703572464235156e-01
-6.723727663368479490e-01
-6.104189828800911100e-01
-1.000000000000000000e+00
4.662585078142549855e-01
1.829471762132695578e-01
-4.431793159842461471e-01
-2.609504779515308126e-01
-6.142097449185495162e-01
-3.820670206026239440e-02
-8.769467345040945494e-01
9.754293416909742831e-01
-5.995712397808654615e-01
-7.562883981996268434e-02
-6.537800768149053532e-01
6.212442411468513948e-01
6.376725184715201777e-01
4.449441082318357221e-01
-8.647156533338307138e-01
1.712402213910313442e-01
-4.728402799199606932e-01
-2.672983290855934779e-01
-1.000000000000000000e+00
-2.571301545589998461e-01
5.395766513953987875e-01
8.197871074058270535e-01
2.582441258259082217e-01
-5.009322279070261841e-01
6.285905372274799285e-01
8.395327221595599854e-01
3.387475107561783161e-01
4.185648887554237474e-01
-3.847361558521201763e-01
-1.404131985104200564e-01
2.957389892962503097e-01
-4.319292477446576295e-01
1.000000000000000000e+00
-7.050529425636998804e-01
2.077218159171505540e-01
-4.793922013204592325e-01
6.805679450294888078e-01
-5.937142598059009790e-01
1.973555440693587348e-01
8.347530483705403181e-01
2.983078616875090572e-01
-6.598253878633498770e-01
5.176771855957974511e-01
7.771746716532006438e-01
-5.948167547444530578e-01
-6.326567224458944372e-01
-3.434695926633804519e-01
-6.368696846993943117e-01
-2.757177571187923934e-02
-5.898625374161620138e-02
-6.288097354900957781e-01
7.969084716298704407e-01
-6.446795412303409911e-01
8.878944245506870114e-01
-8.340170170689926721e-01
-6.168524354572623158e-01
2.017478146593584265e-01
-5.191760674065920567e-01
-2.049593027764521624e-01
-5.908552154776995913e-01
4.334134205596993361e-01
-5.860248987081355665e-01
5.736933664870329519e-01
-3.098314851655487034e-01
-9.991166392582991884e-01
-6.153039043698790289e-01
-4.709817632743733551e-01
-2.016642555867169950e-01
4.451512817368675767e-01
-1.509140342113148292e-01
8.716245896266106019e-01
5.306364194819417346e-01
1.594815126610298339e-01
7.873882996582359795e-01
2.830826674273707044e-01
-5.242119270753679006e-01
-7.279354151311436816e-01
-3.907610212370863506e-02
8.915809235843332736e-01
-2.205256655245495523e-01
-3.119798386162758730e-01
-7.700343297899584494e-01
1.582498835535118276e-01
6.185879281970146915e-01
5.140846602037956181e-01
1.454826392409677427e-01
9.693181703591391418e-01
-1.662138841437347803e-01
8.391710245987205052e-02
6.295820352594032610e-01
-1.388176990176431813e-03
-7.684004140198377741e-02
6.230587549707717887e-01
8.134579976299779469e-01
5.397464147263569822e-01
4.337759129522967827e-01
-2.303782940475262164e-01
5.289309858895814287e-01
4.496473379707841000e-01
4.229440306228094970e-01
-7.694239840698162691e-01
-9.628258082714092891e-01
-9.299365754527081362e-01
-2.957235470176131642e-01
-1.156511690918186480e-01
7.216469805201892740e-01
-3.315890850001657619e-01
1.820119352348345820e-01
5.097610233104307165e-01
9.602101093308639257e-01
-2.769022887639819852e-01
-6.508586212161382445e-02
-6.081826918950755667e-02
3.755951558522440115e-01
3.967437827396524952e-01
-5.616099167351983334e-01
8.549891352892511343e-01
-1.000000000000000000e+00
9.077121212715927312e-01
2.552789761119592660e-01
6.021291410077731499e-01
-1.611453630370506679e-02
-2.207451185821611706e-01
6.556219647348129342e-01
1.000000000000000000e+00
-4.255568898924210752e-01
1.563477807297238287e-01
-4.990373903117630849e-01
-7.686939446499100326e-01
3.729344084593857328e-02
3.465027873555505122e-01
3.295004500447653584e-01
-8.058326631322589029e-02
9.009412186924526944e-01
4.286479482686871845e-01
-3.302975978206550839e-02
