1.164184203384131533e-01
1.259446471246571109e-01
1.000000000000000000e+00
1.000000000000000000e+00
-1.000000000000000000e+00
1.000000000000000000e+00
-6.818749992907302548e-01
-4.387749018631612596e-01
-1.000000000000000000e+00
-1.736736108550939184e-01
1.000000000000000000e+00
1.000000000000000000e+00
1.000000000000000000e+00
-1.000000000000000000e+00
1.000000000000000000e+00
-5.977777399485949550e-01
-1.000000000000000000e+00
1.000000000000000000e+00
1.000000000000000000e+00
-1.199156636655707153e-02
7.063444183203022586e-01
-5.996151888007217323e-02
5.092564245887046814e-01
1.000000000000000000e+00
-1.000000000000000000e+00
-7.360690599865671313e-01
1.000000000000000000e+00
-1.000000000000000000e+00
2.282058610007232091e-01
-1.000000000000000000e+00
-1.000000000000000000e+00
1.000000000000000000e+00
1.000000000000000000e+00
8.150585143696155166e-01
1.000000000000000000e+00
-1.000000000000000000e+00
1.000000000000000000e+00
8.512587957192084831e-01
7.735971165585242559e-01
6.994699238201089742e-01
1.000000000000000000e+00
-9.560904168489271493e-01
9.984303919027198715e-01
-1.000000000000000000e+00
-1.000000000000000000e+00
8.392985304908477939e-01
-8.774902956856561742e-01
-6.061748236149555602e-01
-4.225063237986286246e-01
-5.989342435828715061e-02
7.461643906626780343e-01
-1.000000000000000000e+00
8.301726861701479443e-01
1.000000000000000000e+00
-5.320232895071244084e-01
3.519693356961948183e-01
-3.596466764475558797e-03
-1.000000000000000000e+00
8.968228875089460095e-01
2.186284422295495244e-01
6.161652690487945394e-01
1.000000000000000000e+00
6.577242229632851434e-04
-1.000000000000000000e+00
-8.235218901998078156e-01
-1.000000000000000000e+00
1.000000000000000000e+00
1.000000000000000000e+00
-1.000000000000000000e+00
-1.000000000000000000e+00
1.000000000000000000e+00
1.000000000000000000e+00
-6.777382388730568419e-02
-9.982538385354615684e-01
-2.223691887129720379e-01
7.251947016255533285e-01
-1.000000000000000000e+00
-1.109548304541904118e-01
1.000000000000000000e+00
5.113648908776580182e-01
-7.102452991751793121e-01
-1.397414136951594665e-01
2.530493935728279631e-01
1.000000000000000000e+00
1.000000000000000000e+00
4.002573606250311444e-01
6.937092311065637951e-01
1.000000000000000000e+00
-1.000000000000000000e+00
-4.293823474248172900e-01
-1.000000000000000000e+00
9.424857782473439194e-01
1.000000000000000000e+00
-4.084771515235319783e-01
1.000000000000000000e+00
1.000000000000000000e+00
-1.000000000000000000e+00
7.646625171302473545e-01
1.000000000000000000e+00
4.419206529579329246e-01
1.000000000000000000e+00
1.000000000000000000e+00
-1.000000000000000000e+00
-1.000000000000000000e+00
6.025068636047505866e-01
-5.036147660930491154e-01
2.480642381324257850e-01
1.000000000000000000e+00
5.933138466603402605e-01
-3.322042177943418384e-02
-1.000000000000000000e+00
-1.000000000000000000e+00
-1.000000000000000000e+00
1.000000000000000000e+00
1.000000000000000000e+00
1.000000000000000000e+00
-1.000000000000000000e+00
1.000000000000000000e+00
1.737243422838538054e-01
-1.000000000000000000e+00
-1.000000000000000000e+00
-3.181854659161880150e-01
5.976679975290040137e-01
-1.000000000000000000e+00
5.616945787585250205e-01
-1.000000000000000000e+00
-1.000000000000000000e+00
-7.513937307080909012e-02
2.093821565735097812e-01
-1.000000000000000000e+00
5.955629104482224045e-01
-7.979203855866816575e-01
-8.080617993308392144e-02
3.591209523265903591e-02
-1.000000000000000000e+00
-1.000000000000000000e+00
-1.000000000000000000e+00
1.000000000000000000e+00
9.915645628972002967e-01
1.000000000000000000e+00
1.000000000000000000e+00
-1.000000000000000000e+00
-1.000000000000000000e+00
1.000000000000000000e+00
1.000000000000000000e+00
1.000000000000000000e+00
-7.081709039764108038e-01
-1.000000000000000000e+00
1.000000000000000000e+00
1.000000000000000000e+00
9.762311438508054495e-01
8.514659505097447179e-01
1.000000000000000000e+00
6.201911451459889424e-01
1.000000000000000000e+00
-5.390465073707402244e-01
-1.000000000000000000e+00
-7.110301812819458389e-01
1.000000000000000000e+00
1.000000000000000000e+00
-5.323573816718816243e-01
7.353879223891651717e-01
-1.651981452907045345e-01
-8.500945455597250788e-01
-3.452351627653336141e-01
-1.000000000000000000e+00
5.872908227200797082e-01
1.219014928724034830e-01
-1.000000000000000000e+00
1.806199002269509579e-01
-1.000000000000000000e+00
-7.624636460320012299e-01
1.000000000000000000e+00
-8.943825505026269385e-01
-1.000000000000000000e+00
-1.000000000000000000e+00
3.830828401844790232e-01
9.238386812709218354e-01
-1.000000000000000000e+00
-1.000000000000000000e+00
8.589478924372192514e-01
1.000000000000000000e+00
-1.000000000000000000e+00
-1.106693485786189868e-01
5.338501883141210103e-01
1.000000000000000000e+00
2.795854923784591439e-01
5.848038805371731375e-01
4.324071270032560643e-01
-4.313745778942169595e-01
2.841661876180848756e-01
-1.000000000000000000e+00
-1.000000000000000000e+00
-1.000000000000000000e+00
-7.869409289759843329e-01
-7.518096167162580112e-02
-1.000000000000000000e+00
7.592448930489327230e-01
-7.019647979269398874e-01
-9.754139785779823990e-01
-1.000000000000000000e+00
-1.000000000000000000e+00
-1.000000000000000000e+00
1.000000000000000000e+00
1.000000000000000000e+00
-1.000000000000000000e+00
-1.000000000000000000e+00
-2.581650421526862083e-01
1.000000000000000000e+00
1.000000000000000000e+00
-1.000000000000000000e+00
-7.570505685630182224e-01
-1.000000000000000000e+00
7.626116648040692780e-03
1.000000000000000000e+00
-1.000000000000000000e+00
-1.000000000000000000e+00
1.000000000000000000e+00
2.166330966270222369e-01
-1.000000000000000000e+00
8.565636812033825542e-01
1.000000000000000000e+00
6.569003994297029081e-01
1.000000000000000000e+00
-1.000000000000000000e+00
-1.000000000000000000e+00
1.000000000000000000e+00
8.466693514352831018e-01
1.000000000000000000e+00
1.440064147574393605e-01
1.000000000000000000e+00
1.000000000000000000e+00
4.213515165891779102e-02
1.000000000000000000e+00
-1.000000000000000000e+00
8.960325623238665216e-01
-1.000000000000000000e+00
8.297212306718328989e-01
3.909478905097122925e-01
1.000000000000000000e+00
3.922797619584316720e-01
8.598594278185449635e-01
3.891521911991393523e-01
6.446355193792292493e-01
-6.616594032568028361e-01
1.000000000000000000e+00
1.000000000000000000e+00
1.000000000000000000e+00
-1.000000000000000000e+00
-1.000000000000000000e+00
-5.873227505421269729e-02
-5.252281234790014963e-01
1.000000000000000000e+00
-4.762303833059251534e-01
1.000000000000000000e+00
-9.941589019905089364e-02
-1.000000000000000000e+00
6.409621192259763456e-01
-1.000000000000000000e+00
-3.457884225815462953e-01
-1.000000000000000000e+00
-1.000000000000000000e+00
-1.000000000000000000e+00
1.000000000000000000e+00
8.529265849084641804e-01
