8.789807043271053999e-01
-1.000000000000000000e+00
8.280004590878032866e-01
-2.886765667358081600e-01
-1.000000000000000000e+00
1.000000000000000000e+00
-1.000000000000000000e+00
1.000000000000000000e+00
-2.600901814623401975e-02
9.414460303343303860e-01
-2.797518958291280167e-01
3.797613722814887072e-01
8.756599232371845565e-01
1.000000000000000000e+00
-6.873710770361802780e-01
3.674620255810589486e-01
-3.600262743259599607e-01
-1.000000000000000000e+00
-9.218202647636933866e-01
4.809353160384391979e-01
1.080031910140770268e+00
6.862085373848245684e-01
7.943500401130765276e-01
1.000000000000000000e+00
2.343847324475448080e+00
1.000000000000000000e+00
9.850454556991943278e-01
-6.929653963214159607e-01
8.592478873092469493e-01
6.673029685503505393e-01
-1.000000000000000000e+00
1.176071172829637801e+00
-4.716743562239975596e-01
-1.000000000000000000e+00
8.990301626697642101e-01
1.000000000000000000e+00
-8.102883969908458717e-02
-2.008434700636642090e-01
4.592636889246350940e-01
1.300138639708821042e+00
-5.259982781020524634e-01
-1.000000000000000000e+00
-6.654739282351338492e-01
7.716341114349027919e-01
6.640805127393210050e-01
-6.905430469423922135e-01
-1.155537606153007602e+00
-1.106796876392738271e+00
-1.200303527885756338e+00
-1.000000000000000000e+00
7.555048596502735858e-01
2.334464857823314310e-01
-2.281420466045699591e+00
1.763263013863323625e+00
7.236660133925265637e-01
-1.042550625090402416e+00
1.000000000000000000e+00
8.921274261199574340e-02
-5.449829822174804272e-01
-1.000000000000000000e+00
8.837156284334640732e-01
-1.000000000000000000e+00
3.080145822669955180e-02
-4.047721876908710881e-01
-7.639889085940686497e-01
4.722837860309934133e-01
1.000000000000000000e+00
-5.542486103993142788e-01
1.219415088877239817e-01
-2.630623493027395288e-01
-1.236818291187882446e+00
-9.078934878177445933e-01
-3.017819902742236993e-01
-4.348547047989471670e-01
-1.424151757894489112e+00
4.222565377133714049e-01
1.187010985790007522e+00
9.757256740558009067e-01
5.721086546353596480e-01
1.079877104879600092e+00
-5.792496116495368108e-01
-5.963584562003876322e-02
4.359556726459209441e-01
6.186574200503851539e-01
-1.262092040343395727e+00
-5.751295653823299547e-01
-1.428089462291078915e-01
-1.000000000000000000e+00
-1.055746829800642939e+00
1.421620639293937893e-01
-6.063103789048536196e-01
-1.042410794011782160e+00
8.761166933397008805e-01
1.657409803939653981e-01
9.220463610252088715e-01
-1.547727241584191150e-02
-9.060794998715469006e-01
-3.972718270933082163e-01
1.141357767823788949e+00
-4.762336169706697375e-01
1.457095263570064581e-01
-4.798625071281792387e-01
-9.228622983449140671e-01
-3.106206831368866009e-02
-7.688993329013160682e-01
4.009121848034697955e-01
1.383981086028427017e-02
-2.338332038306522101e-02
-8.853783007196689425e-01
9.113396109394554800e-01
-5.394248788540644268e-01
-1.065340804827166865e+00
-3.418319130530353966e-01
-1.000000000000000000e+00
6.802847406016104825e-02
1.768868466200930467e-01
1.114190154709246428e-02
4.572330729768214926e-03
1.000000000000000000e+00
8.086898320124580319e-01
-1.000000000000000000e+00
-4.108121731938194632e-01
8.645223639200638743e-01
5.981919962734019158e-01
-2.359654403456051819e-01
-1.067077445862287588e+00
2.837177522234517468e-01
-1.909915952912426107e+00
9.089893762956876566e-01
-1.584573321493091713e+00
-8.097848198905940320e-01
-4.374459494018085870e-01
-1.271313685066121968e+00
1.000000000000000000e+00
1.000000000000000000e+00
-9.999816563047707607e-01
-2.479568189122893229e-01
6.464946068434841431e-01
2.348739813958459210e-01
1.000000000000000000e+00
1.330783827547410647e+00
-6.223646224790603254e-01
-1.932670162164994154e-01
-9.445131584073421793e-01
-3.686549697685066046e-02
1.061621452749457184e+00
-5.311264176574767015e-01
7.463605467923041248e-01
-1.000000000000000000e+00
1.052761820130593717e+00
-1.000000000000000000e+00
1.431087353417425545e+00
-2.870212197455948577e-01
-2.780677134891811342e+00
-7.563501008004325232e-01
1.149188870914616689e-01
-3.826925447963358540e-01
-3.012636405154309749e-01
2.512255395668423485e-01
-1.058371249049438578e+00
-4.961799411135875970e-01
5.657346445740155660e-01
-5.268845430643752659e-01
8.969463420600621850e-01
-9.369937878041653123e-01
1.528769171792737414e+00
-1.209104456515620318e-01
-8.447990573744580400e-01
-7.386681518153357384e-01
-3.962324574282718448e-01
-1.606500908184677057e+00
7.168386366894041739e-01
-1.127725578281052465e+00
-1.000000000000000000e+00
-7.172965415944243528e-01
-9.876222949991915190e-01
-4.387565547771385965e-01
6.560310468284904495e-01
1.000000000000000000e+00
-1.000000000000000000e+00
7.499731021921386409e-01
-6.488764851728869854e-01
-1.217832714909597325e+00
1.729889030260864935e-01
-7.236126687485944231e-01
1.000000000000000000e+00
-6.043863817747862077e-01
-5.450702983362044618e-01
-1.063913454799514380e-01
-1.330481422331534214e-01
-1.707438857940765109e-01
7.208917318027887600e-01
-1.099327843075303734e+00
1.000000000000000000e+00
-6.505687227596030908e-01
1.000000000000000000e+00
-8.837138484743737310e-01
1.917605902182455135e-01
1.000000000000000000e+00
-2.825211712766294569e-01
-1.456147826028846293e-01
-3.293862160549153317e-02
-3.780430691260963094e-01
-5.426791728882772725e-01
-8.121363139197405878e-02
1.000000000000000000e+00
1.252263835606755693e+00
-7.966977037731632905e-01
-2.896265214857339232e-01
-5.952263702880722374e-01
-9.784167157816962002e-01
-5.750523760641740312e-01
9.598338564473631873e-01
4.240208946658978739e-01
-1.000000000000000000e+00
-8.659619341968013417e-01
4.405205318269111991e-02
1.802809050800426638e+00
1.000000000000000000e+00
7.640269023098115175e-01
6.488724799102658647e-01
-6.243523615496591322e-02
-1.761626838111254867e-01
3.118185628500576567e-01
5.705929298406382522e-01
1.000000000000000000e+00
5.547059697152222357e-01
-1.000000000000000000e+00
1.825439792810712447e+00
1.244964684658206089e+00
-3.820785860145066715e-01
4.104040362955290594e-02
5.210224802216035372e-02
-1.014597412985036029e-01
-5.201909472620995789e-01
-1.522837431475505099e+00
-7.658230473973061114e-01
1.246634499803034979e+00
-1.000000000000000000e+00
-1.122154533876929650e+00
-9.120860285301013448e-04
1.109150848245711973e+00
1.194592629117892768e+00
-9.026174681767633601e-01
4.778076069908278600e-01
-1.000000000000000000e+00
-4.808327374972815593e-01
1.000000000000000000e+00
1.810826363359986368e-01
1.285228855317098295e+00
-8.755141285447831656e-01
3.580524344298827155e-01
-4.607349012492157336e-01
8.754318810747867552e-01
-8.053797996680842619e-01
5.791985870268978598e-01
1.000000000000000000e+00
-1.000000000000000000e+00
-2.078004059919548452e-01
1.000000000000000000e+00
1.778835199707903936e+00
-1.092978096206163263e+00
3.014413370208272047e-01
-1.000000000000000000e+00
5.378637400224484111e-02
