-3.654789949515265257e-01
-9.881045544395502533e-01
1.392743349218977106e-02
-5.270583998670892723e-02
1.637187471003798134e-01
-4.278901160477123211e-01
-9.953987152757446388e-01
-9.802985884828534502e-01
-8.896652321954496845e-01
-5.627229376386743143e-01
-7.186888558650039727e-01
-5.796256305051858959e-01
-4.360855705651698333e-01
-6.322563841215727010e-01
3.822998543376640024e-01
-9.345761550142562823e-01
1.890634993600907587e-01
-1.000000000000000000e+00
-9.569649699534057419e-01
-1.649565053828180861e-01
-7.718939441465308970e-01
-5.452532480978822260e-02
-4.981438273848590170e-01
-1.792019148827234121e-02
3.273107289372798601e-01
1.000000000000000000e+00
-4.593634944989705149e-01
8.109485680214139069e-01
9.656001185612541615e-01
-8.320266598577270856e-02
-8.568833646862420439e-01
7.713807345184318098e-01
6.508427420347461245e-01
-1.390134781756897087e-01
8.272814696272233759e-01
-1.416944998356461927e-01
2.273261795366242899e-01
-6.711309691391340593e-01
5.429739783965663591e-01
8.424368957782442102e-01
-5.135891864737363033e-02
-6.030121944143118640e-01
-5.335037408919629520e-01
-3.333358029855439941e-01
-4.285160698729169604e-01
2.080729725504167071e-01
1.000000000000000000e+00
-8.315416634637982085e-01
3.178799800383677598e-01
2.171331373103140283e-01
5.001227726756517222e-02
-3.829948163198033939e-02
-4.669860266089086998e-01
-4.331816714784315070e-01
-1.000000000000000000e+00
6.076168924071745359e-01
-3.417694486234039153e-01
6.338832763747737076e-01
4.470274027531495054e-01
4.701531095582142661e-01
7.012941221788342450e-01
8.969712213253446809e-01
3.439827838082276656e-01
-9.918403798235542190e-01
4.371205259487617178e-01
9.561036559774044319e-02
1.000000000000000000e+00
8.515478553951245644e-01
1.670426356776434917e-01
4.535040073821976492e-01
5.394055958258909822e-01
1.813838142024761235e-01
6.626282725359259329e-01
-1.000000000000000000e+00
3.340226583019387796e-01
6.584226654233896192e-02
7.395627338794403816e-01
-4.615559236824146594e-01
-7.635391733331893249e-01
-3.448783430067068334e-01
-9.738068585546948430e-01
-4.572028733102782017e-01
4.794920763797629326e-01
1.622037050608488573e-01
-3.923260153965784647e-01
7.178820581510503285e-01
7.597390685698017787e-01
-2.865459155079903009e-01
-7.931098874676508759e-01
3.085233889733901558e-02
1.000000000000000000e+00
-8.642187044199588497e-01
2.664261532367505625e-01
-8.515396043318194108e-01
2.196193305346873514e-01
1.392674401802354023e-01
-7.235503755050041175e-01
-6.691605509778635330e-01
-9.354089464328421144e-01
-9.072587870436989999e-01
-3.977042489584137197e-01
5.097417705522230280e-01
7.049268007636140254e-01
6.731006809137299873e-01
2.425815389907663711e-02
-6.697117318274564690e-01
1.127104493921419481e-01
-5.679137119868224448e-02
6.346697158150857998e-01
-4.219247834845397671e-01
-4.774988109568364392e-01
-3.670335970557785099e-02
2.006066841520075805e-01
7.722590081933720096e-01
-2.171595500982773097e-02
8.591951924127402274e-01
-5.884394883864434156e-02
-4.341447780480588992e-01
-9.887635642014023230e-01
1.142886920379271865e-01
2.369945008322028590e-01
4.751698868285119670e-01
7.492562966450642126e-01
3.863137381632547607e-01
7.630378361146135102e-01
2.180974779683085285e-01
7.606026315793843473e-01
-8.601674467195520313e-01
-9.737749677826579298e-01
7.325570309374690448e-01
3.509331264991934485e-01
-5.920543566081617470e-01
-9.320900684826616267e-01
7.023977403795645946e-01
-6.903889840413589551e-01
5.748273971998691945e-01
-8.999458454115076833e-01
9.047834167945618677e-01
-7.657383973680469413e-01
1.936246678324176351e-01
-1.316151155088485236e-01
1.514953147488111163e-01
-2.216644952578364913e-01
1.938585365497344226e-01
-1.131992734159107394e-01
-6.597871882740593552e-01
7.156869221028558936e-01
1.434220965016479443e-01
-6.364408781136402515e-01
6.607846383279065705e-01
-7.469010997608631630e-01
-9.352715946552080384e-01
-5.253980749720570387e-01
8.322115198466650821e-01
9.861389007255534356e-01
-4.339641827159773646e-01
-1.000000000000000000e+00
-9.547736987890891314e-01
2.507494978607058833e-01
4.463318027070881655e-01
-1.586323549033859526e-01
6.862899320513689005e-01
-2.342841878209914741e-01
-4.624754508209633630e-01
-1.000000000000000000e+00
6.513200164537846781e-02
9.021170680622143667e-01
-8.158325078628778648e-01
-1.759818403128800002e-01
-3.286684154018284509e-01
-8.366735392511412961e-01
-8.498754634107108519e-01
1.054027401801305164e-01
-5.856441676256168849e-01
-7.034576848093238022e-02
3.169596738697644245e-02
1.209733467364237369e-01
-2.220533065391577798e-01
5.978610294918531576e-01
1.825673203354689633e-01
-6.278729284707885716e-01
8.263271680802851682e-01
-1.468236812127787783e-01
-7.361571224450261797e-01
-3.458763467077362597e-01
-8.986038281900526892e-02
5.290553299289133538e-01
-9.912038694838307129e-02
-6.608374637980439781e-01
4.622443826387088173e-01
-4.542238149888028764e-01
-2.335635017660628865e-01
-6.214134263215591591e-01
-6.203879956326318057e-01
2.204428006445982580e-02
2.085367478562000221e-01
5.907364814342178638e-01
4.435173378094068863e-01
-3.850799862208609259e-01
2.184173996159559650e-01
-7.110045721611446545e-01
-4.366262650695273417e-01
1.940922809838803997e-01
1.000000000000000000e+00
5.921678510985736166e-01
7.138383172748149486e-01
4.009339708183372597e-01
-4.686001177296439391e-02
-2.555376808889353590e-01
-2.638558620550306433e-01
9.374024139412234780e-01
1.000000000000000000e+00
9.973152634107379511e-02
1.998522524227891728e-01
6.161620493489232686e-01
5.083758699780172030e-01
7.995114428554183084e-01
1.793304539186004187e-01
-9.591847112682745369e-01
1.000000000000000000e+00
9.855666062629354629e-01
-2.534152257100919514e-01
1.666135401952014983e-01
-5.434217010507416679e-02
-3.936885891461590625e-01
5.288328595988821268e-02
-1.516806784409444747e-02
-4.017187169877033948e-01
-2.322918266568388124e-01
-1.470374826011349723e-01
3.205378474407623024e-01
8.273506645864729947e-01
1.480443216184096356e-02
3.970584253449354062e-01
-6.451280732897467507e-01
8.010788353637169346e-01
5.043300614973019735e-01
8.721305243676455987e-01
7.787705558235670233e-01
8.154139699275719799e-01
-9.620898502835082411e-01
4.965275458546382359e-02
-1.213302790258738995e-01
4.945132555618130255e-01
-8.669723867537000306e-01
-9.892674391286470081e-01
-5.633503756814751684e-01
1.663800287775170916e-01
8.534410854037721705e-02
1.000000000000000000e+00
5.808407764212760727e-01
-3.163315639474412744e-01
9.283310434863878413e-01
-7.039833886785797912e-01
-3.532455656629418517e-02
1.000000000000000000e+00
5.101389333126300496e-01
7.747789564512701510e-01
8.801267299172887970e-01
5.555942923111328868e-01
-6.220115121766608413e-01
-6.485116692661156979e-01
8.950553013538333769e-01
1.839882868020931150e-02
8.524501903048740115e-01
