6.556552107138788887e-01
4.130360426676412122e-01
-6.014668108444091166e-01
-7.066576302294147460e-01
-1.000000000000000000e+00
-9.045049344948671299e-01
-4.434574820907538628e-02
5.034004841137043051e-01
-1.000000000000000000e+00
8.696133496985560818e-01
-6.634200405899177699e-01
-9.185096188288560670e-01
9.534757094380119646e-01
-5.567752611852629929e-01
9.845416381756927349e-02
8.185848932245172183e-01
7.194129944212837025e-01
-3.534722503882216094e-01
1.645780658864131052e-01
-9.289195455607287544e-01
1.000000000000000000e+00
3.751933053815548202e-01
1.138422769583118388e-01
6.198616381550026144e-02
-7.048798953214902019e-01
1.000000000000000000e+00
-8.885004522071924260e-01
-7.817946404535149885e-01
5.036048770009426967e-01
-8.431721404218894822e-01
-1.000000000000000000e+00
1.000000000000000000e+00
3.942846138329408889e-02
8.623887247558128522e-01
-5.156322172126968084e-01
1.000000000000000000e+00
9.808219489483538389e-01
-7.085441153784055590e-01
-8.177435241425013990e-01
-1.000000000000000000e+00
-4.093251343951057608e-01
-1.000000000000000000e+00
-3.682027340192098319e-01
3.183264400318331355e-01
-1.000000000000000000e+00
-1.000000000000000000e+00
-8.870038740688014345e-01
-9.995619407465344830e-01
9.687111725830132025e-01
-2.483589754903875457e-01
-8.696133496985560818e-01
1.000000000000000000e+00
-5.681662832630147708e-01
-7.061506311660739055e-01
5.645425275947411059e-01
9.183656213491018239e-01
-3.577495687699678850e-01
-7.492364391774236632e-01
-2.720899423005745943e-02
-4.786766259082876340e-01
3.319988595478031157e-01
2.450908265531027697e-01
4.705083179225932888e-01
-9.018321467602590236e-01
-4.962394107726512682e-01
-9.105924566004217069e-02
-1.000000000000000000e+00
-1.000000000000000000e+00
-2.295710996518812441e-01
-8.414170110909329203e-01
1.997185620678624263e-01
3.684814458509128032e-01
-9.979019220609424146e-01
9.295102296230395300e-01
-4.795379889038792198e-01
6.444064633834694078e-01
-1.024549764798221851e-01
7.309275727421273849e-01
-6.458445752503438886e-01
-3.497062257019175613e-01
-7.896304326132961293e-01
-4.705083179225932888e-01
-9.922503404416553874e-01
-1.000000000000000000e+00
5.589049882699719252e-01
9.856658289846633725e-01
-2.686061742874530367e-01
-7.021833781372939232e-01
9.803124291989464556e-01
2.917740761241190972e-01
-1.465930640846584421e-01
9.984885491368111765e-01
-7.887210111682503300e-01
1.000000000000000000e+00
8.696133496985560818e-01
-2.795096167976278689e-01
-6.083826188243501853e-01
8.371741652971566028e-01
-1.000000000000000000e+00
-9.025768628894237366e-01
-9.970153771508907248e-01
-1.410170542761316481e-01
-4.719981710497579419e-01
-1.000000000000000000e+00
6.082963551076432385e-01
7.690423857962926935e-01
8.696133496985560818e-01
1.000000000000000000e+00
-1.000000000000000000e+00
-6.246107535759153340e-01
9.023249353292700503e-01
1.000000000000000000e+00
1.956354690450931577e-01
-9.022470930176016424e-01
3.276857684027351114e-01
-4.633051235596887252e-01
5.492747260138182153e-01
9.631962180329818324e-01
-6.659810424985678212e-01
3.627531070928913248e-01
-1.000000000000000000e+00
-1.000000000000000000e+00
9.514305320614481198e-01
3.998107125301431086e-01
7.695573232967807265e-01
-4.451909915199498413e-01
-2.053261347856868979e-01
4.292256307365524548e-01
-7.633338331361845253e-01
-8.627418226376741828e-01
-1.000000000000000000e+00
1.000000000000000000e+00
-6.699656005771230660e-01
6.991550407785973587e-01
-1.000000000000000000e+00
1.000000000000000000e+00
4.902175817025426485e-01
3.358012410648962276e-01
6.386239011847356650e-01
4.813407238082713091e-01
-5.866150759193979880e-01
3.532262824706593474e-01
-6.285153498652604753e-01
-4.705083179225932888e-01
-7.745066327372108761e-01
-3.165699236227277336e-01
-8.298212654426357915e-01
4.295697529646017587e-01
-6.061021668195674117e-01
-7.436646894420279041e-02
6.138717403016942242e-01
-7.576627814139352823e-01
4.481664544473011880e-01
4.273855556221484164e-02
9.667447105192132906e-01
-1.000000000000000000e+00
6.592464235716032350e-01
-2.637310436506263844e-01
2.295365957883507835e-01
1.000000000000000000e+00
-8.365106653368569178e-01
-8.560563555106126543e-02
-7.663823644307393712e-01
6.261755251581535564e-01
9.779926189815438820e-01
1.727413691173864674e-01
8.319109505214777878e-01
7.677152657920277568e-02
-8.713338937679111496e-01
9.342537075789980605e-01
-1.000000000000000000e+00
9.492424777935204450e-01
2.787678919609516970e-01
-8.811043943054226446e-01
9.267471016795405525e-01
-8.696133496985560818e-01
9.226984331088455837e-01
7.992430755284947175e-01
-1.000000000000000000e+00
1.000000000000000000e+00
-2.704071855841464478e-01
3.825258198290739653e-01
2.987885184273377237e-01
7.706946697135373947e-01
-5.947106249687444945e-02
-7.288007468005182066e-01
6.754696398357724618e-01
-8.209229143564511499e-01
-6.978271859244415953e-01
1.478804887376005128e-01
-1.000000000000000000e+00
-8.466970012338176366e-02
9.934560238074456873e-01
-1.000000000000000000e+00
-6.376121066803085435e-01
-1.000000000000000000e+00
1.000000000000000000e+00
7.075140857515767046e-01
6.041512073837848051e-01
4.032977669180466962e-01
-1.204416749264834996e-01
-7.256433653323284272e-01
7.772441480353144971e-01
-9.613690657274658324e-01
4.863727615589593101e-01
-9.953393060474168275e-01
2.442226011119509321e-01
-9.171292896973944897e-01
-6.824809326802151466e-01
-1.000000000000000000e+00
-9.636812082127454993e-01
-3.119014217345130180e-01
1.385779882845130373e-01
-4.334424656092094041e-01
-6.081504775931050322e-01
1.000000000000000000e+00
-9.319070518749832388e-01
-7.797261064685385712e-01
6.021314079567409161e-01
-8.692904695014285199e-01
-1.000000000000000000e+00
-8.879198526226979027e-01
-1.523070594677085610e-01
8.382419624266344016e-01
-4.466005986350118917e-01
5.476308755455048249e-01
9.548463442932183520e-01
-1.000000000000000000e+00
-1.000000000000000000e+00
6.765551391323079145e-01
6.056186258996025806e-01
-2.172519640236100502e-01
2.082769203578866968e-01
-7.636811110595895791e-01
5.597484798689796870e-01
-8.090600031750112553e-01
-6.977166216430216172e-01
1.000000000000000000e+00
9.921328286512753891e-01
7.832272776583080187e-01
-1.000000000000000000e+00
-9.695756721819420720e-01
-5.557516366771821925e-01
1.000000000000000000e+00
-9.062571758929502952e-01
-8.400091900127379940e-01
5.320212765456049375e-01
-2.601857467954857284e-02
1.000000000000000000e+00
7.174912522235550316e-01
-6.613004739935505194e-01
6.722263335442890675e-01
8.421657667256579050e-01
-8.374189048595622742e-01
-1.244065593154817934e-01
-8.696133496985560818e-01
2.093256986339062653e-01
6.894075195441349280e-01
9.617458529495087616e-01
-9.819921233003858774e-01
-6.070269480566939935e-01
9.691098606009256322e-01
8.176985084918935165e-01
-1.529991993555785967e-01
7.952385662699275048e-01
