1.129980514023162241e-01
-1.000000000000000000e+00
-1.138918055735126805e-01
2.895255432523297090e-02
-6.352651670321679545e-01
8.706369115454966057e-01
-1.280876490726190475e-02
4.040409361350534301e-01
7.485283439417421691e-01
3.080646172848952036e-01
-6.768547052699168676e-01
-2.759164852405506796e-01
3.437581664322664210e-01
-4.119356263862463674e-01
5.896805316337632163e-01
6.528193647294313617e-01
-1.329519771444460652e-01
9.963386899371915462e-01
-2.199499892683238755e-01
-1.000000000000000000e+00
-8.146211371147523694e-01
-8.380159932779375209e-01
3.358300448477642419e-01
-1.932554213656299258e-01
-1.000000000000000000e+00
7.633790144293364222e-01
-5.019790057336362965e-01
-5.439682266133580857e-01
5.475657632158370536e-01
5.819996189111844576e-01
-4.347946768391699468e-01
2.432311662428026100e-01
-1.000000000000000000e+00
-5.888166143238193762e-02
-1.360776967864454345e-01
-2.575722277236194291e-01
2.201971296404154899e-01
-7.095951558038758877e-01
8.704753046911741787e-01
-4.567818839430982658e-01
-1.892986500494636681e-01
-3.223980787685524207e-01
1.000000000000000000e+00
5.428107866720537356e-01
-8.698508523472602283e-01
4.279437059970612189e-01
-1.000000000000000000e+00
-3.549088434684536386e-01
4.097099649147861733e-01
-4.593938660521035278e-01
7.365812170853871521e-01
-1.612067659680515019e-01
6.360199560568571275e-01
-5.613668085304329702e-01
8.718548320591673617e-01
-4.504003988538886616e-01
-2.201844509284145435e-01
3.693497950466708701e-01
1.598549548738292803e-01
-3.699183418162355075e-02
-1.000000000000000000e+00
2.512520457393226936e-01
-4.287878803816076445e-01
9.515563757118901123e-01
5.221258350082975674e-01
5.323660291294125546e-01
-7.645232754630046923e-01
-9.232624586661888344e-01
-6.735463609259386697e-01
8.790877871848565839e-01
-2.102134438645241188e-01
-6.175617027136692805e-01
-3.037563490416319567e-01
-9.673309207803591769e-02
2.138723668444525439e-01
-5.160672523830889258e-02
3.253345394406614854e-01
-5.057753233331439002e-01
3.304093496332427549e-04
-8.718452803617415814e-01
2.199539578241297977e-01
-7.428241276247460334e-02
6.152307277129354102e-01
-7.808004341888463706e-02
6.145261867892806151e-01
-2.764591133055849248e-01
2.845158425750339282e-01
-2.170789147869784386e-01
-1.000000000000000000e+00
-5.633075177100322906e-01
-1.433586181119017589e-02
3.212959203871731395e-01
5.249862574695839390e-01
-3.768820043464046199e-01
8.371555410419916354e-01
1.890107729598371755e-01
5.787429164141422167e-01
-8.880587287397245788e-01
9.802251783221603842e-01
1.000000000000000000e+00
-5.167425255169881826e-01
2.681680561258961148e-01
5.971414695218483226e-01
-3.076054546147194424e-01
6.200258004170031700e-01
-1.320755135494448007e-01
-7.727991137230605379e-02
4.651485077336636742e-02
3.712824762384717148e-01
-1.000000000000000000e+00
8.816313468306429257e-01
-4.559070050197656654e-01
8.367526379492136179e-01
-1.000000000000000000e+00
1.529346930323860487e-02
-9.249113702651657887e-01
-1.176659964623942844e-01
1.000000000000000000e+00
-1.000000000000000000e+00
1.351981395127836993e-01
5.738189381427175606e-01
5.666278893877032541e-01
-1.967361632418613837e-01
3.321960903125628084e-01
-5.105307845986735149e-01
8.713527061007243502e-01
9.706698124901853575e-01
-6.132928912940341926e-01
4.008382411805546663e-01
4.576392080922050409e-01
-9.926343512500215294e-01
-2.114176456090093303e-01
7.983785033599395398e-01
-1.147325158225350750e-01
5.499704415430307636e-01
-7.557640393938918066e-01
-2.913645121687973849e-01
-5.418434012411713629e-01
4.074052228362156636e-01
2.198243898572944666e-01
-6.890820281324137042e-01
-2.917131333341882460e-01
-6.989200923463109727e-02
-9.500735548567026401e-01
-2.029471814363844051e-01
-1.000000000000000000e+00
4.618676198275302180e-01
-3.990969071279332203e-01
-3.679526444290733833e-01
-1.054791077971237168e-01
-8.402847952168507328e-01
-1.473930935207050097e-01
-5.123823211221064655e-01
-8.337782842973555653e-01
5.794273108175855835e-01
2.579781556759417338e-01
-4.678012082583069553e-01
9.092422908282344896e-01
9.020122349661008343e-01
-3.172402811762225494e-01
1.000000000000000000e+00
-8.813300682001989905e-02
-1.000000000000000000e+00
1.000000000000000000e+00
8.761607597351004362e-01
7.647157522973796473e-02
7.297201075364584399e-02
-2.641334393226689725e-01
8.408566356051667690e-01
6.340296927196410470e-01
-3.757516598139638564e-01
-1.611063451662010371e-01
1.651784091665292609e-01
1.282747716143796402e-02
-3.093423892879373360e-01
1.151450333255006342e-01
1.000000000000000000e+00
1.000000000000000000e+00
6.635764824287431196e-01
-7.015122883692078704e-01
-4.800776367138984702e-01
3.069358497345697767e-01
-1.987164342816484242e-01
7.511558441327043090e-02
-1.947603885643829358e-01
-5.018344991919198028e-01
3.033692168358336216e-01
6.845903527258223598e-01
-1.000000000000000000e+00
-1.000000000000000000e+00
8.535419869405005411e-01
-7.263852267222807857e-01
-3.691937541179302062e-02
-2.253927271462401460e-01
1.000000000000000000e+00
4.572903602283641400e-02
1.000000000000000000e+00
5.508896151923696749e-01
-8.383887134812040287e-01
-3.988043452167022718e-02
-3.026883080706455620e-01
-5.067626070264330540e-02
-4.185071966758486806e-01
-4.818513637124289817e-01
1.000000000000000000e+00
2.077123891032118252e-01
3.372021992379518052e-01
-1.000000000000000000e+00
4.391836529940775780e-01
-2.540702902982543976e-01
-8.858427197988316681e-01
-1.000000000000000000e+00
2.600228277558742640e-01
7.229110150596242956e-01
7.803236450432768923e-01
3.589416970255002726e-01
-5.938855726973739646e-01
-6.588342315957012030e-01
-7.875989184916816210e-01
-5.932685723027455449e-01
5.958127435905069547e-01
-1.986809694222417821e-01
6.600198672022224988e-01
-7.010144265094370164e-02
-1.936985946315348261e-01
4.716440715680858542e-01
-9.000891570723977830e-01
-2.469269565839782854e-01
3.023645381056269676e-01
-2.086482851641999758e-01
-1.000000000000000000e+00
-1.000000000000000000e+00
-1.000000000000000000e+00
5.375448238396955958e-01
-4.921906008288157164e-01
-5.456765416980475791e-01
4.133119357426509044e-01
6.965319382075235710e-01
4.221361032228281296e-01
5.105649203747351095e-01
-2.240623804717141732e-01
-1.697874721754922822e-01
4.633248337239745940e-01
4.507650347626565024e-01
9.425265524950040552e-01
-8.456743007907905341e-01
6.216721890286366903e-02
6.505765764274195062e-01
5.237778714170842065e-01
-1.869729672648065000e-01
-1.000000000000000000e+00
-3.934630704266078860e-01
2.921093695383352173e-01
9.527984801381552682e-01
5.404359578910109541e-01
7.269145105122152284e-01
-6.761707454683818508e-01
-6.871694814962440168e-01
-9.232815023603115900e-01
-1.262762554835463735e-01
2.516713707761363827e-01
6.516994570213183735e-01
7.633122964446502623e-01
4.028437239803650538e-01
-4.865578192006846381e-01
