3.396979221677693950e-01
-2.848003951328066385e-01
1.000000000000000000e+00
1.000000000000000000e+00
-6.218240596281280341e-01
-7.568014192257301875e-01
1.000000000000000000e+00
-1.955421811630623452e+00
1.124071861532550232e+00
-4.446232528708273790e-01
2.563637919514170083e-01
-1.000000000000000000e+00
-1.672602783309393271e+00
8.678412842372775771e-01
2.568043565133891759e-01
-5.905382898682363102e-01
-2.804245309747591119e-02
-2.094843030990520827e-01
1.000000000000000000e+00
1.000000000000000000e+00
-8.349959284494808953e-01
1.000000000000000000e+00
9.549285913436491580e-01
-1.000000000000000000e+00
7.532686613016441601e-01
1.000000000000000000e+00
-7.544587194767492511e-01
7.462838222079239969e-01
-5.417934310411903764e-01
-6.786024559987313687e-02
-1.000000000000000000e+00
-9.626975036595462054e-01
1.779744287480486409e-01
6.823008839871909093e-01
-1.000000000000000000e+00
4.028884153313816441e-03
-3.732834002238412108e-01
-8.546431368189435496e-01
-9.789444654715069305e-01
1.000000000000000000e+00
1.000000000000000000e+00
-1.164414511459633816e-01
-5.051046861905549301e-01
-1.000000000000000000e+00
-1.000000000000000000e+00
-2.258519631518853821e-01
1.028651503235487930e+00
3.904635232939868139e-02
-9.521210767821628451e-01
-1.703995703494401770e+00
1.828172825840789661e+00
7.000420821678359218e-01
-1.000000000000000000e+00
-1.077014230141030149e+00
-2.975701382586724009e-01
-1.000000000000000000e+00
-6.187891658287032470e-01
1.000000000000000000e+00
-1.091412097491256006e+00
-2.417515589038917723e-01
4.961383408775235093e-01
-1.387511150077871624e+00
1.592404514699243823e-01
1.000000000000000000e+00
6.395991130698797100e-01
1.441109874524745482e+00
-9.458666778512292428e-01
-1.495129687526793205e+00
-3.476626045858066671e-02
1.000000000000000000e+00
4.265518449864830197e-02
-1.836893455343175940e+00
-8.585442144216930416e-01
-9.258497606616146181e-01
-1.000000000000000000e+00
-7.639539680558140589e-01
4.626661015026869439e-01
-7.339143033164968744e-01
-1.179320636900714536e+00
-9.316169457031655554e-01
6.966521943679655493e-01
-1.000000000000000000e+00
-8.466194666194124530e-01
-2.205193230393830195e+00
1.231171257276037601e+00
3.584884983403979763e-01
1.000000000000000000e+00
4.506952799321302106e-01
1.135418997947279518e+00
1.000000000000000000e+00
5.174364625297627196e-01
-7.486180162453555109e-01
6.981327152218810284e-01
1.000000000000000000e+00
-1.000000000000000000e+00
8.873756135126242839e-02
4.652115222934815053e-01
1.003678251651063613e+00
7.631212225827161966e-01
1.245306130976057579e+00
3.323965640176642644e-01
3.253255225417928109e+00
5.688043430466949157e-01
1.207058459877842660e+00
2.586615085567334216e-02
-1.000000000000000000e+00
-9.290317686164992761e-01
-1.980342624302482646e+00
-1.000000000000000000e+00
-1.000000000000000000e+00
-1.000000000000000000e+00
-1.000000000000000000e+00
8.840853476257248822e-01
1.000000000000000000e+00
1.000000000000000000e+00
1.000000000000000000e+00
-9.228280544006400854e-01
1.000000000000000000e+00
-1.000000000000000000e+00
-1.000000000000000000e+00
-7.287921318577682550e-01
-5.142022753894099907e-01
-1.213969941529536634e+00
-1.000000000000000000e+00
1.000000000000000000e+00
4.196718486681371152e-01
1.000000000000000000e+00
-2.912576542373052635e-01
7.246864969598536543e-01
-7.143788513002257146e-01
-1.000000000000000000e+00
1.000000000000000000e+00
-1.000000000000000000e+00
-1.000000000000000000e+00
-4.285823791364165025e-01
-7.762226077952705250e-01
1.000000000000000000e+00
-1.000000000000000000e+00
-1.042831084994755519e+00
-5.380343866998744673e-01
6.916591940658820548e-01
5.448667230878567747e-01
5.979643690919838050e-01
-1.099053894517485030e+00
-1.000000000000000000e+00
5.456951559588594236e-01
-1.000000000000000000e+00
8.286328869235894956e-01
-6.681647233955004817e-01
-4.483234238990365661e-01
2.381218947364169836e-01
3.156195384108516633e-01
1.000000000000000000e+00
1.000000000000000000e+00
-4.518980061586794772e-01
1.032720738528920545e+00
-4.368258584554952639e-01
7.449239329316874603e-01
-1.000000000000000000e+00
7.539544096854586819e-01
8.613373220147508835e-01
4.142296050884105019e-01
1.000000000000000000e+00
-1.000000000000000000e+00
-2.583941825926025504e-01
1.415138300066129950e-01
6.878893204102901615e-01
-1.000000000000000000e+00
1.000000000000000000e+00
1.000000000000000000e+00
-3.737168898083067514e-01
-1.842528606378960765e+00
1.000000000000000000e+00
1.213938007824902687e+00
3.097172561902335364e+00
3.947484074156579759e-01
-8.100121715563475266e-01
-1.066464045046145115e+00
1.936166691487382074e+00
-3.518668414780587450e-01
-1.008888360547898655e+00
5.925229729427657910e-01
-8.062290896735554435e-01
-1.690735043537849203e+00
1.000000000000000000e+00
1.000000000000000000e+00
9.904374449342423503e-02
-2.013785868185014039e+00
1.000000000000000000e+00
-1.000000000000000000e+00
-2.676627348037516896e-01
-6.424478743404360426e-01
2.365748891506410656e-01
-1.000000000000000000e+00
-2.126213206399728772e+00
-1.000000000000000000e+00
-2.359735733477744679e-01
2.075218228654853586e-02
9.242391959579432381e-02
2.408444808218134447e+00
1.000000000000000000e+00
-8.051603909079447785e-01
9.525840343402214305e-01
1.000000000000000000e+00
1.099781476478373765e+00
7.847252154201989072e-02
-1.045545883258788278e+00
-9.921097321914987832e-01
-5.111019105481970914e-01
8.669731976404486673e-01
7.562302633289460507e-01
1.000000000000000000e+00
-1.000000000000000000e+00
1.054358503546104942e+00
1.178325119727153147e+00
-1.000000000000000000e+00
8.753232409370235168e-01
-1.270720652010099982e+00
1.000000000000000000e+00
-3.591985976246948598e-01
-1.000000000000000000e+00
-1.000000000000000000e+00
1.000000000000000000e+00
1.047703182434835512e+00
1.371099913065308984e-01
-8.272655412345650827e-01
-1.000000000000000000e+00
1.000000000000000000e+00
-7.578989061121611526e-01
-1.000000000000000000e+00
1.833670362394342890e-01
-1.608026054220776380e-01
7.165617911561033004e-01
-1.323378270700698023e-02
-8.048283290554378855e-01
-4.134423541361580412e-01
7.393193684885530637e-01
1.000000000000000000e+00
9.581567319818642403e-01
-1.909280938654714654e-01
1.000000000000000000e+00
8.527283366889264471e-01
-1.000000000000000000e+00
-7.484979964453415402e-01
9.387107770272427043e-01
-7.151444286979030673e-01
-9.958860093991237505e-01
7.632935964869822509e-01
-1.556304011736686643e-01
7.484632385572779212e-01
-6.146812951639337719e-01
5.748052306568784964e-02
-8.980307876062331163e-01
-5.414871038709254680e-01
-1.000000000000000000e+00
5.415997968398968965e-01
9.886312177295767389e-01
-1.000000000000000000e+00
5.794353750146697957e-01
1.000000000000000000e+00
3.084695024342393732e-01
-1.000000000000000000e+00
9.942654376185713350e-01
5.650092462211221411e-01
-1.551839059412960742e+00
