9.032158548797178943e-01
-5.149483674704673497e-01
4.746200931102193543e-01
-7.467856585805081604e-01
5.520522267640648462e-01
-7.679214323985383839e-01
-1.068565972032065187e-01
2.573588694258525655e-01
-9.040819868585017183e-01
-5.542352919419536450e-01
8.611661311432255994e-01
5.686415977593384241e-01
1.772575450115964069e-01
4.414393011344741047e-01
1.900950021473248874e-01
-1.000000000000000000e+00
-1.330135009918202993e-01
3.418837663273291416e-01
-9.988283400266094736e-01
-7.108172786717184000e-01
-1.901318592795311624e-01
6.111469901674713157e-01
-8.817610935691195806e-01
1.000000000000000000e+00
1.087828666262070920e-02
-9.196888687378295124e-01
-1.294746146443332413e-01
1.000000000000000000e+00
6.272523246871055669e-01
6.449887934786564525e-01
9.121170043055435439e-01
-7.280686450745715854e-02
-9.742262135649872867e-01
4.702655720927039762e-01
6.322486379875429385e-01
8.613816395201246978e-01
4.938932100581573670e-02
-5.640138376083544264e-02
-8.748307404911195850e-02
3.563073625027610158e-01
8.788670640175666460e-02
-4.030629026043505703e-01
4.702772350765317411e-01
-2.758800656745122870e-01
-3.710989216474886998e-01
5.706614226794304301e-03
-2.391019582831594159e-01
-5.015813481524848960e-01
-8.612467627457837116e-01
-1.366788654497017308e-01
1.823346092309131861e-01
1.837387636273609681e-01
-2.657594600381983918e-01
1.000000000000000000e+00
-4.756515684415972278e-01
5.357036819510967440e-01
7.270985237652365374e-01
7.586659822846575363e-01
4.989474959726672987e-01
-6.426764245417290744e-02
-4.501993372241194225e-01
3.193202384466644617e-01
1.000000000000000000e+00
8.560852250163868415e-01
8.145082108633713291e-01
-2.451662638041087749e-01
-5.291982929420129267e-01
-8.042341435824206242e-01
-4.764153627001805891e-01
8.870867452989095181e-02
1.820956696091348137e-01
-1.551801795264529382e-01
-4.517253112710793994e-01
-1.574319469854025544e-01
-4.125389156688250014e-01
2.808546335513407710e-01
2.916676908299182802e-01
-1.000000000000000000e+00
4.835518813645587333e-01
-4.620070721127177982e-01
5.308260753691601552e-02
-1.358816482054526209e-01
-3.454956433895564061e-01
-4.741925844329868411e-01
4.976887462045747057e-01
8.986671051545850331e-01
1.000000000000000000e+00
3.918152391086578423e-01
6.366694138466983954e-01
4.046091564608333968e-03
-9.407821079405912501e-01
4.922444020732322789e-01
-9.222699683304087515e-01
1.000000000000000000e+00
-9.992419775784785463e-01
4.828583109949977081e-01
7.007113196262504395e-01
-1.894624745366113028e-01
-9.864161146839904859e-01
-9.674959900002855218e-01
5.599424881494357020e-01
-2.945159712857067791e-01
-6.617661413806203985e-01
6.113924213694981180e-01
-2.983714940020395501e-01
4.412629982211898061e-01
-6.797990558899620339e-01
-3.793822985619940136e-01
-1.000000000000000000e+00
-8.394152454111516448e-01
-9.582768684122057179e-01
6.980602117171994525e-01
9.538218679887846552e-01
-9.049750579248301285e-01
-6.783550683506517354e-01
4.153609431837120836e-01
3.583392937226275166e-01
-5.270198963031611505e-01
-9.491357007182735783e-01
6.439354829059059648e-01
3.541716016963013525e-01
-3.145750536237186257e-01
-7.036005184593209227e-01
-2.211378214462765557e-01
-1.000000000000000000e+00
-7.017350623450807623e-02
-4.559902990606372053e-01
9.307014922374824417e-01
-9.207992329736243153e-01
1.585455242820167920e-01
-6.315944390872643144e-01
1.914891863908705916e-01
5.014876203481620776e-01
-6.067376838590177179e-01
-5.674426431691130812e-01
-4.314183799755534343e-01
-3.358636978299802123e-01
-8.382339373972862440e-01
-8.482514010862812759e-01
5.045038878892805778e-01
4.136438666764493677e-01
-1.996389690655452076e-01
-9.164607456595723622e-01
6.272334055180900370e-01
-5.237372154143837832e-01
-1.000000000000000000e+00
-4.826153975960355558e-01
-6.189513114673551586e-01
3.331187266546568881e-02
9.022958864828631853e-01
2.874612690322919661e-02
7.325975034470856573e-02
7.181496058205470989e-01
-7.754650728627875411e-01
9.603542822642729959e-01
-5.396543707676979551e-01
2.295267593086992020e-01
-6.799424831955007686e-01
2.857326890618642756e-01
1.402773254106977618e-01
4.030928435095345042e-01
2.426330342968778253e-01
5.806662933661634884e-01
1.000000000000000000e+00
7.917385144099224892e-01
-2.187858390034395084e-01
-8.133582279345710209e-01
8.336492464137368330e-02
4.822297363611345866e-01
3.158675866881122118e-03
-7.105671865446612223e-01
4.906601349921746458e-02
2.819828698226838348e-01
1.000000000000000000e+00
-9.955069126248361489e-02
-3.389867458006597389e-01
-8.176002633569007250e-01
-4.913844539563216873e-01
-1.000000000000000000e+00
-2.459897566291047166e-01
-4.255469692496514078e-01
-2.624099017531297817e-01
5.834026535601195551e-01
-3.048889746434462200e-01
8.802770191077302631e-01
-1.052352854353416634e-01
-9.843750143094863736e-01
-1.631801243171493998e-01
-6.580432538615387239e-01
5.941384612200548698e-01
-7.294254987920238964e-01
7.712040851167141220e-01
-9.395176250516302785e-01
-4.271329485061258202e-01
-5.039309859934240077e-01
8.475791030712583884e-01
2.536289870717405304e-01
7.352747320483444815e-01
7.113351085042862731e-01
-9.799497459879752403e-01
3.037171967338684331e-01
-9.998582883199035320e-01
7.416467745965648062e-01
5.986802890813738287e-01
-9.876303281220126795e-01
-8.683011552876698236e-01
4.674635049233015760e-01
-8.027802887593458170e-01
-1.102588801495760773e-01
-3.737893960351014733e-01
-1.000000000000000000e+00
-2.965338613798118583e-01
3.328957301381496592e-03
3.469089982106902115e-01
-1.404903901987409054e-01
-3.777046999639128710e-01
-6.501464583913180162e-01
-4.510256396394827227e-01
6.305796846310840476e-01
-9.140451970373875135e-02
-4.922585494735365330e-01
-3.565923845952109206e-01
1.053504356602165681e-01
4.743072210590247306e-01
-9.124727426453911328e-01
7.174153324523130371e-02
2.975891517098494532e-02
-9.412606882415948117e-01
3.054432169988132717e-01
-6.125353230526204840e-01
6.332110442953287066e-01
-4.411586448950842732e-01
8.015242177676357160e-01
3.524778676593460780e-01
2.225806374578037650e-02
-1.482287297745654708e-01
3.996580014425510363e-02
2.358336881267376894e-01
-3.486870062945818805e-01
3.873172312685280172e-01
-9.944538319078745081e-01
-1.497560481879529892e-01
5.598598381597428286e-01
2.038880380607083487e-01
1.000000000000000000e+00
8.551863242004319465e-01
-7.643329196143959781e-01
7.999024929410465390e-01
7.427225997200631591e-02
9.562663688778620941e-01
-4.810823761939627130e-01
-3.242300680680735292e-01
8.888714977097327274e-01
8.498186852271216729e-01
3.283896495385935643e-01
-6.254020295167529442e-01
9.710935438632644079e-01
6.230790770498413345e-01
5.360530955887111704e-01
-1.000000000000000000e+00
-8.443042863376070128e-01
-2.279885464729669020e-01
-3.921124258888700198e-01
-3.445782031940511914e-01
-8.179164765506672374e-01
