7.121710059590150577e-01
8.084146694039480163e-01
-2.676788953112796965e-01
-1.398416246299150068e-02
1.072409949094502157e-01
9.727439488284941316e-01
-1.089073440769676993e-01
4.131128293871106916e-01
4.568616519105832552e-01
-3.048880032691554387e-01
4.757132590509768888e-02
2.766607648256323992e-01
-4.584048654755759067e-01
1.000000000000000000e+00
-1.047058511039096196e-01
7.797233987926779353e-01
-1.952435571723630525e-01
2.059814019753448133e-01
1.359461901562529218e-01
8.894605316781682702e-02
-1.701607387537933391e-01
3.480760800097578711e-01
2.681667973452138698e-01
9.627988647768500607e-01
-8.414797603783263913e-02
-2.323903872708093787e-01
3.587022901809103770e-01
-6.472527238615347622e-01
-5.512008218779194113e-01
8.292596337445917731e-01
2.770398811222505864e-01
-2.254500007937518813e-01
-6.603107272361792290e-01
2.381534857706130714e-01
3.116586062885943198e-01
-5.218628155513557187e-01
2.638865101504328514e-01
-3.386728755513776501e-01
-3.837541508208747176e-01
5.037389256723703301e-01
2.581421431631039098e-01
-5.315687094652806755e-01
-5.315795853796213555e-01
-9.851599286905539099e-01
9.246209444464207339e-01
-3.515215290328958520e-01
7.229407649909543876e-01
-6.995261565606412102e-01
-1.000000000000000000e+00
-1.000000000000000000e+00
-6.353485639222730130e-01
1.747372069593142729e-01
1.594227735377223842e-02
4.987704506329221910e-01
-7.825877909584755265e-02
-2.881606361245053760e-01
1.522141398707212989e-01
-1.163887764148785475e-02
1.000000000000000000e+00
-9.428740453208854788e-01
-2.372351591512140701e-01
-4.350902063355013283e-01
-1.102182930702272357e-02
6.993279017002531628e-01
-3.415003868546623300e-02
4.836867269273276843e-02
-1.714442530702452727e-01
6.238203615697157645e-04
1.000000000000000000e+00
1.000000000000000000e+00
1.744821269922570972e-01
-4.101441437324030437e-01
5.471212842263942777e-01
5.035497814065144073e-01
5.067481733461582927e-01
-2.042540209073220314e-01
-7.363920938245400727e-01
3.852801355877499834e-01
8.155159031413075077e-01
1.000000000000000000e+00
9.336550421801415034e-01
1.057411685608716928e-01
-5.899413505269947011e-01
2.087998866155771072e-01
2.658725977799674192e-02
-8.152929799447299064e-02
2.142645180535671101e-02
2.936604058738912504e-01
-1.962229050585114765e-01
1.234463942694536964e-01
8.333235610906848390e-01
-8.754971187718196823e-02
-8.371222992874404190e-01
-3.222893882606954197e-01
-4.205195752592308933e-01
7.927113334743805806e-02
-2.286816419846179338e-01
-5.642610831849659281e-02
5.827942083505757154e-01
2.891344151958445408e-01
2.915308198018090602e-02
5.542940069606921982e-01
6.888595725042130358e-01
-5.030299878743101916e-01
2.735467712299139986e-01
-1.000000000000000000e+00
-6.862230538697764448e-01
3.830546786235519696e-01
2.894488253245749987e-02
9.411016635208744319e-01
3.621105229891050103e-01
3.052846443149791478e-01
8.074406527258309874e-01
-2.881525754259962602e-01
3.595159649103225608e-01
-3.755909509276184055e-01
3.659257711431451732e-02
-5.228272955888721985e-01
-3.466344776907990255e-01
-7.692639173578511569e-01
-5.652542159222286866e-01
-4.932190886089893311e-02
-6.887752389624215432e-01
2.509753040957562464e-01
3.360908957100630090e-01
1.838374289949605001e-01
6.346487124909927502e-01
1.722917400595460613e-01
-1.000000000000000000e+00
-8.314784600030680206e-01
-5.859421970973497373e-01
-3.793018142954606153e-01
3.390734893532404426e-01
3.514270299643611900e-02
9.057870971625459067e-02
-6.226537975075564502e-01
-9.874528125024879532e-01
-6.116840900043214457e-01
-4.654111456943526570e-01
-2.022137005421117406e-01
-7.552302520141648268e-01
7.030001138638574121e-01
3.401885572239609079e-01
-4.269732224145172395e-01
6.133944890910268954e-01
-1.598017030411246209e-01
7.188308712085731411e-01
-3.276484380916082628e-01
-6.511940758859389167e-01
-7.155388215469000723e-01
5.343562511763899625e-02
4.346128559285317716e-01
6.449959477030696720e-01
1.000000000000000000e+00
-9.024784643453783728e-01
-5.456636013116066275e-01
-3.936055815816198455e-01
-7.259077086105427679e-01
1.000000000000000000e+00
2.218510056227394056e-01
-6.192674578224169890e-01
-2.427165171416698075e-02
-1.786218269907606793e-01
1.123623145065965473e-01
-3.468894465905053570e-01
-2.591073732398176954e-01
2.890332183784499742e-01
9.017688460184554167e-01
-4.804758307758828506e-01
9.488405144638337868e-03
3.850465463042475056e-01
-8.338201443016148851e-01
6.391898899379200305e-01
7.895220620798728550e-01
-4.987032546774059494e-01
-6.074535392059277061e-01
2.699205868614489301e-01
6.808057901510169430e-01
1.999549652879862860e-01
-8.355557073061464779e-01
9.140417057562329195e-02
1.000000000000000000e+00
-9.896054798591017443e-01
-6.651014512527868572e-01
6.128537031252343503e-01
5.581266741624206773e-01
-4.582351648044475922e-01
5.639939380853462580e-01
-4.932138634852280545e-01
6.249352670332446458e-01
-1.000000000000000000e+00
-4.217197746516781476e-01
-2.353406358161382883e-01
-2.813391755608765088e-01
7.146087360164516955e-01
1.880792136158313532e-01
-1.931623652479883546e-01
-2.075139817914556373e-01
9.074605018794619227e-01
4.313047775375800086e-01
8.236327731786787787e-01
-9.290366012113685512e-01
5.228077130316843846e-01
-1.000000000000000000e+00
3.039606396637770658e-01
3.443852538405201558e-01
-1.062383950576819558e-01
-2.063604708648093533e-01
1.000000000000000000e+00
-8.320653062880136730e-01
-7.693739370679686385e-01
-1.132609776470691054e-01
-6.025152985557588048e-01
4.675572658330774400e-01
-4.883819412809642380e-02
-7.974838823090804052e-01
-6.086200144038216298e-01
-7.399723115282650365e-01
-6.776810408626140481e-01
6.942772115145436906e-01
-1.000000000000000000e+00
-1.000000000000000000e+00
7.290419851580354216e-01
3.835049264838663596e-01
1.444031291196065103e-01
-1.000000000000000000e+00
-2.755430706476896807e-01
-2.524177445628378313e-01
-5.412934121369561424e-03
2.014433556245712464e-01
-4.912219725481621890e-01
4.007100237131806519e-01
-8.917588389391158110e-02
-3.246181553786828822e-01
5.091515913456687858e-01
-4.233287402763640794e-01
-7.442015719937317142e-01
9.274995597980545403e-01
-4.258544289750142986e-01
-4.727843116017309000e-01
6.796096652654501913e-01
-3.086379331096117395e-01
-8.760981143736445986e-01
7.605412513552293197e-01
8.497008875023036589e-01
-5.298940869754149574e-01
-1.000000000000000000e+00
5.394768259536065758e-01
7.417111348202559684e-01
1.145738925716784928e-01
1.438453981504055346e-01
2.221652454263755572e-01
-4.205128091385500477e-01
1.000000000000000000e+00
-7.328469542513690871e-02
-1.699189404570766726e-02
-2.354374822136967582e-02
5.253968083994577931e-01
9.129443303020661205e-01
1.723591216319759756e-01
-6.839767417351845513e-02
-1.231993564782147277e-01
-3.812783128989263304e-01
6.121293128124005722e-02
4.325600988958028248e-01
