-5.509310131061651017e-01
-3.893352119497275887e-01
7.270341636442000099e-02
5.020840210661584035e-02
3.111347456033273229e-01
9.130669094368702998e-01
7.644233936800171048e-01
4.520709926897085174e-01
-1.717098764735396077e-02
-9.086450858513468731e-02
-7.888990436673986029e-01
5.652007571712636125e-01
6.243667038973236272e-01
1.000000000000000000e+00
-9.959971768568285366e-01
-4.122908335251182499e-01
-2.631172247741726533e-01
3.684122093875636383e-01
-2.784218201551044158e-01
-9.259535788958226377e-01
1.008830072673794903e-01
3.790216583266983741e-02
-5.186737657850809535e-01
-2.461273546547066149e-01
-8.939297834529927878e-01
1.000000000000000000e+00
4.862403689389763750e-01
6.099148027155828489e-01
4.546653426253627339e-01
9.663244481838865196e-01
-1.000000000000000000e+00
4.162499618393999956e-01
-7.098660778751203493e-01
8.583650277232494907e-02
9.301673328252768602e-04
2.637917418799124586e-02
-2.308177902596731668e-01
-6.308824875930710285e-02
-3.368598637004130980e-01
1.419626150103536766e-01
1.122150872343893047e-01
4.434105840930296361e-01
-7.280269180645065896e-02
-3.157332543494519028e-03
-8.750841937432920492e-01
8.832953954066360414e-01
-8.579920788484349248e-02
2.711949575121215816e-01
9.158847559276490635e-01
-1.350371495185891946e-01
-9.022617281556402080e-01
3.172458691041173950e-01
7.938893361951578076e-02
-5.660729464327779459e-01
-6.785736768331344093e-01
9.855265221749479054e-02
-1.771773109007314939e-01
-5.988814129781339091e-02
5.972166891324175442e-01
-2.357004147500367519e-01
-1.000000000000000000e+00
-9.246702365777627053e-01
-4.439252080833078207e-01
-7.017450471679818891e-02
-9.954058260986738960e-01
7.096461894089367561e-02
8.186902399487613335e-01
-7.216862309083277305e-02
7.655746268083918338e-01
-6.306953361645279976e-01
9.067545909981153951e-01
4.005426815121639339e-01
-6.522733784220072772e-01
-3.803727343664602412e-01
8.196432597752331128e-01
3.185935617045101420e-01
-8.856790551544816426e-01
-2.493680916605157949e-01
7.107004801127223548e-01
-1.052785622534852666e-02
-7.842916338378789209e-01
-5.619104094685580808e-01
-4.355667281344274833e-02
-2.405761568352686453e-01
-2.719060917177648640e-01
3.709247470074285014e-01
1.000000000000000000e+00
-6.885992784725069038e-01
-9.424712761523654780e-01
-2.730876946183738441e-01
-9.934046085947612070e-03
-4.818513086732033601e-01
4.308651956724899312e-01
7.066169597168239225e-01
-7.548926111840978392e-02
-4.538251871490613931e-01
2.644359769497753865e-01
-2.885925476612720142e-01
9.572516532084170970e-01
4.705336803426177217e-01
-1.483502667563461053e-01
5.999608110229750491e-01
7.231807367993603464e-01
-1.000000000000000000e+00
7.660278839479325863e-02
-3.220290080259714527e-01
-9.967972461253281347e-02
-9.611296631348315023e-01
-4.522806866235696832e-01
-2.671189392123299311e-01
-9.980292536905760459e-01
1.955363601822472097e-01
5.416599792310861083e-01
-2.336221135143038558e-02
5.664979786835674241e-02
5.017611470236820193e-01
-9.140703525850010225e-01
-7.083091056751189551e-01
-5.117329380148254447e-01
-8.155011318031750722e-01
-1.000000000000000000e+00
7.880149372504093863e-01
7.820426599026255587e-01
-6.935548746989147473e-01
-4.795681742827404559e-01
-3.840596779189918430e-02
-1.380665793210916759e-02
4.404014788565736582e-01
3.829643341735771700e-01
-3.070194360921379428e-01
-7.428738643933170405e-01
-7.448843567547637490e-02
-2.525439085889011337e-01
8.752348776691645238e-01
-5.102855389977104528e-01
-3.431957014170651521e-02
-8.644836106060849179e-01
6.973971308829884919e-02
9.963696024749107982e-01
-1.959615451710527978e-02
7.816364662595964852e-02
7.140641654591657339e-01
4.142260202620065002e-01
-2.374051907043201182e-01
1.086909711365652842e-01
-9.378862980481932343e-01
1.000000000000000000e+00
9.329394220784852365e-01
4.226294188566137033e-01
-2.592528501960194021e-01
2.966732441188403846e-01
4.596323784111460142e-01
3.185857524780322247e-01
2.837724722560420743e-01
-8.868428669181146473e-01
-3.838575208859508203e-01
4.962619998625075191e-01
-3.593004023605672614e-01
6.950596479273661588e-02
3.223191482087854332e-01
-1.446205358410111372e-02
-2.388187020093354429e-01
-1.948493626030179393e-01
-9.989481135742550588e-01
9.893625050185229641e-01
-7.724660547717348003e-01
8.500581778323262894e-02
-2.786192194741398120e-01
1.347962650497137871e-01
-7.290503228639672040e-01
1.317547611667216345e-01
2.496055657481343060e-01
-3.416163253665081556e-01
4.894324158930595803e-01
1.205485364278209570e-01
-9.684920947030147831e-01
-6.976389528899501480e-01
-8.588094202165287294e-01
7.831200425795112885e-01
1.614588196755253058e-01
3.472008476043688674e-01
5.282031242049437525e-01
2.184119820403784273e-01
-6.734882289965219426e-01
8.403247093647910892e-01
3.607307850383794090e-01
-1.000000000000000000e+00
-1.841531880804722632e-02
1.000000000000000000e+00
-6.167021218433368368e-01
-5.529914255094560416e-03
2.381807982780310973e-01
3.191503179096602527e-01
3.019278691716898444e-01
4.221194223712947946e-01
7.825191737692772653e-01
-6.211295547172684950e-01
-4.360720958389314172e-01
4.403205755537255017e-01
-9.344407412650581612e-01
2.454001888373771312e-01
-2.191422994301053251e-01
3.011887890406492185e-02
3.668453532654887272e-01
-8.830316118611555853e-02
-9.644707082499975881e-01
6.217580404299889452e-01
-4.952497745487833836e-01
-3.696634445122798374e-01
1.199496412490232145e-01
-6.281503846246813128e-01
-2.309689972869784225e-02
5.839775570740465271e-01
4.980170413073281011e-01
6.615428803479271869e-01
5.832971876960048041e-01
8.942322248532100781e-01
-1.000000000000000000e+00
2.261971198830406149e-01
4.044914398869590144e-01
-5.009828720859909462e-02
7.293508950972356075e-01
-1.504531727688217524e-01
-1.240381644091728963e-01
9.676396734001209143e-01
7.649540314062659718e-02
-4.491379504540810030e-01
1.950717981312480864e-01
-1.579939740173669227e-01
9.798235026662251990e-01
-1.665394694499654216e-02
-2.594523526429504678e-01
5.282173089342574457e-01
2.240258966163145016e-01
1.887055833861949750e-01
9.597259625252486936e-02
-3.471088963972582819e-01
-8.563455876592629412e-02
-4.602697414350375160e-01
-2.780783034774143014e-01
1.654083133767164371e-01
1.000000000000000000e+00
-6.061733185301913795e-02
2.691672800826820922e-01
-1.186618064104176251e-01
9.599729416328578457e-01
8.431482401446993569e-01
-1.961297861449502189e-01
-7.116828858208311681e-01
5.364530764676376240e-01
1.000000000000000000e+00
1.000000000000000000e+00
-8.221307164402626988e-01
-6.969995199110783357e-01
-1.906122569733651184e-01
-8.220966849825910028e-02
3.069768062093889416e-01
1.326859169636224189e-01
1.000000000000000000e+00
-5.023416966626705893e-01
-7.483764997248798512e-01
2.194752675647533291e-01
-2.256746919243655392e-01
-9.426333733062175479e-01
5.888350306458575156e-01
