9.591915548611078257e-02
-2.673349400879782567e-01
-1.000000000000000000e+00
7.920286118238270556e-02
-9.014078998604809767e-01
3.394182571916281033e-01
-6.047345942885383741e-01
-5.172247541425526451e-01
2.881713487759662851e-01
-3.016195504611792200e-01
3.773127513322961923e-01
-5.308413674167651308e-01
1.000000000000000000e+00
6.015456444307727413e-01
8.526330549306831985e-01
9.928873125831351176e-01
-7.919328696709083959e-02
-6.045149046746647326e-01
9.557435984093957115e-01
-1.286501524418887099e-01
-2.369281326360489215e-01
2.862152338012666219e-01
-2.271926201116923338e-01
4.763496994749738533e-01
5.249874221658871187e-01
9.367433201683099675e-01
-7.506475683543890609e-01
4.180529440079471803e-01
1.091293808491768103e-02
-1.697308273216658735e-03
8.269820828849454575e-01
-6.299190585442699941e-01
9.222444627026484820e-01
-5.607512713795786974e-01
-3.201029162691100272e-01
-3.377788092168682588e-01
-8.001478328632391501e-02
-2.743845749175889970e-01
1.031395050339391078e-01
6.099648250834752705e-01
6.882214539765059147e-01
-4.223455582474579528e-01
-5.746337383425158540e-01
-3.567742751451200012e-01
-1.075522204202049720e-01
-5.880726903635817848e-01
6.512827808379695327e-01
3.613609258833320181e-01
-6.470731706777045344e-01
-9.980046414898902096e-01
4.868596261057150376e-01
1.038252081954572081e-01
8.626858223927715841e-01
-2.661796495304263321e-01
-4.631277337608025735e-01
3.858605932138615691e-01
1.918178465390338872e-01
5.367006104364057117e-01
5.133536559779170450e-01
6.405954205458508355e-01
-4.636857645159460084e-01
-3.866314661470282577e-01
-6.707690337432949124e-02
3.735747536494117838e-01
6.706549579940499495e-01
-9.263954141572394718e-02
-1.000000000000000000e+00
5.936171858113932220e-01
-9.312397812780897066e-01
-3.133465425497611312e-01
4.433908996072091768e-01
-4.625840493993975122e-01
9.082243118844069985e-01
1.849589165479950115e-01
4.526525490521695616e-01
-1.513277915779089322e-01
7.342056412966946333e-01
7.197421236754573126e-01
-9.831171104515797066e-02
-3.494250997043188423e-02
4.857101644098417159e-01
-5.322351578233878167e-01
9.120005904866154145e-01
2.011889187723296391e-01
1.197161132842489983e-01
-5.262580511385396287e-01
3.070214454314085795e-01
-2.339552304069882904e-01
4.608517329522279216e-01
1.080172284018380280e-01
-5.797706558495118179e-01
1.398941341992395448e-01
1.784928789406279304e-01
5.979370628465155990e-01
5.812906331582673447e-01
3.917328852727184896e-01
8.211585707283311497e-02
-5.593105138952311206e-01
-4.362206634287484897e-01
-3.692571019735340077e-01
5.011264476094637876e-01
1.646043077126146947e-01
-9.744085342782378145e-01
-1.634452601898488122e-01
-8.978975057177397412e-01
-2.068931650241579157e-01
-6.355867058346424958e-01
2.438545724576810514e-01
-1.006423281865537755e-01
9.792212765205360325e-01
8.059917898749309195e-01
-3.676826751666600335e-01
-6.947898442442909106e-01
-7.017447790634733229e-01
-4.291835477774692542e-01
-5.905733034401865478e-01
3.185180453102907094e-01
2.695654434440541980e-01
-2.773151268861893115e-01
1.902815519454520432e-02
-4.501291976643028714e-01
-1.368459802874348319e-01
3.895409128418538813e-01
2.958777679701859453e-01
-6.085319169673694129e-01
-8.582631287020340283e-01
-1.861206966840316113e-01
3.949742534420441764e-01
1.000000000000000000e+00
9.506406810095148485e-02
6.745214910934157482e-01
1.734219749213681272e-01
-8.757074073085728827e-01
-6.140403332460002694e-01
-1.025381301598595613e-02
-4.613424851051721176e-01
8.266491192052055625e-02
-8.375976829563469561e-01
-4.973992169223788729e-01
6.497586839144965376e-01
-4.097116804209347540e-01
1.483700903924917713e-01
-8.475049126793138266e-02
-1.672010949266998503e-01
3.811311835527021463e-01
-7.734123332378876059e-01
-7.263900209187414969e-01
4.852888353509668962e-01
-2.940472024326857836e-01
-7.482512179861604551e-01
4.249913290358544593e-01
-9.571070976892138704e-01
1.773607343503615930e-01
-2.118417788025104276e-01
4.362895881433352940e-01
9.250847586677521939e-01
-1.086157593182402598e-01
1.346871882841751966e-01
-8.220645351663482536e-01
5.539146535268101301e-01
5.264163733442563942e-01
-4.307676579324903887e-01
-1.093770246130677526e-01
2.105540369933507350e-01
1.000000000000000000e+00
-5.179690764189460728e-01
-7.203825632598860607e-02
-1.014688510363924295e-01
-4.822167993779499784e-01
9.318724823179347361e-01
1.716863729180662657e-01
-2.699153074678317110e-01
-1.511389140047845192e-01
-6.218193683257252635e-01
-3.311318819015711123e-01
1.069251222001359712e-02
-1.276731956320622530e-01
-9.974529797493766337e-01
-5.788827530765477958e-01
-2.414929729070141029e-01
9.138552105988135832e-01
-4.953259935266968172e-02
-8.396866205982539411e-01
-3.089751535606891086e-01
3.197873926721115367e-01
-7.103385068256489188e-01
-3.415505306940453539e-02
-8.237511118457090387e-01
-6.643199997625062192e-01
5.140782572215168988e-01
9.367004103061934983e-02
-6.589432341521523906e-01
-2.063847728094762579e-01
6.499561717080404311e-02
9.062633628520926354e-01
2.612249607758923564e-01
-1.000000000000000000e+00
-6.563047628428766989e-02
-1.290534335519407105e-01
-5.655876724040171943e-01
5.073271914684541750e-01
3.434950327216793609e-01
-6.938358618507858844e-02
4.152201892354604462e-01
-7.771239938625836841e-01
-2.021200069927236720e-01
-2.152472323029170631e-01
-4.570147249669370138e-01
6.633491501394256362e-01
3.789831893269507423e-01
-1.211109239664676374e-01
4.394889495967021498e-01
-5.506134768475895447e-01
5.908081695838690583e-01
6.960640664312530701e-01
-2.843342264442382250e-01
1.750524694912557466e-01
-4.129000668866006363e-01
-2.445604965973649236e-01
1.000000000000000000e+00
7.298164421288290127e-01
-3.326027482230535237e-01
4.559830081562691872e-01
-9.114685454006097882e-04
-3.908432151656226483e-01
8.486758703949162097e-01
-3.085648541235951337e-01
-1.506451727205467828e-01
5.720772074444666067e-02
1.685719075804479050e-01
2.273436629975105205e-01
8.421043465836063335e-01
3.939143003026501777e-01
6.337119811960114646e-01
-2.242441729776496473e-01
2.591497123754085696e-01
6.696980367269359524e-01
4.434059308882237066e-02
-9.388975519397135816e-02
1.000000000000000000e+00
3.459633688480167613e-01
1.547672346378041464e-01
7.488320040551370571e-01
2.811274892682095738e-01
6.144964621231172597e-01
1.000000000000000000e+00
-6.439240150793184014e-01
9.938048056834768440e-01
-8.303474288709161710e-01
9.346018785988224886e-01
-5.257278186394481745e-01
-1.322916202378535966e-01
8.099631988736433197e-01
9.883087643987220616e-01
-8.771428499540887547e-01
6.905148433711519873e-01
-9.674761382384146347e-02
-8.256496892413060784e-02
2.699629309885064887e-01
-8.223634125277548002e-01
-9.413858132312066251e-01
-5.560297832956918596e-01
-2.908246848288436048e-01
6.674206912935848335e-01
9.594572430402115160e-01
