-1.000000000000000000e+00
1.000000000000000000e+00
8.673359832833690275e-01
-1.000000000000000000e+00
1.000000000000000000e+00
-5.610775333130797460e-01
-1.000000000000000000e+00
6.534129690865665419e-01
8.582641948204876581e-01
-2.815718832026319340e-01
-1.000000000000000000e+00
-1.000000000000000000e+00
-8.709506946901409696e-01
1.000000000000000000e+00
5.117044724504578035e-01
-5.395504735308458422e-01
2.282974404203579055e-01
7.856565631639111924e-01
5.192974402402941725e-02
-1.000000000000000000e+00
-1.000000000000000000e+00
5.979566835610182762e-01
8.173010292467912663e-01
-5.490346265232619594e-01
-6.382417266118806110e-01
-5.117672897059356574e-01
4.881937049728222178e-01
1.000000000000000000e+00
-6.866961245410978520e-01
-8.877755522536273647e-01
4.195750462955165627e-01
-4.706151802671775242e-01
3.446504277657194137e-01
-3.264941163854270245e-01
-1.000000000000000000e+00
3.595059033395751058e-01
1.000000000000000000e+00
3.012003173359849018e-01
-1.653931285262876250e-01
1.000000000000000000e+00
-9.088842021262524273e-01
1.000000000000000000e+00
1.000000000000000000e+00
7.677986891323722585e-01
1.000000000000000000e+00
-2.747631935944161996e-01
-8.087625553032319337e-01
-1.000000000000000000e+00
-5.867931649461229915e-01
1.000000000000000000e+00
-4.592687924131244048e-01
2.480934187840487803e-01
1.000000000000000000e+00
-8.136304558401076248e-01
-1.000000000000000000e+00
-1.000000000000000000e+00
8.218865304081743872e-01
-3.506760150463937575e-02
-1.000000000000000000e+00
-1.000000000000000000e+00
-1.118937588641799596e-01
9.412057763610447436e-01
-1.000000000000000000e+00
-1.000000000000000000e+00
1.000000000000000000e+00
-1.989914157394138128e-01
-9.467203538294597376e-01
6.221993132810621496e-01
-9.085041213031261886e-01
-2.794939879784616998e-01
2.161185171237600677e-01
4.650987111023132670e-01
-1.000000000000000000e+00
-1.000000000000000000e+00
-2.951459783267673664e-01
-6.672518053096553325e-01
-5.885341335035537691e-01
1.000000000000000000e+00
-3.380184367102112564e-02
7.318049660668930478e-01
-2.192452894938695385e-01
-8.122027588587017455e-01
9.369202698459039302e-01
1.000000000000000000e+00
1.000000000000000000e+00
9.803901791188395221e-01
-1.000000000000000000e+00
7.707086143519761290e-01
-1.000000000000000000e+00
2.992133603362248095e-01
1.000000000000000000e+00
-5.517750660699337617e-01
-1.000000000000000000e+00
4.100261429672816260e-02
-6.060488539830505283e-01
5.509427861412835581e-02
4.262965290667993790e-01
1.000000000000000000e+00
-2.155939514356763342e-01
-1.000000000000000000e+00
-7.922318533465682044e-01
-1.000000000000000000e+00
6.597775587245052753e-01
1.000000000000000000e+00
-1.000000000000000000e+00
1.696778542095071507e-01
-8.763795181670925860e-01
1.000000000000000000e+00
1.000000000000000000e+00
-1.000000000000000000e+00
-3.649022290680024039e-01
-2.411168724942316655e-01
9.327119606701177457e-01
-7.981789296946120160e-01
9.449021296168685913e-01
-6.490410354105161650e-01
6.424164344383487268e-01
1.000000000000000000e+00
-6.745312709664672557e-01
1.703163636306590512e-01
1.000000000000000000e+00
-2.240903745582039086e-01
1.878439755931348154e-01
7.804144668196827395e-01
-7.870116139647165276e-01
8.020879885603806603e-01
-1.000000000000000000e+00
8.471169676013853289e-01
-1.000000000000000000e+00
4.661305120969680971e-01
1.000000000000000000e+00
-7.160576393033919462e-01
9.838043257546861264e-01
-3.108559631530809497e-01
1.000000000000000000e+00
5.435980903143670107e-01
8.966303967208457681e-01
-1.000000000000000000e+00
2.878578999193871502e-01
-2.671096724014783153e-01
2.959779516850056247e-01
1.000000000000000000e+00
-1.000000000000000000e+00
1.000000000000000000e+00
-1.000000000000000000e+00
-9.851545330214046547e-01
-8.840003581982229797e-01
7.170582073821587521e-01
-1.000000000000000000e+00
1.000000000000000000e+00
-9.945755984821571527e-01
6.765793347124651191e-01
-5.114108575067988216e-01
1.000000000000000000e+00
1.000000000000000000e+00
-1.000000000000000000e+00
-4.245954843841645565e-02
1.000000000000000000e+00
-6.854770476531096834e-01
9.341812292579279031e-01
8.511470456947685115e-01
5.837882749435925334e-01
-8.623185501658192642e-01
1.000000000000000000e+00
-8.285125031980626886e-01
3.921082827316789698e-01
1.000000000000000000e+00
2.160275967935642027e-01
-9.981923785228756785e-01
1.000000000000000000e+00
-1.000000000000000000e+00
-1.070500521271833261e-02
4.738435348381939693e-01
-1.000000000000000000e+00
1.000000000000000000e+00
1.000000000000000000e+00
-1.000000000000000000e+00
-8.734512005301648951e-01
9.515830754608831654e-01
1.000000000000000000e+00
7.224854574001831065e-01
-1.000000000000000000e+00
2.972407124174464843e-01
-3.935244488610498692e-01
-5.331792040131144716e-01
-1.000000000000000000e+00
-9.879517398808663753e-01
1.000000000000000000e+00
-9.423457653101213749e-01
-6.758332240907998223e-01
1.000000000000000000e+00
-1.000000000000000000e+00
1.000000000000000000e+00
6.181304692268740908e-03
-9.440297549826404122e-01
2.296726088678229249e-01
-9.120473495803697039e-01
-9.833974496713971947e-01
-1.000000000000000000e+00
-1.000000000000000000e+00
1.000000000000000000e+00
-1.000000000000000000e+00
4.701679823844724382e-01
-2.018595776772749151e-01
1.000000000000000000e+00
8.158815718509437875e-02
6.078104572037008602e-01
-7.641659354053653708e-01
7.592417936934536815e-01
7.330345414379182967e-02
-6.888512137907342181e-01
1.000000000000000000e+00
1.315881584192168940e-02
1.000000000000000000e+00
1.000000000000000000e+00
-1.000000000000000000e+00
1.000000000000000000e+00
7.621839151589883121e-01
1.000000000000000000e+00
1.000000000000000000e+00
1.000000000000000000e+00
-2.509987477062535777e-01
2.521465580880302149e-01
1.000000000000000000e+00
9.698443361379368577e-01
1.880651761053825921e-01
4.126133149333968131e-01
-1.000000000000000000e+00
1.000000000000000000e+00
-9.125158473857905572e-02
-1.212810680034661637e-01
-1.000000000000000000e+00
1.000000000000000000e+00
1.000000000000000000e+00
-1.000000000000000000e+00
1.000000000000000000e+00
-8.947327749091988913e-01
6.765230296065986026e-01
9.254527924912838710e-01
-9.850316851913819560e-01
-5.705244915668158390e-01
-2.932550806336394755e-01
-7.370164213264085440e-01
-1.000000000000000000e+00
1.000000000000000000e+00
5.306380607846000741e-01
-1.000000000000000000e+00
-5.183939568603573855e-01
-1.000000000000000000e+00
9.705727982396755715e-02
-1.000000000000000000e+00
-1.000000000000000000e+00
9.891428611967411078e-01
-1.000000000000000000e+00
-7.386872617793998064e-01
9.610150023569619115e-01
-4.259721431012322701e-01
4.734219783096071943e-03
-2.279701133564893401e-01
-1.000000000000000000e+00
-3.199506759642665177e-01
1.000000000000000000e+00
-3.033331789057612804e-01
9.133367025626824010e-01
1.000000000000000000e+00
