-8.671774959767086788e-01
-1.000000000000000000e+00
8.905431617834166369e-01
-7.094847433594591024e-01
-9.806564841097730190e-01
1.451184124054891861e-02
1.000000000000000000e+00
-3.776807498997424295e-01
8.060096735102180165e-01
1.000000000000000000e+00
-1.000000000000000000e+00
-7.251212048493338447e-01
-1.000000000000000000e+00
3.293565183205386382e-01
8.201988345198437669e-01
-1.000000000000000000e+00
1.000000000000000000e+00
-8.604780377116439949e-01
4.917855002572558143e-01
-5.299543948749375621e-01
-1.000000000000000000e+00
-7.087061060947962288e-01
5.433322576335859466e-01
8.816609340558245744e-01
-6.094409075978164392e-01
-8.116584250627378871e-01
2.638306795811725114e-01
-7.574895302797304275e-01
-1.000000000000000000e+00
-8.630131902804896171e-01
5.883790581412021714e-01
-8.933043733296321953e-01
1.000000000000000000e+00
-9.402950742080428137e-01
9.756352936029681899e-01
-1.000000000000000000e+00
-3.212750695643104004e-01
8.516964200907988225e-01
-8.358055449905588130e-01
4.059422603285124387e-01
9.203816294106605955e-01
9.943981459132088530e-01
9.483833183523849852e-01
-8.247385223131117327e-01
-9.948072272704137076e-01
-1.828015945954067911e-01
-9.519527602480264417e-01
-9.217315372580943134e-01
-1.000000000000000000e+00
-7.392724859923677228e-01
-9.975833971383909482e-01
-4.752229843483765093e-01
7.492246619597058288e-01
1.000000000000000000e+00
8.381984488027518498e-01
7.799365365895760682e-02
-9.981238267684421350e-01
-4.614017837858214177e-02
1.000000000000000000e+00
-2.273573030688133545e-03
-1.715042382560008349e-01
2.976928903385178127e-01
9.992914483417837390e-01
-8.678566164250316461e-01
7.094847433594591024e-01
-1.000000000000000000e+00
3.615568552758470222e-01
-9.989378953961980390e-01
9.925659995074583852e-01
-1.000000000000000000e+00
7.705067680738688640e-01
9.232908126597916265e-01
-7.839156720544530055e-01
-8.122359281014849275e-01
-2.407348930755582872e-01
-9.709080858392484803e-01
-3.414780879987368012e-01
-8.803248365611899828e-01
2.765741512184832218e-01
1.000000000000000000e+00
-1.000000000000000000e+00
9.730567612498477459e-01
1.213531610145520273e-01
7.504707990222592162e-01
8.690194524785843644e-01
8.205031339742416829e-01
-9.512767756961592047e-01
-5.086008246756665852e-01
-1.000000000000000000e+00
1.000000000000000000e+00
9.998999015023322112e-01
1.000000000000000000e+00
1.000000000000000000e+00
1.523337013144836494e-01
1.000000000000000000e+00
-9.600017330429345686e-01
1.000000000000000000e+00
-9.069971775151439708e-01
-1.000000000000000000e+00
-7.094847433594591024e-01
-2.792477855989939362e-01
1.000000000000000000e+00
-1.000000000000000000e+00
1.948535933327477654e-02
-6.495446107977539407e-01
8.557372635027808982e-01
-9.536322776543195712e-01
-8.834742158949806523e-01
-1.000000000000000000e+00
-2.920565725603804785e-02
7.619901417793296661e-01
-9.772509416523922354e-01
1.000000000000000000e+00
8.769075520776347110e-01
-7.094847433594591024e-01
-5.836176350741635321e-01
-3.699255232256931647e-02
-8.492537612621594567e-01
4.315121797841250384e-01
8.566616354955531865e-01
7.094847433594591024e-01
-3.139767831127344699e-01
4.243735563189802995e-02
5.477671195397125770e-01
-7.094847433594591024e-01
-1.000000000000000000e+00
-9.603389373062706236e-01
9.270763018889298657e-01
9.480580056350716711e-02
9.918109169781315071e-01
7.691566080302904007e-01
9.132990615744240870e-03
9.610675110999279402e-01
-1.000000000000000000e+00
-8.931801453967709303e-01
7.094847433594591024e-01
7.096699016383134495e-01
9.826865896144045820e-01
-4.564357638326038136e-01
3.684832081579083596e-01
-7.177467626469629103e-01
-9.727526281043871181e-01
-9.876700492030657808e-01
1.000000000000000000e+00
-1.000000000000000000e+00
-6.172402004173020984e-01
-1.000000000000000000e+00
7.609680115754993146e-01
9.456447071387776848e-01
-8.430569934892937489e-01
-9.539623488146904418e-01
-8.729039291610926066e-01
-7.061893917196249149e-02
9.751523734109841524e-01
-5.227172685211727288e-01
9.456619240263572923e-01
5.088962052791010660e-01
5.380264143071576965e-01
-3.842054278720563598e-02
1.000000000000000000e+00
-9.116902226975702739e-01
7.065213961899861062e-01
-7.094847433594591024e-01
-1.000000000000000000e+00
9.153083316984903517e-01
-9.458978824425021692e-01
-5.671432437757729650e-01
6.709482136163567034e-01
8.917259047103263114e-01
-9.887472644050132597e-01
-7.094847433594591024e-01
-8.322799691173663472e-01
7.094847433594591024e-01
6.468897152461089428e-02
-9.957472063797916384e-01
-9.788803562832792959e-01
9.680459341767571058e-01
4.660320789131912611e-01
-9.027451706182159086e-01
7.530604605174187061e-01
-8.051320530087099359e-01
-1.000000000000000000e+00
9.474947121524952554e-01
1.000000000000000000e+00
9.283070189496814839e-01
3.263480125512406571e-02
-8.863226400504136127e-01
-8.349149065164933603e-01
3.244343625088315086e-01
-9.737948757794209209e-01
-9.274549599994663662e-01
7.094847433594591024e-01
-8.505660286500269507e-01
7.869014587702836128e-01
-9.179629223178543684e-01
-4.946981080165017142e-01
1.000000000000000000e+00
-9.043125837258327859e-01
-1.000000000000000000e+00
-7.906250980196899425e-01
-1.000000000000000000e+00
1.000000000000000000e+00
9.077988092867314007e-01
-9.773867611064768202e-01
-1.000000000000000000e+00
-6.140356417177004200e-01
1.000000000000000000e+00
-9.499910783542576675e-01
-9.991691485324620814e-01
-1.000000000000000000e+00
-9.095713260929253474e-01
9.136970169258573637e-01
2.355463851480127380e-02
9.485490064659337639e-01
-9.002497716464252786e-01
8.593617412667170496e-01
-9.411675353384207909e-01
-1.000000000000000000e+00
-1.000000000000000000e+00
2.494850114730773685e-02
-9.882536568714279657e-01
9.032330124034037011e-01
-8.738994370711850035e-01
-6.246425478163640799e-01
-7.270109713308122723e-01
-1.000000000000000000e+00
-5.073347674830064324e-01
-5.621194292141880045e-01
9.977177626749750283e-01
7.094847433594591024e-01
-9.394309188614836659e-01
5.428764236171028656e-01
1.395493677253583087e-01
1.000000000000000000e+00
-8.653459800493030762e-01
1.000000000000000000e+00
-4.687179529780323151e-01
-1.000000000000000000e+00
-1.000000000000000000e+00
-2.522219371732287163e-01
1.000000000000000000e+00
-9.140171140031420061e-01
-1.000000000000000000e+00
1.000000000000000000e+00
-9.728035346380341508e-01
1.862921537213988732e-01
-9.959454674070058466e-01
1.000000000000000000e+00
-9.512859366848545051e-01
-9.117932826963740522e-01
1.000000000000000000e+00
-3.764258308715886514e-01
-7.417742608686942463e-01
-1.942618292776396860e-01
2.760252603940317462e-01
3.219777886252152554e-01
1.624629428342544424e-03
1.000000000000000000e+00
-1.000000000000000000e+00
-9.952092207886034658e-02
9.890452709254782260e-01
-9.495286200659388554e-01
-3.173085756939375557e-01
9.966845559600538973e-01
7.094847433594591024e-01
