-9.330613027274526905e-01
-7.627694861248931479e-01
-9.880276571702999444e-01
-9.841432520370752002e-01
-1.000000000000000000e+00
6.304468263084830326e-01
-9.846343404977098146e-01
4.714675326832467595e-01
9.857801975573733388e-01
1.000000000000000000e+00
7.673353679635582791e-01
1.000000000000000000e+00
1.000000000000000000e+00
1.000000000000000000e+00
-1.000000000000000000e+00
1.000000000000000000e+00
1.325532251253584703e-01
8.588826089161588628e-03
8.542831557024864464e-02
5.570509439745223723e-01
-9.857682830610265956e-01
-9.945946815252484363e-01
-5.923593182371258425e-01
-1.000000000000000000e+00
9.841657286747228506e-01
-2.070395056551216084e-01
4.650732772649526225e-01
7.572367415808421987e-01
-9.180433120795704616e-01
-1.000000000000000000e+00
-9.943109530871988566e-01
9.835431657424231755e-01
-1.327668347887328570e-01
-2.098527502940061296e-01
-8.655246998255528013e-01
9.813405261309384731e-01
-1.000000000000000000e+00
-1.000000000000000000e+00
-8.393222048546858938e-01
-2.124449780993233894e-01
-9.937905208833559545e-01
4.108363991498261564e-02
-9.812204396599070177e-01
-1.000000000000000000e+00
-9.785865811002671943e-01
7.235742368956966653e-01
-9.375474160751477992e-01
-1.000000000000000000e+00
-9.939289743225239171e-01
-7.463497548392701297e-01
2.536558188695112737e-01
-2.317074448999973946e-01
4.902805271666915710e-01
9.124710893870944250e-01
9.844569115898026412e-01
9.757589999508128331e-01
1.206904147912920555e-01
1.000000000000000000e+00
-4.971506654227666466e-01
1.000000000000000000e+00
-7.373198255564786252e-02
-7.853844074290139421e-01
1.126142813190081915e-01
7.539252547440098429e-01
5.461797593416057861e-01
1.000000000000000000e+00
7.569566221334389500e-01
-4.507930449725103261e-01
-7.155058735729462605e-01
6.216127441543417564e-02
1.000000000000000000e+00
8.280476311163056380e-01
1.000000000000000000e+00
-5.245422594924288584e-02
-1.000000000000000000e+00
-5.857653012767995993e-01
-8.841381413028425174e-01
-1.000000000000000000e+00
4.406455231139309037e-01
5.840294938645634870e-01
9.823923621598668054e-01
3.998559741148698388e-01
-8.449586122616059569e-02
-9.723731101461203785e-01
-1.000000000000000000e+00
-2.350264741795803358e-01
-5.959290175035091008e-02
3.667485578541527791e-01
3.926715240493604542e-01
6.921682096498263936e-01
9.881435313797399811e-01
-1.393587092978659445e-02
1.918585758495302551e-01
1.000000000000000000e+00
-1.000000000000000000e+00
-4.968444317798840770e-01
-9.550318742232828395e-01
-7.062918169479042163e-01
1.000000000000000000e+00
-5.465660026439855823e-01
1.000000000000000000e+00
-9.815798997877031029e-01
-2.942824346606121022e-02
6.405827803453582048e-01
-8.511064223207732704e-01
-9.269629105588421680e-01
1.000000000000000000e+00
-1.000000000000000000e+00
-7.187707320986742587e-01
8.481098356057282794e-01
-2.600512261365813815e-01
9.483341467340513642e-01
-1.000000000000000000e+00
6.462366351408085352e-01
-1.000000000000000000e+00
-1.000000000000000000e+00
7.748704979986250629e-01
9.808887813937873235e-01
-9.808175639361943476e-01
-9.472876231939694192e-01
8.465762519933287544e-01
9.828643327030303078e-01
-1.743934945894320410e-01
-7.663230930977968924e-01
-9.568226851292579438e-01
6.536388455750778981e-01
-5.388287959820903250e-01
-9.906252262185131219e-01
-9.877804794884288420e-01
5.833420224325139847e-01
-1.155722855603842775e-01
-1.202525539672225779e-01
9.326695342535452626e-01
-4.612034587092945781e-01
-1.000000000000000000e+00
-9.839936017549379965e-01
-7.599948413560428939e-01
4.172419782895980256e-01
5.852064044310886087e-02
-7.698291274730196809e-01
9.821449448133779958e-01
9.800965941340188392e-01
-6.064452862116996856e-01
-9.119404845678744653e-01
-5.739044757067431890e-01
-8.635057046153039595e-01
5.909423412530537822e-01
8.774685168771526600e-01
3.059973499357105942e-01
9.910973657542268000e-01
3.051498830876829271e-01
-9.793077137201591231e-01
9.802765698752605728e-01
1.000000000000000000e+00
-9.448987352424265129e-01
1.000000000000000000e+00
-8.949212299022252237e-01
-9.757396753218089414e-01
9.978168803061884251e-01
-5.929485793596518395e-01
-9.843837008626434848e-01
4.130248668764351927e-01
-9.772353903603329117e-01
-9.750205402251155284e-01
9.519004017099936821e-01
1.000000000000000000e+00
9.874353439214627048e-01
9.787887998955737689e-01
-9.788753931768383598e-01
-5.872343909213773028e-01
-1.000000000000000000e+00
9.191111147325630171e-01
9.831188836405650999e-01
7.637586184445573911e-01
9.730495363512188245e-01
-2.833937011965416142e-01
-1.000000000000000000e+00
-9.715041220408918710e-01
-1.000000000000000000e+00
-1.643353251383813385e-01
-9.674272447250237272e-02
-1.000000000000000000e+00
9.791777889893273912e-01
-9.644944581906794712e-01
-3.802019114417098944e-02
-6.825972901316030850e-01
1.000000000000000000e+00
-3.930708888766336617e-01
2.948901214917898361e-02
-9.033390358180825030e-01
8.497125105136215106e-01
1.193694372875685472e-01
7.564797301367418569e-01
-1.000000000000000000e+00
-9.941740990526436450e-01
-9.824257318699045616e-01
9.804584081494475134e-01
9.825626424236831857e-01
-8.836118943060952136e-01
1.000000000000000000e+00
9.303456969315462288e-01
-2.945155497985452175e-01
1.000000000000000000e+00
9.411560287136493397e-01
8.604411204783983802e-01
-4.912967845021019575e-01
-1.000000000000000000e+00
-9.955838953328606244e-01
-7.005837172077163943e-01
1.000000000000000000e+00
-8.391778489246948247e-01
8.408175197301667181e-01
9.567999258821962005e-01
-8.379246087290476153e-01
5.985798711317338316e-01
-1.000000000000000000e+00
-9.815342002169358260e-01
9.696912177597337701e-01
6.012773833420706482e-02
-4.501312113683816341e-01
8.851098824217886740e-01
1.000000000000000000e+00
-7.195479418532907401e-01
8.723702072108111549e-01
8.760645351812970105e-01
-4.842620026742532890e-01
6.023631077662208039e-03
9.815113570714202318e-01
8.016685612106596581e-01
-7.199095207095206339e-01
9.810601612523256465e-01
2.087392231017181077e-01
-9.850068886727039175e-01
1.000000000000000000e+00
6.980548381112684497e-01
9.163105675189501254e-01
-1.000000000000000000e+00
9.802729581993137042e-01
-9.976404217840731947e-01
7.888795221306973415e-01
7.829464306294885434e-01
-1.000000000000000000e+00
-8.556773251930803736e-01
-9.326663284208083216e-01
-1.000000000000000000e+00
8.883257222527096708e-01
-9.818530000038099281e-01
3.939431320492322586e-01
1.000000000000000000e+00
-8.737200561916125263e-01
-1.000000000000000000e+00
8.384572754597514610e-01
9.131609015807929941e-01
9.895981294058592281e-01
-7.616561095901404066e-01
4.565843166426386546e-04
-9.971389978965895518e-01
9.822799502544160566e-01
-6.665601858682700387e-01
-7.647221747846763007e-01
-1.000000000000000000e+00
-1.000000000000000000e+00
1.000000000000000000e+00
9.794936990632395757e-01
8.974061325886221185e-01
