-5.013769807424897085e-01
-2.877931005897358951e-01
1.000000000000000000e+00
-4.355275428207727173e-01
-1.000000000000000000e+00
-1.000000000000000000e+00
-1.000000000000000000e+00
1.000000000000000000e+00
2.268893526707401465e-01
-8.994342901033236526e-01
5.373261228488375174e-01
6.632126330624805721e-01
-1.708802593348217602e-01
8.675707229775508900e-03
1.000000000000000000e+00
-1.000000000000000000e+00
1.000000000000000000e+00
1.155499675951400934e-01
-4.936037368173754603e-01
1.000000000000000000e+00
1.000000000000000000e+00
1.000000000000000000e+00
-9.968729525220556553e-01
-3.832084472918182994e-01
1.500417173835071338e-01
3.182486486806447301e-01
-1.000000000000000000e+00
1.000000000000000000e+00
-7.913944264027397146e-01
-9.237209115546924920e-01
-2.307406888728353866e-01
4.437202203110872101e-01
9.011862899167979446e-01
-1.000000000000000000e+00
-1.000000000000000000e+00
1.913326050898379871e-02
-6.040691001441703678e-01
1.000000000000000000e+00
-1.000000000000000000e+00
-1.000000000000000000e+00
6.214711631112308510e-01
-5.753493808971308354e-01
-1.000000000000000000e+00
1.000000000000000000e+00
1.319177362617740545e-01
-9.940073775758547781e-01
-1.000000000000000000e+00
1.000000000000000000e+00
7.714072857635259073e-01
-1.000000000000000000e+00
-8.605568313156692906e-01
1.000000000000000000e+00
1.000000000000000000e+00
1.000000000000000000e+00
7.242442882459169118e-01
-1.745597776598965256e-01
-1.777445038121050480e-03
-1.000000000000000000e+00
-9.584183058306811054e-02
-1.000000000000000000e+00
1.000000000000000000e+00
6.981812752039738834e-01
-1.000000000000000000e+00
-9.967054206510786996e-01
8.253621323395177178e-01
-9.560430398198382917e-01
-1.000000000000000000e+00
-4.105303294199482700e-01
-5.568503858707942733e-01
1.000000000000000000e+00
1.726041961189639373e-01
1.000000000000000000e+00
-3.039778583442142024e-01
2.750366719055870046e-01
1.000000000000000000e+00
-9.212819838639447756e-01
1.000000000000000000e+00
-7.315013099419842568e-04
-7.396190701001301715e-01
1.000000000000000000e+00
-9.948431293393846797e-01
-9.810095556505362691e-01
-1.000000000000000000e+00
-1.000000000000000000e+00
8.316556571540867360e-02
8.789090880146710472e-01
-1.000000000000000000e+00
1.000000000000000000e+00
-1.000000000000000000e+00
-8.070922180355259989e-01
-6.972055095656560786e-01
1.000000000000000000e+00
-2.276470668490369054e-01
1.194646631493218036e-01
7.903507787842425358e-01
-1.000000000000000000e+00
8.867306137233808006e-01
5.108388590600569934e-01
-7.105398008771626195e-01
-1.000000000000000000e+00
4.364629605318666172e-01
1.000000000000000000e+00
-6.607224864463061564e-01
5.648714233013055752e-01
8.171289540506720961e-02
1.000000000000000000e+00
-9.716346722282354076e-01
8.397767752793510176e-01
-1.000000000000000000e+00
-1.000000000000000000e+00
8.635661942570471705e-01
-1.000000000000000000e+00
5.273601480621472604e-01
-1.000000000000000000e+00
-1.000000000000000000e+00
8.635661942570471705e-01
2.274962659079484695e-01
-1.000000000000000000e+00
-6.664104386386501266e-01
-1.000000000000000000e+00
2.446555320724197458e-01
-4.031893482769661752e-01
-4.699486928104389394e-01
-5.535255857415324332e-01
-1.000000000000000000e+00
6.558672814608593749e-01
-9.814273368431910560e-01
-1.000000000000000000e+00
1.000000000000000000e+00
1.000000000000000000e+00
1.000000000000000000e+00
-9.207099052832966590e-01
-1.000000000000000000e+00
-1.000000000000000000e+00
-1.265647967609051516e-02
-1.000000000000000000e+00
-1.392143132285905693e-02
-1.000000000000000000e+00
1.735466561381772133e-01
-1.000000000000000000e+00
-6.997806313627535912e-01
-1.000000000000000000e+00
8.112466075223556672e-02
-3.462233641270567874e-01
1.000000000000000000e+00
1.000000000000000000e+00
-5.215000360695420945e-01
-1.000000000000000000e+00
-7.288895516582876155e-01
8.412416967793070466e-01
-9.959549274243805206e-01
1.000000000000000000e+00
9.843046199928874307e-01
-8.633459254630422297e-01
2.947417399267404647e-03
-1.000000000000000000e+00
-4.581628681722744734e-01
1.000000000000000000e+00
1.000000000000000000e+00
-4.654816637215645203e-01
1.000000000000000000e+00
-7.132382347702763692e-01
1.000000000000000000e+00
2.968794281947109148e-01
-2.460799862536409144e-01
5.791148665954990449e-01
-8.099950346934094991e-01
9.954557257612137722e-01
1.493550006762961457e-02
-9.921473945185115273e-01
-7.039226270666779639e-01
2.921909586667613135e-01
5.201500810565842237e-01
-1.115505017921933906e-01
-2.171452384818457759e-01
1.000000000000000000e+00
-1.000000000000000000e+00
-1.000000000000000000e+00
1.000000000000000000e+00
-1.000000000000000000e+00
7.640735296853136127e-01
-5.049863328574679677e-01
7.597851789876488571e-01
-3.163022953926686309e-01
6.455072967736583678e-01
-1.000000000000000000e+00
-1.000000000000000000e+00
4.967512646205018978e-02
9.550179070163467010e-01
-5.372195676797912878e-01
9.429709341480898566e-01
9.668105307495343803e-01
-5.026146128523582002e-01
1.000000000000000000e+00
4.749399961579969798e-01
1.000000000000000000e+00
-3.522099231249097850e-01
-5.271698622315688088e-01
2.868253864915907281e-01
8.894852856121530094e-01
-1.000000000000000000e+00
-1.000000000000000000e+00
-8.125873368815441644e-01
9.365146831940066585e-01
-8.577611803529430201e-01
6.528897625989495968e-01
9.435157081062376383e-01
-7.150630388134694426e-01
-1.000000000000000000e+00
-1.000000000000000000e+00
-3.600058852931625752e-01
6.121869938332393790e-01
5.711708181436004894e-01
1.000000000000000000e+00
-1.000000000000000000e+00
1.000000000000000000e+00
1.000000000000000000e+00
9.261575995269096806e-01
7.482651546514302865e-01
1.000000000000000000e+00
-6.866523628687754011e-01
-9.164752923843351162e-01
8.804265567785657387e-02
1.000000000000000000e+00
1.000000000000000000e+00
5.929107884067443823e-01
-1.658182388591624909e-02
1.000000000000000000e+00
8.636911887654750153e-01
-5.803487685061750057e-01
-1.000000000000000000e+00
-1.000000000000000000e+00
-1.000000000000000000e+00
7.687383555273979985e-01
-1.000000000000000000e+00
-7.676014622821689670e-01
-6.978163375265251656e-01
-1.000000000000000000e+00
-3.357210294442947163e-02
-7.901161694192471163e-02
-1.000000000000000000e+00
3.451928419414154736e-01
-2.001077285482969759e-01
-9.841637094937085717e-01
-5.625524818332119370e-01
8.881521789817580226e-01
9.244456463704782134e-01
1.000000000000000000e+00
1.000000000000000000e+00
9.024327078539855496e-01
-8.793544541665383463e-01
-9.816522378980496732e-01
-1.000000000000000000e+00
1.074673727095727394e-01
1.000000000000000000e+00
-4.106676386734503525e-01
-1.000000000000000000e+00
-4.247004477154645019e-01
-2.516258754746014681e-01
-1.000000000000000000e+00
-1.000000000000000000e+00
7.496991651155009428e-01
5.991116741947197788e-01
-1.017093970865823038e-01
4.077903163024788613e-01
