1.176514091801821316e-01
9.501838296467101097e-01
1.527203496662188353e-02
-8.923406183061989294e-01
7.061161262147906958e-01
1.000000000000000000e+00
8.939701189542419435e-01
-3.143623197800200497e-01
-1.811353589169314993e-01
-6.712932378615101836e-01
8.801188523742667913e-01
4.329270228319082037e-01
3.037828722076711951e-01
2.294283029649828443e-01
-9.837110162363471577e-01
-1.000000000000000000e+00
-4.406822284392099554e-01
-1.196719959264407329e-01
8.681581642055149484e-01
5.722825359576402260e-01
5.452810382253534538e-01
-8.837472388926989053e-01
9.383955872423151989e-01
-1.981900503495181987e-02
-4.970368474862303376e-01
1.000000000000000000e+00
-5.621279303271047301e-01
-8.925435827924624865e-01
1.000000000000000000e+00
-9.070846456389921597e-01
-2.886360427844551491e-01
6.112824046822773472e-02
-1.000000000000000000e+00
-4.943379316546729352e-01
2.387071689982945832e-01
8.031311477227980333e-01
5.369972904313863316e-01
7.772770147099916649e-01
5.756515188530619831e-01
3.793327295564012380e-01
9.110331818524313174e-01
9.024451463236907722e-01
5.814234721772677528e-01
4.341141172051707908e-01
-9.492177643574186696e-01
-3.928231546107074923e-02
-8.960556499858123303e-01
-3.573837459064432842e-01
1.147213074403190258e-01
-5.263496373115679194e-01
-2.914713947828452834e-01
1.000000000000000000e+00
-6.556228079246331220e-01
8.571974471661920614e-01
-5.426816899833600827e-01
-8.947031774230935763e-01
1.000000000000000000e+00
9.553999233804436608e-01
-3.367712598548391889e-02
-2.466779868167158218e-01
-7.833542648903648598e-01
8.801095400313134753e-01
-1.000000000000000000e+00
-1.000000000000000000e+00
-2.513739958860516932e-01
-9.580438220786553494e-01
7.689305069789751368e-01
5.709480156281186991e-01
-9.021472874082221427e-01
1.417918175248892299e-01
8.292326794504500942e-02
1.000000000000000000e+00
-5.794046120426779023e-01
-1.000000000000000000e+00
-1.000000000000000000e+00
-8.173206905155396829e-01
7.801771643644661580e-01
4.203001599161919621e-01
2.218599081421507857e-01
8.803216232064936531e-01
-3.962460119760144450e-02
5.533801564692442110e-01
8.261172146313358056e-01
-7.146978470503831948e-01
-4.276634568580202078e-01
7.137585788639461137e-01
-4.508217094504267664e-01
3.497378491098863673e-01
7.671113712657606776e-01
-5.353992892446348684e-01
-8.006540919287670199e-01
-4.745091350452613765e-01
4.618482580220569789e-01
1.000000000000000000e+00
-3.022089501677325263e-01
-1.787010398545575973e-01
8.282794734292245886e-01
-6.547734633974109375e-01
-9.860001470316231975e-02
9.302387170640243896e-01
-7.440670959450825794e-01
-7.808796777910358422e-01
-9.190088792311438270e-01
-5.126934787268400129e-01
-1.000000000000000000e+00
4.276634568580202078e-01
9.025356164593790753e-01
4.135218720880183274e-01
-2.137301516144189395e-01
9.487074548228957571e-01
-1.000000000000000000e+00
-1.000000000000000000e+00
-8.746123232969273964e-01
4.153101889306628491e-01
1.000000000000000000e+00
3.756472865268349892e-01
-5.946232922366702089e-01
5.481646075597750301e-01
-5.625186180651493562e-01
5.538671160241472879e-01
-4.150532604929331737e-01
4.221536167160553910e-01
-9.016398565937167042e-03
-4.276634568580202078e-01
-1.000000000000000000e+00
4.306736396151816804e-01
6.174455847320612367e-01
-5.372989841032121960e-01
5.761738225027703830e-01
-5.200250802282369023e-02
7.631165158716346486e-01
-5.271074062710030539e-01
-1.000000000000000000e+00
1.777143680487817679e-01
7.344046812078384168e-01
-1.000000000000000000e+00
-1.000000000000000000e+00
-1.000000000000000000e+00
9.246415361493238727e-01
1.000000000000000000e+00
6.374296506264279794e-01
-1.000000000000000000e+00
5.176840613958411108e-01
-7.185573431774175956e-01
-7.256357032926266104e-01
-1.000000000000000000e+00
-9.300657695664721336e-01
-9.153422356390128467e-02
-8.345962089417147123e-01
9.877147727334498750e-01
-4.477450348692446069e-01
-7.250092402153304749e-02
3.195922702339032417e-01
-1.000000000000000000e+00
-8.582262148535994006e-01
-7.475279256078837253e-01
-1.709397514678808738e-01
3.247133642927496622e-01
-6.948087490946264211e-02
9.560870420806675263e-01
6.881822647443202046e-01
1.072599855612470510e-01
-9.562137108043902156e-01
9.750079430622018428e-01
2.924230073258839990e-01
6.099946182521882587e-01
6.081227305925824833e-01
1.620387500241394219e-01
-7.444849972466883736e-01
5.562449317174791297e-01
-6.821350833148109860e-01
2.362471760159294831e-01
8.549934503510264738e-01
-1.913862966785685460e-01
-7.535805386131347872e-01
9.215542838573358431e-01
8.776056496681148289e-01
1.627185219211369771e-01
8.420075969532113680e-01
-8.211351102809181235e-01
4.093503301283979434e-01
-7.216783750233226602e-01
5.371198221897254266e-01
-9.643042523768617924e-01
-6.647632981474503877e-01
8.855267752750902721e-01
-7.759955425939698559e-01
6.799481303916560249e-02
5.578464690140646498e-01
-7.487269768532015535e-01
-6.396090091995170201e-01
-6.561435673697292303e-01
-2.356814676588401825e-01
-5.481260683148410084e-01
-6.107345836874192857e-01
3.387542356419894762e-01
-2.509330021458321403e-01
-2.418383295191753879e-01
-1.157739954585699782e-01
-7.763979505601994457e-01
8.100224627595854487e-01
1.000000000000000000e+00
-7.509219587070601332e-01
8.627017591898679116e-01
-8.256327739131564813e-01
-4.170557112715331249e-02
-8.849436539721318162e-01
3.561700834477267708e-01
2.982854598961848236e-02
-6.877593122640390799e-02
-9.271941277156977579e-01
-9.865925963044289704e-01
5.351540722109753290e-01
-5.220504991441010656e-01
3.601844858296627816e-01
1.000000000000000000e+00
8.885276521429636976e-01
-3.092647311429849721e-01
-7.992627815907283884e-01
-1.000000000000000000e+00
-2.635250874566033574e-01
-7.849519301573699703e-01
-6.690062724068188693e-01
-1.168776419061284821e-01
9.744232219540484019e-01
-8.316534633307810509e-01
-2.418514293292852169e-01
7.008362422955372040e-01
-8.060940019509019727e-01
-6.570559755696159243e-01
-3.356927381596853666e-01
-5.137858569873283709e-01
-8.227107846462055063e-01
-2.427940071872896621e-01
-1.997122855220990756e-01
-7.785007215448428441e-01
-9.409252001433598966e-01
5.077203377172142540e-01
3.328936576190526520e-01
-4.383522618156809880e-02
-4.276634568580202078e-01
9.255277482000960898e-01
9.578116736320760882e-01
1.000000000000000000e+00
1.439876420456603912e-01
1.000000000000000000e+00
-2.937302734203249277e-01
6.918042207112563569e-01
1.000000000000000000e+00
1.517253602257691569e-01
-3.942725655292070308e-01
3.577084042631700767e-01
3.750846986079773293e-01
8.426286103271608541e-01
4.276634568580202078e-01
-1.000000000000000000e+00
6.267627905963496504e-01
1.000000000000000000e+00
1.003747779022401143e-01
-5.651003626241730693e-01
9.857555560637039083e-01
-7.647193887006111801e-01
5.467720797999513493e-01
7.134958044030050850e-01
2.733490692262722233e-01
