-1.000000000000000000e+00
-1.000000000000000000e+00
-7.729940266627821632e-01
8.384862612865073839e-02
1.000000000000000000e+00
8.806043822419853395e-01
-1.000000000000000000e+00
-1.000000000000000000e+00
-1.000000000000000000e+00
-8.135356370852246943e-01
-4.396536041087059643e-01
6.870337240863689798e-01
1.941155586779423903e-01
8.026212387198637943e-01
-9.794345066910243869e-01
-7.432093452696557634e-01
8.707662929999420154e-01
2.012572203468873666e-01
-9.248214008309044720e-01
-1.053295073737438026e-01
7.734567932796900802e-01
2.010110629146605321e-02
-1.800657697609115981e-01
8.731641128454699086e-01
8.603528195056142636e-01
1.968645780111021315e-01
-4.350803737909066382e-01
1.000000000000000000e+00
-1.000000000000000000e+00
-1.000000000000000000e+00
1.282399480971805339e-01
1.000000000000000000e+00
-1.000000000000000000e+00
1.199111957584779731e-01
-1.000000000000000000e+00
-8.621993445827612623e-01
-9.495493767205289704e-01
-7.376250414812877132e-01
-1.000000000000000000e+00
-8.189398415719771895e-01
1.000000000000000000e+00
-1.000000000000000000e+00
1.124262796375304907e-01
-5.905990589192984253e-01
-2.501691200628361478e-01
-6.841186009409034874e-01
-4.934080639235387533e-01
-6.147376489704063918e-01
5.212212703166414496e-01
8.079821377733120702e-01
1.000000000000000000e+00
-7.557079324026281242e-01
1.000000000000000000e+00
6.503525375488119487e-01
8.588679049717141689e-01
-3.338132430790802796e-01
8.369196595928769522e-01
1.000000000000000000e+00
9.969841867868283192e-01
1.000000000000000000e+00
4.021656248520903976e-01
1.000000000000000000e+00
2.443773341357824425e-01
-1.000000000000000000e+00
7.203821001890731157e-02
1.000000000000000000e+00
1.000000000000000000e+00
7.074062126656349703e-02
1.816102883472262564e-01
8.031761446091660872e-01
1.000000000000000000e+00
3.876718711586590871e-01
9.493217164817284726e-01
-6.704805029177665077e-01
3.630982514755199952e-01
5.778411727368640838e-01
-1.000000000000000000e+00
9.917348938800862879e-02
1.000000000000000000e+00
-1.000000000000000000e+00
7.865090634811474635e-01
-1.000000000000000000e+00
9.036602156919474327e-01
-1.000000000000000000e+00
1.000000000000000000e+00
-1.000000000000000000e+00
-3.049867798778761463e-01
1.000000000000000000e+00
1.000000000000000000e+00
1.000000000000000000e+00
-1.000000000000000000e+00
1.000000000000000000e+00
1.000000000000000000e+00
-1.000000000000000000e+00
2.399081223085443304e-02
-9.801704702818569981e-01
-9.115503006184664248e-01
-1.000000000000000000e+00
-1.000000000000000000e+00
-9.278118166285460600e-01
-4.065948965831113204e-01
8.522662908278602067e-01
-4.158278867256015032e-01
-1.761592402036523397e-01
1.000000000000000000e+00
1.000000000000000000e+00
8.721605576717096353e-01
1.000000000000000000e+00
1.000000000000000000e+00
-9.074598129015528647e-01
1.000000000000000000e+00
-3.176417389999415808e-01
-1.000000000000000000e+00
3.151743124227279758e-01
-1.000000000000000000e+00
-6.155634147907599329e-01
-7.313732782488907569e-01
5.821412510193201273e-01
-1.000000000000000000e+00
-8.899481572426037879e-01
-7.046685961883494276e-01
-1.000000000000000000e+00
9.746370527367569370e-01
-1.000000000000000000e+00
-1.000000000000000000e+00
9.529407851972383492e-01
4.587146442572909155e-01
-1.000000000000000000e+00
-1.000000000000000000e+00
1.000000000000000000e+00
-4.790340380819604338e-01
-8.411659980253912705e-01
8.636335092473347297e-01
1.000000000000000000e+00
-1.000000000000000000e+00
-1.000000000000000000e+00
1.000000000000000000e+00
-6.290320104917781485e-01
1.000000000000000000e+00
8.314880829562760756e-01
-7.057549684299370130e-01
-1.364253326380625575e-01
-1.000000000000000000e+00
-1.000000000000000000e+00
1.000000000000000000e+00
1.000000000000000000e+00
-8.963702264953671284e-01
-5.856628894898656679e-01
-3.943714909321429651e-01
5.992184988194499962e-01
4.897758567464929325e-01
5.329623535923757593e-01
-7.308049400953261499e-01
8.751361473720187245e-01
7.202613851650951915e-02
9.905142539831016668e-01
-9.648609150476327168e-01
9.405368044071864553e-01
-9.422740788053424188e-01
7.428000541074867291e-01
1.000000000000000000e+00
-1.000000000000000000e+00
-7.616030758793528310e-01
3.862523488798847437e-01
3.591266022757545473e-01
-1.000000000000000000e+00
-1.000000000000000000e+00
1.735197787784533707e-01
9.157915620772478782e-01
-1.000000000000000000e+00
-6.870154859106238909e-01
9.949682529288893518e-01
8.731676393221400323e-01
1.000000000000000000e+00
1.000000000000000000e+00
-9.261910137362591167e-01
-1.000000000000000000e+00
-9.850718638593554122e-01
8.460550322707341975e-01
-2.001301119081719260e-01
6.323073712989988326e-01
-9.934956609972588337e-01
9.224971645636066420e-01
2.608299064645303034e-01
-1.000000000000000000e+00
5.631971855926607429e-01
1.000000000000000000e+00
-3.684873392062811281e-01
1.000000000000000000e+00
1.000000000000000000e+00
6.328712377643735953e-01
1.000000000000000000e+00
1.000000000000000000e+00
8.373735365995810254e-01
-1.000000000000000000e+00
-9.763743951676742139e-01
-8.674718028578416451e-01
-7.987886913234474306e-01
9.455820991988317381e-01
-1.000000000000000000e+00
6.812036693011493949e-01
6.971407999016647761e-01
-8.890940213201321551e-01
-1.000000000000000000e+00
-8.355320560889860637e-01
4.906108589403150866e-01
-1.000000000000000000e+00
-1.404150318863170432e-01
-1.000000000000000000e+00
4.685040203974919493e-01
-6.930665304444001418e-01
-1.000000000000000000e+00
4.456343192755742866e-01
1.000000000000000000e+00
5.811594826831246730e-01
-1.000000000000000000e+00
9.478193983390263977e-01
1.000000000000000000e+00
1.000000000000000000e+00
8.551963270178566390e-01
-1.000000000000000000e+00
-1.000000000000000000e+00
-1.000000000000000000e+00
7.005728646661870673e-01
6.116165652425039623e-01
-3.016186578799828766e-01
-8.089951420872421028e-01
-7.824913595644885644e-01
-8.688612151254790916e-01
-4.860230395084017552e-01
-1.000000000000000000e+00
9.611741097605593920e-01
6.283942937425671671e-01
-8.330186959582441819e-02
-1.000000000000000000e+00
-1.000000000000000000e+00
-1.000000000000000000e+00
1.000000000000000000e+00
1.000000000000000000e+00
-1.000000000000000000e+00
2.066987685877215153e-01
-8.966662603876980331e-01
-9.648005534030152930e-01
1.000000000000000000e+00
-8.844611099141621580e-01
-1.000000000000000000e+00
-6.267506447173867290e-01
-1.000000000000000000e+00
1.000000000000000000e+00
3.644848024770486750e-01
-1.000000000000000000e+00
1.000000000000000000e+00
8.515298791042523741e-01
9.104559391780541189e-01
-8.875979019278176230e-01
-1.000000000000000000e+00
-2.837201519717970077e-01
2.837907424273506951e-01
1.000000000000000000e+00
4.329838735893900559e-01
1.000000000000000000e+00
4.388724451449470543e-01
9.088375483796243826e-01
-1.772729289807816189e-01
-2.461915202940697378e-01
