-2.948122844572943491e-01
-1.000000000000000000e+00
-9.609555339609221480e-01
-1.000000000000000000e+00
1.000000000000000000e+00
1.000000000000000000e+00
-1.000000000000000000e+00
-1.000000000000000000e+00
-5.081032203977555728e-01
-4.846851634750550808e-01
1.000000000000000000e+00
1.000000000000000000e+00
-6.801425364683872932e-01
1.000000000000000000e+00
-1.000000000000000000e+00
-1.000000000000000000e+00
8.237249714938960077e-01
-1.000000000000000000e+00
6.389563304583425474e-01
1.953219496382644360e-01
1.000000000000000000e+00
-6.183422621654657281e-01
-1.000000000000000000e+00
1.000000000000000000e+00
-1.000000000000000000e+00
-1.000000000000000000e+00
-3.391440376826291292e-01
1.000000000000000000e+00
4.922534545339841694e-01
-1.000000000000000000e+00
-1.000000000000000000e+00
1.000000000000000000e+00
-1.000000000000000000e+00
1.000000000000000000e+00
-8.234866137379175388e-01
-1.000000000000000000e+00
8.047025070892184218e-01
1.001482615328390668e-01
-1.000000000000000000e+00
-1.000000000000000000e+00
1.000000000000000000e+00
3.137541601498816668e-02
1.000000000000000000e+00
6.498582347797705605e-01
-7.896401646143512698e-01
-2.191693141053765448e-01
-1.000000000000000000e+00
1.000000000000000000e+00
9.069788341895375083e-01
6.435175246514569514e-01
2.845829726776925028e-01
-1.000000000000000000e+00
1.000000000000000000e+00
1.000000000000000000e+00
4.047761637806952528e-01
-8.158907316350906269e-01
-3.207230176362134699e-01
3.355730956715866076e-01
1.000000000000000000e+00
-7.429258990643986538e-01
-6.548915685058215308e-01
6.895414755834392562e-01
8.989633789381412665e-02
-1.000000000000000000e+00
-8.660602216465711489e-01
3.136786039089142220e-01
1.000000000000000000e+00
6.251728643619232084e-01
5.413465508465248321e-02
-7.290591647653154039e-01
-1.000000000000000000e+00
-9.270057581668447177e-01
1.000000000000000000e+00
-4.549090867872225274e-01
-1.144117666273880562e-02
1.000000000000000000e+00
-7.296506132493013608e-01
-2.201106215559068824e-01
9.961293091709485514e-01
-7.908307007374235642e-01
7.016071528233809307e-01
1.000000000000000000e+00
-6.034780736349580899e-01
-1.000000000000000000e+00
1.000000000000000000e+00
-1.000000000000000000e+00
-7.821342693607924446e-01
1.000000000000000000e+00
-5.956868504518622043e-01
1.000000000000000000e+00
-1.000000000000000000e+00
2.920485427712042892e-01
1.000000000000000000e+00
1.000000000000000000e+00
-3.217412089740768200e-01
-1.000000000000000000e+00
-1.000000000000000000e+00
-1.000000000000000000e+00
-6.835967777760307840e-01
-1.000000000000000000e+00
-8.444281399922249909e-01
1.000000000000000000e+00
-9.384322231849462348e-02
-1.000000000000000000e+00
1.000000000000000000e+00
1.000000000000000000e+00
1.000000000000000000e+00
1.000000000000000000e+00
1.000000000000000000e+00
-1.000000000000000000e+00
5.295877603458798433e-01
-4.045412260071603594e-01
-6.113990392082779834e-01
1.445878303323444580e-02
-1.000000000000000000e+00
1.000000000000000000e+00
-7.883948494547926567e-02
1.000000000000000000e+00
-1.000000000000000000e+00
-1.000000000000000000e+00
1.000000000000000000e+00
-4.601192505884517114e-01
1.560416994016611270e-02
-1.000000000000000000e+00
-1.000000000000000000e+00
4.051071342710758638e-01
-1.000000000000000000e+00
-1.000000000000000000e+00
-1.000000000000000000e+00
1.000000000000000000e+00
-1.000000000000000000e+00
-7.874787576285799950e-01
1.000000000000000000e+00
-5.197890621822589541e-01
-1.000000000000000000e+00
1.163295099839515290e-01
9.982821995842661167e-01
-1.000000000000000000e+00
1.000000000000000000e+00
2.677854146154040604e-01
-8.025949458259051816e-01
-1.000000000000000000e+00
-1.000000000000000000e+00
1.000000000000000000e+00
1.000000000000000000e+00
9.527054598317743483e-01
-1.000000000000000000e+00
-1.000000000000000000e+00
-9.528020856925846216e-01
7.877573208239565528e-01
-3.144405007554810227e-01
-6.262154059757165658e-01
-1.000000000000000000e+00
1.000000000000000000e+00
1.000000000000000000e+00
1.000000000000000000e+00
-9.665612677965376154e-01
-1.000000000000000000e+00
-3.528486246281972161e-01
1.000000000000000000e+00
-1.000000000000000000e+00
-9.176860140156032353e-01
-5.018637815471785890e-01
4.936770377826471545e-02
1.000000000000000000e+00
-1.701399688754697825e-01
-1.000000000000000000e+00
9.587685415297827474e-01
7.810970351413977220e-01
-1.000000000000000000e+00
8.443881156411758848e-02
1.000000000000000000e+00
2.691999007041679937e-01
7.047501715605025696e-01
1.000000000000000000e+00
-1.000000000000000000e+00
-1.000000000000000000e+00
-5.575155218794504153e-01
8.171242131046804191e-01
1.000000000000000000e+00
1.000000000000000000e+00
-8.431029592990317845e-01
1.000000000000000000e+00
8.659653872882792092e-01
-9.031952169945421938e-01
-6.207083438905813821e-02
5.042818682082582660e-01
9.323876072729951892e-01
-5.401343181797129134e-01
-4.307396147395328168e-01
1.000000000000000000e+00
3.135546134243959449e-01
-1.000000000000000000e+00
1.000000000000000000e+00
-1.000000000000000000e+00
-6.258593626935877730e-01
-1.000000000000000000e+00
-1.000000000000000000e+00
1.000000000000000000e+00
-1.000000000000000000e+00
1.000000000000000000e+00
5.477668091120935223e-01
-9.604632153444365716e-01
-1.000000000000000000e+00
-7.492216273475873489e-01
-1.000000000000000000e+00
8.571977094443227196e-01
-9.534981310335294280e-01
-1.000000000000000000e+00
3.538889216969138274e-01
-1.000000000000000000e+00
-1.000000000000000000e+00
1.000000000000000000e+00
1.000000000000000000e+00
1.000000000000000000e+00
-1.000000000000000000e+00
1.000000000000000000e+00
7.218843651690682872e-01
1.000000000000000000e+00
1.000000000000000000e+00
-5.051600564755959200e-01
1.000000000000000000e+00
-8.908221683430563864e-01
-4.481037768597159188e-01
4.479758363012190658e-01
-1.000000000000000000e+00
-1.123883709149635646e-01
-1.000000000000000000e+00
-1.000000000000000000e+00
-9.566109939386489014e-01
-2.206588681286753006e-01
1.000000000000000000e+00
1.000000000000000000e+00
-5.147535263030355024e-01
-1.000000000000000000e+00
-1.000000000000000000e+00
-1.000000000000000000e+00
1.000000000000000000e+00
9.580404387271344024e-01
-1.000000000000000000e+00
1.000000000000000000e+00
-8.197155686442969547e-01
-3.089733052714065398e-01
9.325609680750406305e-01
-8.714216769138302121e-01
-5.873475940646959437e-01
-9.597309305141091818e-01
-9.840164250643868016e-01
5.769259291866950523e-01
1.000000000000000000e+00
-1.000000000000000000e+00
-5.252750367797591746e-01
1.000000000000000000e+00
1.000000000000000000e+00
-1.000000000000000000e+00
1.000000000000000000e+00
-8.724924575293057094e-01
1.000000000000000000e+00
1.000000000000000000e+00
1.000000000000000000e+00
-7.903681878681529938e-01
1.000000000000000000e+00
-1.000000000000000000e+00
-7.328302666674741950e-01
-1.000000000000000000e+00
