7.202572409382759222e-01
-7.530544360255182479e-01
-6.299259725272364774e-01
-1.000000000000000000e+00
1.000000000000000000e+00
3.186260043644097983e-01
2.361150287380986978e-01
2.410085520475738208e-02
-9.020531792711569130e-01
3.461872606591860357e-01
-1.000000000000000000e+00
-1.000000000000000000e+00
4.095813842155752726e-01
4.705524104383420614e-01
9.107935906003414850e-01
-1.000000000000000000e+00
-2.991435555215787856e-01
-3.892140580745667711e-01
-5.045284861201709825e-01
6.631893609750614260e-01
-6.736075586484834288e-01
8.362183407443714023e-01
-4.156675507290104044e-01
-1.000000000000000000e+00
7.869956367569053146e-01
8.329499026550405416e-01
5.738953921714678996e-02
-5.944068418436587731e-02
1.000000000000000000e+00
7.874928934477612996e-01
5.532116912125408792e-01
-7.580658758519015494e-01
9.796554529275369738e-02
1.866878789444043063e-01
1.000000000000000000e+00
1.570480548699775825e-01
-7.407844744962579497e-01
7.512783047764056699e-01
-6.946414657645257895e-01
-3.644425605069624430e-01
1.343529810924317669e-01
-3.661118312793451013e-01
-1.000000000000000000e+00
-6.875758236785778355e-01
-8.287261864820728574e-01
1.352733807947175126e-01
-7.649942013822486064e-02
-4.975592486925756175e-02
-8.432057872842371182e-01
9.041743029727546954e-01
3.873651293668667339e-01
-4.705524104383420614e-01
-5.001553744074372920e-01
-6.249296668387201992e-01
1.000000000000000000e+00
8.875491335240534019e-01
1.000000000000000000e+00
-6.056719402134601582e-01
2.248465620697552014e-01
4.365716516758644250e-01
8.511459306184343543e-02
3.023647626888150697e-01
-6.789346908547250203e-01
-8.498995064568586333e-01
-4.705524104383420614e-01
-4.385623820001791073e-01
-5.948315121487077750e-01
-5.620983515717291601e-01
4.705524104383420614e-01
-8.769659965309046790e-01
-4.101864725533407863e-01
-6.607194400639155862e-01
4.112121702160505543e-01
6.712184542892567496e-01
-6.687307166262446145e-02
8.261150782510706669e-01
1.000000000000000000e+00
1.657928977399834025e-01
-9.691949429813924155e-01
7.576077443301686420e-01
6.308312850268871230e-02
9.961340141446247687e-01
-2.196255768836260225e-01
1.890849136735414660e-01
-2.629148727869708990e-01
7.636348285092120491e-02
-5.243993760831379136e-01
4.705524104383420614e-01
-5.176110763387251623e-01
-4.675732894856570177e-01
-3.242536579842639211e-01
-7.667404961063875035e-01
4.368966947003499746e-01
1.000000000000000000e+00
9.228230708302416208e-01
1.000000000000000000e+00
1.000000000000000000e+00
-5.599894890483358978e-01
4.314304889579306246e-01
4.574075899886578256e-01
1.000000000000000000e+00
1.196255694484560372e-02
5.960718645247380376e-01
7.185307711395574337e-01
-1.000000000000000000e+00
1.000000000000000000e+00
1.303518078829642435e-01
2.152356873753205058e-01
6.788848812135499511e-01
-4.705524104383420614e-01
-1.000000000000000000e+00
3.830157854429411257e-01
-9.862752648490237528e-02
-6.437517356062230078e-01
1.000000000000000000e+00
3.720176791037100861e-01
4.881334036144813759e-01
-4.610831498281454111e-01
-8.383636187328435962e-01
-2.917228029625480445e-01
6.679653048165148377e-01
4.705524104383420614e-01
-4.705524104383420614e-01
-9.094755934463032432e-01
-9.540250124111296914e-01
7.274151941056100634e-02
-2.065797488633865919e-01
3.100920587235647119e-01
7.018732604002725362e-02
-8.037699109509301998e-01
8.813653026590004824e-01
7.919913190596502561e-01
-7.496451944792246191e-01
-1.706737837558367499e-01
1.000000000000000000e+00
7.653205660514936781e-01
3.796094162984830489e-01
7.544509119043768530e-01
1.059577224998289047e-01
-4.306368804343156387e-01
8.448041537343954355e-01
1.989359018720561756e-01
-6.806138783781854329e-01
1.912508832535713132e-01
-9.031504030034648300e-01
-4.295634882215020323e-01
-7.963083288574391849e-01
-1.000000000000000000e+00
-2.549277444050702113e-01
1.000000000000000000e+00
-6.866937883748658322e-02
-5.137863425228594849e-01
1.000000000000000000e+00
7.221013611114666109e-01
-2.972365276574577830e-01
2.706607856106321153e-01
-7.998381544734906035e-01
-4.705524104383420614e-01
1.372472953486553737e-01
-7.526433364874338672e-01
5.108477694975094296e-02
1.499993380361605011e-01
4.705524104383420614e-01
-2.753327683848910135e-01
5.885289564728257705e-01
-5.373318432233278319e-01
-8.259221226472263089e-01
-2.682231714839605763e-01
-9.333758151288236160e-01
-1.000000000000000000e+00
-2.522772734571211983e-01
-1.996822446152328734e-01
-3.263406247573152896e-01
-5.615185695978739400e-01
-4.272731057960052481e-01
4.687740803346520102e-01
-6.779861988193425226e-01
-5.476141412397994568e-01
-6.392102680752523858e-01
5.279605293127407339e-01
-4.508203148224261270e-01
-5.026276672702701953e-01
1.044372923155562904e-01
7.597619994213505867e-01
-4.710700196011226026e-01
4.964672426322513932e-02
-1.000000000000000000e+00
-5.331248231618662681e-02
8.007486168250704806e-02
3.314775757582690829e-01
-9.058046138597539709e-01
6.286978125106318371e-01
-1.219850659090449541e-01
-2.570155371237185515e-01
9.536488929831014039e-01
-1.023906190429832996e-01
2.734815897280429287e-01
6.264355767366304173e-01
2.926623814359453069e-01
7.488524251668111642e-01
2.575881422458059511e-01
-1.000000000000000000e+00
-4.781958131784495580e-01
3.817287314931039344e-01
-9.804947659104583657e-01
-8.177503777084469405e-01
-2.336013768776239730e-01
2.649275741021991371e-01
-9.496364159715728892e-01
-5.289559800293255343e-01
-9.038871069774790934e-01
-9.104433717047465124e-02
5.331108731466566164e-01
-5.125000874799726658e-01
5.521643796300564899e-01
-4.542551757822885783e-01
-7.870125704516062193e-01
9.438352634833823140e-01
-9.565673072021160794e-02
7.942657649540353360e-01
1.000000000000000000e+00
6.249941737801458647e-02
6.799768862033771510e-01
-9.232951662264377024e-02
-3.524362724100174593e-01
1.000000000000000000e+00
7.917272931534546920e-01
1.524660717357182449e-01
7.655496338187854910e-01
-6.084613901334654656e-02
4.645406925419558464e-01
-7.381783083356588948e-01
-6.479433672137027145e-01
-2.271950365245050674e-01
-7.586672513223914338e-01
5.646237132378819634e-01
-1.950986371888358273e-01
-2.261380500494983847e-01
1.000000000000000000e+00
-1.000000000000000000e+00
-1.000000000000000000e+00
6.154571471883371059e-01
1.000000000000000000e+00
1.000000000000000000e+00
4.963272702632202105e-01
-9.128884704179426879e-02
-9.350350908239912773e-02
-5.283920277800768783e-01
1.919890244559234183e-01
-2.657004927992702714e-01
-2.859406954246037635e-01
6.256120159858055141e-01
3.586700504034583403e-01
7.660062010070444183e-01
-4.705524104383420614e-01
7.742407761728498095e-01
9.947572333635541497e-01
-1.952610873611574926e-01
5.038609121170122274e-01
-7.938199403258965337e-01
-4.652778318697955440e-01
-4.758091480406797524e-01
7.397467676063828046e-01
7.701158436729660384e-01
-8.889785873474693734e-01
