-8.352549931830373364e-02
2.314699572959002527e-01
-4.542205896664086584e-01
-8.859210911032618929e-01
1.344934609332196551e+00
-7.078397259509274786e-01
1.029499134568038432e+00
-1.073264121958357742e-01
-3.284661383698260773e-01
1.291707122283005382e-01
1.116960871631535568e+00
4.620148164498654175e-01
4.120912014705018223e-01
-7.037926924747988089e-01
1.687361543173160117e+00
3.964547668139833947e-01
-7.616442295576756338e-01
-5.414885684070469551e-02
-3.348635027106682815e-01
2.856964959648632951e-01
6.923178597273011992e-01
3.309608590739328005e-01
-9.592440137204103490e-01
-1.000000000000000000e+00
9.283919831331959305e-01
7.742898819216845752e-01
1.573332224788386025e-01
-4.153251533338124246e-01
-2.173842544130806520e-01
-1.459041845578049335e-01
1.216614706340436447e-01
1.602619721243033313e+00
-6.006269222571498645e-01
1.786480069481491406e-02
-7.280100322372805577e-01
1.328197450464649876e+00
1.000000000000000000e+00
-8.885165675927081397e-01
-7.025131060869400645e-01
-1.000000000000000000e+00
-3.256050282616374525e-01
1.077227225531058430e+00
-3.065023218847191977e+00
-6.517354386398159782e-01
5.710995765511417410e-01
-2.088954258701792022e-01
-1.464241019223893880e-01
6.295280128910069051e-02
1.000000000000000000e+00
-1.733753582222698764e-01
-1.177613645905045692e+00
-5.226536625460144192e-01
2.026520450751099767e-01
2.328609300430135309e-01
4.959322411058231239e-01
-1.556923776616751631e+00
1.000000000000000000e+00
1.000000000000000000e+00
2.665846562838075084e-01
-1.676722639967155759e+00
-1.000000000000000000e+00
-1.142791428269918530e+00
-1.000000000000000000e+00
1.000000000000000000e+00
5.389193776952369008e-01
-1.000000000000000000e+00
-1.000000000000000000e+00
7.347766515994252901e-01
7.645690714991058012e-01
-1.181733012451519627e-01
-8.107128597029538142e-01
6.600399788141230184e-01
6.262532530209591330e-01
-6.624966247088444060e-01
-1.357245662759812621e+00
1.000000000000000000e+00
-1.488103756470373185e+00
-1.311641102458566799e+00
4.757334433142280661e-01
1.659034097186527779e-01
1.000000000000000000e+00
9.322390277453105334e-01
1.000000000000000000e+00
-8.649453188603650755e-01
-8.637407278099686891e-01
-2.465151694847466102e-01
-7.303130945756132475e-02
-6.469632964427494137e-01
7.308771856346186757e-01
6.223898968326775361e-01
-1.000000000000000000e+00
2.729008785980276408e-01
-1.000000000000000000e+00
1.000000000000000000e+00
-9.351527423789453286e-02
1.000000000000000000e+00
7.640016057397454041e-01
-8.712252648135249133e-01
9.740920942601851706e-01
-3.416018262543307205e-01
1.000000000000000000e+00
-8.375192593374604089e-01
-1.085529119147614213e-01
7.237387747381832659e-01
-7.367672073856162962e-02
2.962273118478856992e-01
-4.273171456138791235e-01
-2.320648912068236647e-01
6.969151908931592310e-01
-7.138679829864451598e-01
-5.740890861273301171e-01
-8.739716841420119842e-01
5.651682923599221642e-01
-1.045414480742820729e+00
-2.540481282642899075e+00
-1.772604210460124730e-01
2.498379621111960699e-02
-1.000000000000000000e+00
4.332152122750988765e-02
1.000000000000000000e+00
1.041494317815376824e+00
-5.613353466945484316e-01
1.864287262087963581e-01
1.000000000000000000e+00
-5.366794169143587201e-01
6.409395753793720729e-01
-4.975940647726474486e-01
4.036873079161718003e-02
1.000000000000000000e+00
-1.042082105399007919e+00
1.561371616862116396e-01
-2.462151506482411767e-01
-1.843770518605533093e-01
-1.000000000000000000e+00
2.235889064881342314e+00
-5.335501512880270747e-01
-1.075043378806977534e+00
-8.389695141594869510e-01
5.529445477093376526e-01
-9.403902774159904610e-01
8.115320397419935050e-01
-3.339226505511089238e-01
-2.920123282197611969e-01
-7.120008854469022097e-01
1.025923991979876826e-01
1.200086395523958904e+00
-5.728194187461357334e-01
8.171471138541358537e-01
1.000000000000000000e+00
-7.027811353705062380e-01
-1.000000000000000000e+00
-3.109768195555794312e-01
-4.942254194233797887e-02
1.000000000000000000e+00
4.002559382069850735e-02
-1.000000000000000000e+00
1.000000000000000000e+00
4.196181964500043660e-01
4.292930758426106719e-01
-9.922473113086187624e-01
9.328798538602532942e-01
-1.131455558899310043e+00
4.117428873542483547e-02
5.396229245082490023e-01
5.170858286173427576e-01
1.000000000000000000e+00
-6.167660659861848860e-01
-4.124055560499193529e-01
8.580520640312565561e-01
-4.311572216583289263e-01
-8.230182353065268464e-01
1.703500375458848748e-01
-5.372307392148011340e-01
-1.442693467544001740e-01
1.615525974764379979e+00
1.195429337269507952e+00
-1.000000000000000000e+00
-1.000000000000000000e+00
9.860540974859672847e-01
1.000000000000000000e+00
-7.299056267481821569e-01
-7.454832691814625330e-03
3.118842430683330669e-01
1.000000000000000000e+00
-4.231901837587852544e-01
-7.420928597889709932e-01
1.375398033646366702e-01
5.779513261556498138e-01
-4.120773035633210624e-01
-1.000000000000000000e+00
2.418479975504235213e-01
-2.675297903393451526e-01
2.410958092843660649e-03
3.337001394803983945e-01
-1.699459037040393361e-01
5.951776661482965913e-01
-8.330699819789070260e-01
4.364095035262092193e-01
3.048091143889695154e-01
3.352898671781812112e-01
-1.000000000000000000e+00
-1.000000000000000000e+00
1.000000000000000000e+00
4.738416182156306444e-01
5.880864116748983905e-01
8.920747130252046908e-01
-1.000000000000000000e+00
-8.108129738901632688e-01
8.532012442174643496e-01
1.000000000000000000e+00
-5.924204716232259749e-01
-6.963309028827806557e-01
1.000000000000000000e+00
1.000000000000000000e+00
1.868173108174089325e-01
-8.960935452269543910e-01
5.227783579155883542e-01
7.139582103408654845e-01
1.215169821486096202e-01
2.547299344842195445e-01
7.745447720018328042e-02
-8.005666742942139091e-01
-1.000000000000000000e+00
-6.969689789173866279e-02
1.036126308743366309e+00
1.162021792949446741e+00
7.685000186759589624e-01
-7.136563513178910689e-01
-5.417549083573880431e-01
-2.535402920062300725e-01
-1.000000000000000000e+00
1.443327454872884275e+00
-8.221477922314450737e-01
1.000000000000000000e+00
1.000000000000000000e+00
-1.000000000000000000e+00
1.000000000000000000e+00
2.251946422470868514e-02
3.079563827851465874e-01
-1.000000000000000000e+00
1.114832653187994294e-02
7.160801814890619399e-01
-2.192018165374398642e-01
2.794669766186450577e-01
4.459987079665721499e-01
-3.733605564848708536e+00
-4.104437701446778664e-01
-2.384824400637453046e-01
-5.281076668400937202e-02
-3.543414535241370261e-02
1.000000000000000000e+00
8.146987179049860472e-01
6.544925603827487226e-01
4.698487641950850890e-01
2.772015292445116907e-01
-5.951617404128977107e-01
-4.795126885265270644e-01
-8.452039293703095257e-01
5.163279821083417431e-01
7.383941129947790838e-01
-8.326703410021893959e-01
-1.156348804348958037e+00
5.828883005728850986e-01
1.038210732681319026e+00
1.387572014721798475e-01
