7.699792496808972597e-01
-5.906330029171444895e-01
1.017869021249348527e-02
1.673915426338137558e-01
-8.193470105416073013e-01
8.831403631088922124e-01
1.000000000000000000e+00
1.112422234393712905e-01
1.000000000000000000e+00
-1.000000000000000000e+00
-2.017839350137570209e-01
1.000000000000000000e+00
-8.637720956348255985e-01
1.000000000000000000e+00
1.000000000000000000e+00
1.000000000000000000e+00
8.011974180074088459e-01
-9.665243367051999934e-01
-8.889736048691543324e-02
9.096153538883526846e-01
-8.450136661284207706e-01
-9.119555449622585019e-01
2.652693307356566721e-01
-8.950018670567494450e-01
1.000000000000000000e+00
3.055910616995310969e-01
7.246671160669617695e-01
1.000000000000000000e+00
-1.000000000000000000e+00
7.697177453232164623e-01
5.424745457892634626e-01
-1.667609024438608534e-01
-6.726988477666839827e-01
-4.802832334746117704e-01
1.000000000000000000e+00
3.478639572604315666e-01
1.000000000000000000e+00
-9.198762687819419526e-01
-8.024226240181514536e-02
-7.841461720541921254e-01
-1.000000000000000000e+00
-8.170967290668447180e-01
-8.117570105403331127e-01
2.487150954213278586e-01
9.378741433666676341e-01
4.102518642211803179e-01
6.149080927882432102e-01
-7.098494591223354355e-01
1.000000000000000000e+00
-8.961275461506209572e-01
7.101478632072740771e-01
3.055740068612144977e-02
3.750141457925069699e-01
1.000000000000000000e+00
9.723242929832817127e-01
7.697177453232164623e-01
-1.000000000000000000e+00
-5.063014071473624644e-02
2.351566499667637478e-01
9.081041832021965465e-01
-1.000000000000000000e+00
1.000000000000000000e+00
1.000000000000000000e+00
-5.915451046624409237e-01
1.000000000000000000e+00
9.325077683632706504e-01
1.000000000000000000e+00
-2.729298708188510059e-02
-3.487688892385595318e-01
-1.304779006483828274e-01
-7.271122757115412449e-01
-3.201490367244347879e-01
1.000000000000000000e+00
-1.000000000000000000e+00
-3.254721971604762065e-01
8.083322325744796144e-01
6.336996581986426014e-01
-1.000000000000000000e+00
-1.000000000000000000e+00
1.000000000000000000e+00
-9.192652962851149967e-01
-4.851563312377326076e-01
1.000000000000000000e+00
7.697177453232164623e-01
6.468170226329786887e-01
-2.025667172998585341e-01
8.957547315508308516e-01
-1.000000000000000000e+00
-8.262667047952351185e-01
1.000000000000000000e+00
8.811784793064862953e-01
-1.000000000000000000e+00
-9.436497101063309190e-01
-1.000000000000000000e+00
9.005403053292504456e-02
1.000000000000000000e+00
-9.961691880313696679e-01
1.516629484181260534e-01
6.006306326754002889e-01
6.885196466633359824e-01
3.575778409693577409e-01
-8.448717831915965037e-01
9.773528098125916497e-01
-8.577795481083222429e-02
1.000000000000000000e+00
-4.851630477066315450e-02
-4.457120918102456808e-01
-9.896028077356461283e-01
-8.607162123938619791e-01
-6.437034228043621020e-01
1.000000000000000000e+00
-1.000000000000000000e+00
-2.214458379805535060e-01
-9.163281381012376992e-01
9.704958726971404381e-01
-9.804618910696926148e-01
5.465892995122908493e-01
-3.285389257867010748e-01
1.230406332744679587e-01
-1.000000000000000000e+00
7.697177453232164623e-01
8.611449643817931099e-01
-7.808033502459543751e-01
-1.000000000000000000e+00
-9.642748834744879760e-01
-5.735514427116426006e-01
1.000000000000000000e+00
-9.504530940412387885e-01
-1.000000000000000000e+00
9.773621850829324886e-01
-4.396602706676602801e-01
3.305285676256645711e-01
7.697177453232164623e-01
9.007439368711632754e-01
-5.885185663188745586e-01
7.865922514918610720e-01
-1.000000000000000000e+00
-1.574110638668847484e-01
8.308670031984197735e-01
-5.297628674398108251e-01
-8.902784012708684358e-01
6.938609062065401734e-01
-1.000000000000000000e+00
1.000000000000000000e+00
-1.000000000000000000e+00
-1.000000000000000000e+00
1.000000000000000000e+00
7.639402961338980225e-01
-6.290336494137818701e-02
4.359274409566447628e-01
1.000000000000000000e+00
9.905376216213602758e-01
-6.550450784921760805e-01
8.930327748606247118e-01
-1.343707935409752252e-01
8.056486436518585093e-01
-8.559074065651866015e-01
1.000000000000000000e+00
4.739075014115412543e-01
-7.944387595538100477e-01
-1.000000000000000000e+00
9.061918168725462408e-01
-3.586965909243412520e-01
-1.000000000000000000e+00
-1.000000000000000000e+00
9.748531541766642938e-01
-1.975739626760308065e-01
-9.846663447223484855e-01
-1.565855303344847460e-01
-9.987398711853183730e-01
-3.640162783734526286e-01
-5.705073073160327191e-02
-8.727533632306061495e-01
-7.987873317151616970e-01
-8.551856929802683638e-01
1.000000000000000000e+00
-1.759566818278361922e-01
8.091075139235021085e-01
-5.970506865230311710e-01
-1.000000000000000000e+00
-9.629622821747765293e-01
6.964573253415148324e-01
3.439512278623919617e-01
-9.970617202521923073e-01
-7.641023188361395491e-01
-1.000000000000000000e+00
1.000000000000000000e+00
-1.000000000000000000e+00
-1.152897768794103328e-01
5.636344710313814232e-01
-1.414007077971389525e-01
7.476492543717816464e-01
2.021881800653375638e-01
-8.763450474243911215e-01
-8.757291470387134069e-01
9.728386030040094834e-01
-8.185626596949333589e-01
8.347602672020576486e-01
-6.030254868239139920e-01
7.697177453232164623e-01
6.349176778984420011e-01
7.359206465375231487e-02
-5.136662827809490572e-02
1.000000000000000000e+00
2.551760183908881319e-02
3.629939333948571933e-01
1.000000000000000000e+00
-1.000000000000000000e+00
-4.439100743041580754e-01
1.684553037040032175e-01
-1.000000000000000000e+00
1.000000000000000000e+00
8.007554468376572032e-01
1.000000000000000000e+00
-7.693347086656998624e-02
-5.126156034798171612e-01
7.831172475182811565e-01
7.738337605382344941e-01
-8.547216779092272620e-01
7.697177453232164623e-01
4.350248840294508867e-01
-2.834970974269200861e-01
1.000000000000000000e+00
7.201375454153985389e-02
-8.000817760707176207e-01
-6.252206285103194539e-01
-8.825417804674070554e-01
9.305597285665977436e-01
-1.000000000000000000e+00
4.554916749319976033e-01
-7.876764376380510635e-01
1.000000000000000000e+00
3.309566462216493310e-01
5.542839997615248704e-01
1.000000000000000000e+00
-1.000000000000000000e+00
6.591994574737009005e-02
-2.118168469213361216e-01
9.139878636576852511e-01
9.470480135982707326e-01
-1.000000000000000000e+00
-8.893355129846002294e-01
7.816809393991090982e-01
-3.316867579017920287e-01
-2.269530667085110226e-02
-1.000000000000000000e+00
-5.181127913702021637e-01
-7.697177453232164623e-01
1.000000000000000000e+00
2.163658506274436233e-01
1.000000000000000000e+00
1.000000000000000000e+00
-1.000000000000000000e+00
-9.340890327912899638e-01
-9.190367332529273403e-01
-1.000000000000000000e+00
8.329280476196795346e-01
-1.454808804369168707e-01
-1.455366765192893097e-01
7.932047641804461646e-01
-5.700761943718615221e-01
-7.697177453232164623e-01
3.841824429064442104e-01
3.535100294289607592e-01
-1.000000000000000000e+00
