2.756879278899343477e-01
-1.000000000000000000e+00
8.567422230152555995e-01
-7.947386586830568200e-02
-4.706641307281844711e-01
4.241528822157475398e-01
-1.000000000000000000e+00
-7.176404990811999784e-01
-1.000000000000000000e+00
-1.150692905402148636e-01
7.615966384205683504e-01
9.974096971207029316e-01
8.525211182026652956e-01
1.000000000000000000e+00
8.308393828522877556e-01
-1.000000000000000000e+00
8.862058635195620981e-01
5.233858575908525435e-01
-5.823050860695477837e-01
-3.612038936046361171e-01
-2.666032700976164183e-01
-1.104895017293257287e-02
3.159683725349568539e-01
-2.196752978838374393e-01
-5.079995193797571806e-01
1.762629039818249810e-01
5.508216227176113700e-01
2.101700999424195304e-01
1.000000000000000000e+00
-1.000000000000000000e+00
-1.000000000000000000e+00
-1.000000000000000000e+00
3.889374114184877551e-01
-2.276154568698865732e-01
-3.070412986429580382e-01
-8.525211182026652956e-01
8.692546811127697115e-01
-9.316777671464426813e-01
-1.621112906809078769e-01
1.626649034285875262e-01
-1.000000000000000000e+00
3.461433150057529051e-01
4.773451194079593174e-01
-7.656960438172872863e-01
1.302563431853782649e-01
6.382061407676192788e-01
1.000000000000000000e+00
-8.749433675446800507e-01
-8.796977492868744974e-01
-3.504260180780722767e-01
-1.000000000000000000e+00
3.614321957906755367e-01
8.978900983920024004e-01
1.000000000000000000e+00
-1.000000000000000000e+00
5.244224036009104140e-02
-1.000000000000000000e+00
-7.677449155098079459e-01
-1.141103240470469071e-01
-1.302563431853782649e-01
-5.826640506403567565e-01
-4.274033853058973875e-01
1.000000000000000000e+00
-7.116700696619882027e-01
9.877177160615310259e-01
1.906717767353932058e-01
-1.571904239485619748e-01
4.900507389805170977e-01
1.649944327697705493e-02
8.635207643865714378e-01
-1.000000000000000000e+00
-9.468256646734189985e-01
2.536632155908203901e-01
1.000000000000000000e+00
-5.115549452938781272e-01
9.810087372967435382e-02
-5.547701935391149419e-01
1.615951590859465714e-01
8.416695580316442271e-01
-7.653648977315048452e-01
-7.980178984365828843e-01
-6.945361437539743221e-01
-1.302563431853782649e-01
-6.486291582832302005e-01
1.000000000000000000e+00
2.392478662487997898e-01
9.576030490844242848e-01
4.842606879375974671e-01
-2.777352249827130803e-01
-5.244940824994206441e-01
4.984220245577908326e-02
1.000000000000000000e+00
2.106824610364160799e-01
9.753520027734419173e-01
-4.757574183765120868e-01
-1.000000000000000000e+00
-5.806662075577576632e-01
-2.762043865661778508e-01
4.069189131825216021e-01
-4.673531764336628092e-01
-2.941582667693377617e-01
-9.810016547874511605e-01
-3.302014626069620373e-01
-1.000000000000000000e+00
1.000000000000000000e+00
6.135723539685797867e-01
1.000000000000000000e+00
1.000000000000000000e+00
-7.872144868531760764e-01
-3.158315494687313763e-01
-9.210876838616299800e-02
-1.000000000000000000e+00
9.949096785270810095e-01
-1.523360855357601684e-01
-5.860643507358389570e-01
-9.359849061734240583e-02
8.177078752168897013e-01
-2.793026051127845411e-01
1.000000000000000000e+00
4.474601078645009666e-01
6.160141898689982520e-01
8.511223335303168547e-01
-1.000000000000000000e+00
3.788595156119607399e-01
7.679678158844883695e-01
-8.575050027015174159e-01
1.000000000000000000e+00
-1.000000000000000000e+00
-1.182802436378077027e-01
-1.158247632003589489e-01
5.699617324925201345e-01
4.906191991603312541e-01
3.259043045802676453e-01
-1.000000000000000000e+00
-2.064742106565856106e-01
9.116504255408834911e-01
8.518796640225585470e-01
1.455072655162306106e-01
1.000000000000000000e+00
-1.000000000000000000e+00
6.776751082472233234e-01
7.649745737170482451e-01
1.941914763718638470e-01
-4.184273209968563112e-01
4.775353600727749726e-01
-6.254693390952726917e-01
-5.797875147271852603e-01
9.710776097823184405e-02
-7.855960086071215320e-01
2.774710637872945806e-02
8.725993727666422339e-01
-6.113781638182615996e-01
-1.000000000000000000e+00
3.083051192267134422e-01
3.961577498704598188e-01
1.026603928349569816e-01
-3.050425369726509350e-01
-5.441045752316504558e-01
-1.000000000000000000e+00
-1.000000000000000000e+00
-5.172759132974651397e-01
-1.000000000000000000e+00
-3.124339304583185761e-01
-8.525211182026652956e-01
1.000000000000000000e+00
6.658388778590599300e-01
-1.000000000000000000e+00
5.766239978523092224e-01
1.079403452684434966e-01
-5.695018019431696832e-01
-1.000000000000000000e+00
1.000000000000000000e+00
-1.000000000000000000e+00
-8.525211182026652956e-01
1.491259227544863286e-01
3.829019679027928502e-02
9.999595891258277192e-01
1.000000000000000000e+00
8.730969502581885644e-01
1.000000000000000000e+00
-1.000000000000000000e+00
-1.000000000000000000e+00
1.578890000437103147e-01
4.842008730301262664e-01
2.918990636512810433e-01
-8.103284885599593146e-01
-9.335778302279289509e-01
2.858597746263700223e-01
-6.950563920245399485e-01
-1.000000000000000000e+00
-1.000000000000000000e+00
6.407806654379391009e-01
1.000000000000000000e+00
9.431126673803867932e-01
-7.456330402056983164e-01
-8.042625245408603352e-01
3.156549231145867607e-01
3.244695658377571013e-01
7.912488916820863416e-01
-5.062156474279912999e-01
-4.183199531359834689e-01
1.332554425302833190e-01
1.000000000000000000e+00
3.374741669799736776e-01
3.518243492736041755e-01
1.000000000000000000e+00
6.956581977728079069e-01
9.707799499563065648e-01
1.000000000000000000e+00
3.784776073047398937e-01
-8.565033603735289214e-01
-1.000000000000000000e+00
9.683703537612671219e-01
-1.000000000000000000e+00
5.344661951317886128e-02
-8.328355853679971776e-01
7.497906351200738229e-01
-6.738845764866108201e-01
7.981156704561498394e-01
-7.957850086810314139e-02
2.269071770551300826e-02
9.769594261162639626e-01
6.950462743089145246e-01
1.019493485424373125e-01
-8.254555902246117904e-01
5.849256087742776833e-02
5.012480972754407293e-02
2.496655400071707276e-01
6.385223609217522966e-01
7.076138397893841914e-01
-1.000000000000000000e+00
8.953259477566559710e-01
4.524462203716417275e-01
-3.053049203572701931e-01
-4.727613373298625299e-01
-1.000000000000000000e+00
3.430885784141667338e-01
-2.858187416156511285e-01
4.769955574987705949e-01
-2.504928292795407518e-01
7.597277425120496641e-01
-7.107425860448204347e-01
-5.401318156768608603e-01
8.993661837250521707e-01
-5.707885286611903419e-01
3.704957083599293433e-01
-2.372765156398708442e-01
1.000000000000000000e+00
2.650842412097245138e-01
-8.789814887479645567e-01
-6.450672354959041677e-01
-1.000000000000000000e+00
9.180188169515557384e-01
2.874784577866408286e-01
1.000000000000000000e+00
-4.891641159588369092e-01
8.586207193255112058e-01
5.902904459917788227e-01
-1.577408979692494773e-01
7.942356732799020769e-01
2.485707845260313187e-01
-4.457413283817576177e-01
8.751076126619548035e-01
-2.885365858143795759e-01
-1.000000000000000000e+00
