1.000000000000000000e+00
-9.040232528746725560e-01
-1.000000000000000000e+00
-1.000000000000000000e+00
-9.999254932346640645e-01
1.000000000000000000e+00
-1.665560460531145814e-01
8.050425665390386065e-01
-6.107123803120145800e-01
-6.247150800948810812e-01
-1.000000000000000000e+00
7.765573970860861763e-01
8.539610808486850502e-01
5.071453555001524949e-01
-5.336142807380171993e-01
7.717385957512981065e-01
1.177483184466490140e-01
-1.000000000000000000e+00
-2.786698899924884287e-01
1.000000000000000000e+00
4.539424358174649066e-01
-1.000000000000000000e+00
1.000000000000000000e+00
-5.746193932416974182e-01
8.653575526007095675e-02
-1.344920758227721169e-01
8.654077858397295486e-01
-9.089239840216445376e-02
-2.710361533335546858e-01
-1.000000000000000000e+00
5.881916742344787119e-01
1.000000000000000000e+00
-7.805004063042242368e-01
-1.000000000000000000e+00
-7.028823698938679865e-01
-1.000000000000000000e+00
-9.137880480286428853e-01
-7.683796047754959391e-01
6.456107371312431731e-01
1.000000000000000000e+00
6.265243594598182142e-01
4.021849726929432878e-01
-4.597233691416238721e-01
1.000000000000000000e+00
2.347963105390841188e-01
-8.205344506251632808e-01
-1.000000000000000000e+00
-8.075593762951593924e-01
-1.000000000000000000e+00
-7.203916796256555344e-01
9.983524216852701638e-01
5.843279959565446102e-01
1.000000000000000000e+00
-4.320169883482470330e-01
9.161690509403744853e-01
3.651914223543378801e-01
1.000000000000000000e+00
-3.590817243919000035e-01
-3.962173548717075056e-01
-5.426555437492509570e-01
2.966996670399422165e-01
-1.000000000000000000e+00
1.000000000000000000e+00
-1.000000000000000000e+00
2.696615236666688453e-02
-1.000000000000000000e+00
-8.824588710127363456e-01
-2.903314808510376599e-01
-1.520537655031535818e-01
-1.000000000000000000e+00
-6.730729663935264284e-01
-7.720606869911612602e-01
-2.695161134337049624e-01
1.000000000000000000e+00
9.999831459334422856e-01
-4.205047706703715638e-01
5.093537908941880854e-01
4.482193912571239003e-01
1.426220265386809460e-01
-1.000000000000000000e+00
1.000000000000000000e+00
1.000000000000000000e+00
-7.575554337312785380e-01
-7.085375225529542131e-01
-2.446736906052299765e-01
-1.000000000000000000e+00
4.560002429064692886e-01
8.118109918605388442e-01
1.000000000000000000e+00
3.110052371358348888e-03
-4.396617344390214566e-01
8.048894314692089935e-01
-1.000000000000000000e+00
-1.000000000000000000e+00
6.822857884883555268e-01
7.184827473067307846e-01
-1.000000000000000000e+00
-8.077627538947594887e-01
-1.000000000000000000e+00
-1.000000000000000000e+00
6.103054390772563176e-01
1.177624367516131310e-01
-2.263871125336058832e-02
2.715872293116650127e-01
-1.000000000000000000e+00
-1.000000000000000000e+00
4.293038531446075057e-01
8.387882339729229031e-01
1.000000000000000000e+00
7.237276847649612987e-01
2.393312656870076882e-01
-1.000000000000000000e+00
1.000000000000000000e+00
1.179299851200474869e-01
-9.831784472959388399e-01
-1.000000000000000000e+00
6.713271342419391274e-03
-4.540566355180679636e-01
-4.633634853736290360e-02
1.000000000000000000e+00
2.984564690537590548e-01
-1.000000000000000000e+00
5.086428320840297168e-01
-1.380962633679416740e-01
-9.469090696522162176e-01
-5.805860109161187221e-01
-7.587146193871655009e-02
1.000000000000000000e+00
-6.059034633395952163e-01
-2.391090493251269988e-01
-1.000000000000000000e+00
-1.000000000000000000e+00
-3.945960711721699932e-01
1.000000000000000000e+00
-1.000000000000000000e+00
9.718443344828607833e-01
4.226654474514784376e-01
-3.563962507138324076e-02
-7.456056556938360780e-01
6.673784894108749643e-01
-9.960523465447617131e-01
-1.000000000000000000e+00
5.059729218858639577e-01
1.817289857269006603e-01
1.000000000000000000e+00
3.841161637058332357e-01
-1.490649197022348438e-01
1.000000000000000000e+00
-1.000000000000000000e+00
1.000000000000000000e+00
7.421483151782393151e-01
-1.000000000000000000e+00
-1.000000000000000000e+00
1.000000000000000000e+00
8.977409207014683812e-01
-1.000000000000000000e+00
1.000000000000000000e+00
9.998558447214567213e-01
2.893759233514023310e-01
-3.760489334329218947e-01
4.725738672343735569e-01
-1.000000000000000000e+00
9.693423911120542247e-01
5.273942337950618953e-01
1.000000000000000000e+00
1.000000000000000000e+00
-1.000000000000000000e+00
-2.243399585870541890e-01
-1.000000000000000000e+00
1.000000000000000000e+00
-1.000000000000000000e+00
9.999848250626297563e-01
-1.000000000000000000e+00
-4.255311324821335894e-01
-1.000000000000000000e+00
-1.000000000000000000e+00
-5.832421205390503349e-01
9.861306808897333243e-01
-1.000000000000000000e+00
1.000000000000000000e+00
5.059469679661630082e-01
-9.024617910153140965e-01
9.189346127151480914e-01
1.000000000000000000e+00
6.623852830523435653e-01
-8.942043257370142495e-01
-6.101456271072479565e-01
1.000000000000000000e+00
-1.000000000000000000e+00
-8.952916182444831117e-01
-8.330956300922855995e-01
8.125111119988814856e-03
-1.000000000000000000e+00
5.382950241041783990e-02
-1.000000000000000000e+00
-6.744201542361867308e-01
7.078789612487966787e-01
-9.563920917998246507e-01
7.790033344808766635e-01
3.344374769771440992e-01
1.179117517452979991e-01
1.000000000000000000e+00
1.000000000000000000e+00
-1.000000000000000000e+00
-9.997983273424831951e-01
-7.167432315776228746e-01
4.971650442913713164e-01
6.888239610030338911e-01
1.000000000000000000e+00
3.601720814244426805e-01
-1.000000000000000000e+00
-6.610489110057820028e-01
8.523194585136013579e-01
1.000000000000000000e+00
1.000000000000000000e+00
-9.776946142511042659e-01
1.478747759279397389e-02
9.997957157987804599e-01
-7.129331444596735956e-01
6.291295284381810404e-01
1.286225937101863892e-01
-8.016018794558128491e-01
7.875044244102050728e-01
6.169388439503927790e-01
-3.789773584337211565e-01
-1.313573696168219840e-01
1.000000000000000000e+00
1.929452216172035106e-01
-1.000000000000000000e+00
-3.906478898283581302e-01
1.000000000000000000e+00
1.000000000000000000e+00
-4.367702857079450718e-01
1.000000000000000000e+00
-5.523823018761553350e-01
-1.000000000000000000e+00
1.000000000000000000e+00
-6.158801014409465147e-03
2.256208900017696584e-01
-1.000000000000000000e+00
-5.859200499920361738e-01
1.000000000000000000e+00
-1.859671375193543419e-01
4.927569516386000603e-01
-1.334040275370043105e-01
3.496607188929238275e-01
-1.547228948551060412e-02
-1.000000000000000000e+00
1.000000000000000000e+00
-8.907318552401081169e-01
-3.944738161940248844e-01
-1.000000000000000000e+00
-3.159438325226479050e-01
8.206312166557316878e-01
7.149434852005662755e-01
9.037418527094646103e-01
-9.997957157987804599e-01
-1.000000000000000000e+00
-1.000000000000000000e+00
-1.000000000000000000e+00
-1.000000000000000000e+00
8.774261963190064240e-01
-3.143623369098276221e-01
-5.013062570141324503e-01
7.785526183903135333e-02
