-1.081087480416299540e-01
9.355186541144950851e-01
2.365138251601905939e-01
-3.709424367010488721e-01
-5.120581727817490325e-01
4.624167327144854678e-01
-4.390947331383583951e-01
2.306688616319830520e-01
2.221060437865381432e-01
-7.885172519005337888e-01
-9.948127806619813662e-02
5.650627201949699474e-01
3.234005541171755538e-02
-7.067944408079708252e-01
7.232684973488014979e-01
9.420694116726102685e-02
-2.581095933763301042e-01
9.301257224078751662e-02
-2.088688667211472949e-01
3.359686115889158886e-01
-8.324124172240634500e-01
3.822427440786637098e-01
4.380666369834989027e-01
-1.000000000000000000e+00
-7.653818735186251887e-01
-9.970783670467198156e-02
7.230219385837430845e-01
-8.552377150224086400e-01
-6.885350812645556484e-01
-1.000000000000000000e+00
2.638658706408209542e-01
-4.098491728277339763e-01
3.999798109985408523e-01
8.820531507759378220e-01
4.034363277067822828e-01
7.186055625447227424e-01
4.215908475636261366e-01
-2.819718688217535130e-01
-3.643138267851892542e-01
1.889407477015110637e-01
-1.024440750154708146e-01
-3.159089628202864652e-01
8.366893888661991463e-01
-8.342191419778572925e-01
-6.173286736016332654e-02
-4.286438320948910974e-01
1.904390380588689702e-01
6.549958473468098230e-01
7.510034234815973209e-01
-8.214012516300044364e-01
9.518521874574734642e-01
1.984720888874894063e-01
7.917681886386335188e-01
-7.253827996705677905e-02
-9.521274843989102621e-01
-4.412490569431321008e-01
6.489036020778042868e-01
-1.000000000000000000e+00
-1.000000000000000000e+00
-1.470498668304783818e-01
6.432031789838055236e-01
-7.179827615811013031e-01
-3.379852317501964021e-01
-2.292244009096368607e-01
-3.027592830904222709e-01
2.638092923575872106e-01
2.953796945567198629e-01
6.722092683004017299e-01
-7.200961634776935627e-01
-1.000000000000000000e+00
8.399108750649325605e-01
9.356583935717815992e-01
-4.360759410869832764e-01
-4.195808885851501358e-02
4.482327208884949177e-01
-5.695098824024980022e-02
-1.464559386934537188e-03
2.151415316019784640e-01
6.433766487009946466e-01
-9.725625664387816949e-01
5.317189238010419650e-02
1.000000000000000000e+00
-4.099959126018623001e-01
-4.249403403960868436e-02
-1.435188533556955581e-01
1.879533569694035178e-01
-1.913432447865827946e-01
-7.064708097613092708e-01
8.655768550657805260e-03
7.592285519141483974e-01
-1.000000000000000000e+00
-1.000000000000000000e+00
-3.996039724596102127e-01
6.367066587920771070e-01
8.600403559641136564e-01
-5.879828990183504356e-01
6.164490699427038756e-01
-9.081202656019087271e-01
-2.540136389473619527e-01
-6.634256773412479102e-01
3.832161701554228639e-01
-7.330359836843769461e-03
-2.160859127354529119e-01
8.253042960879561907e-01
-4.361774417169819729e-01
-6.293072789317011306e-01
-4.361889002385552772e-01
8.780454879888615061e-01
-1.000000000000000000e+00
-9.970809556456933231e-01
4.472010294650466400e-01
-5.709522179425375876e-01
-3.575388821604283951e-01
-4.192944199077688894e-01
1.000000000000000000e+00
-6.497192639076126985e-01
1.000000000000000000e+00
1.083901222854196864e-03
7.319407187424235017e-01
5.809536946235956956e-01
1.000000000000000000e+00
6.321583471441692970e-01
-9.788779575377574149e-01
6.011888098664047719e-01
3.875467389176877608e-01
-9.800303926965262535e-01
-3.032924562143906599e-01
-6.378749533550427397e-01
-2.469606612762403897e-01
2.729435996099984219e-01
-5.610439362815863307e-01
-6.712634097592601323e-01
-8.011024110190926306e-01
1.745192524653866872e-01
2.760048126672250968e-01
-2.374217735157993503e-01
-4.513977658846972107e-01
1.155960253423123918e-01
-5.992622344362941167e-02
4.471013172236865119e-01
4.128345250841470859e-01
-1.863234075075368423e-01
-2.980561303319144706e-01
-9.989790573261194684e-01
5.793889234972005031e-01
-8.351764559681437161e-01
-2.478672986960879510e-01
-2.421688406380496095e-01
2.600113946426419465e-01
-2.063551312544029126e-01
7.260948749561781934e-01
-5.877325198415601637e-01
7.158014880622597387e-01
3.495933462882409581e-01
-6.262478917857783323e-02
-4.375591092804224091e-01
7.322433204742254675e-01
4.685226411888981368e-01
-6.381026449347451668e-02
6.015513546565415259e-02
-7.512181844769565409e-01
-7.171088722966682816e-02
-5.478457011627464457e-01
7.776969452940534211e-01
7.104665789447726088e-01
-6.704645586022750514e-01
-2.218910662365407016e-01
1.382459089911453332e-01
3.193650754472810993e-01
-1.000000000000000000e+00
-9.129203453320359207e-01
7.275634362227095808e-01
1.772694480130364292e-01
7.786371061452570519e-01
-7.001404133568667199e-01
6.672374118059487547e-01
6.051430501989718547e-01
2.836636874321923352e-01
-2.644948007542977653e-01
-7.766598914747251392e-01
-1.620787783572168878e-02
3.017206628041425032e-01
-2.710220423560241731e-01
-9.065199467234771324e-01
-6.757225653774933116e-01
-2.202568093341044919e-01
-1.292572501694529419e-01
4.770790214485968184e-01
2.929638275549306670e-01
2.966185018783410454e-01
-4.217661195361136484e-01
1.000000000000000000e+00
5.666974385256642877e-02
4.191891652456131157e-01
2.088643427022665866e-01
5.243961800399942197e-01
-1.000000000000000000e+00
6.428307812062596938e-01
1.673283305856693506e-02
-9.751406195175225944e-02
-1.000000000000000000e+00
6.449938148949219130e-02
5.343989459858354829e-01
-8.797462608152903374e-02
7.045330994402637659e-01
1.120371926863153317e-01
-2.098585336804298374e-01
-8.608677188043685202e-01
-4.438264699104546018e-01
6.280348940766364851e-01
-2.577775568428254949e-01
1.876048006177154781e-01
5.497281815927317350e-01
5.915842866904624797e-01
-3.559462846891724430e-01
-1.000000000000000000e+00
-2.666369611811867379e-01
-4.616761928548865357e-01
8.460179242717628945e-03
-7.858562750869058089e-01
-3.022580221606114073e-02
-7.597109806773925111e-01
1.000000000000000000e+00
6.065853483936067825e-02
-2.806430788838830681e-01
7.474775224851371025e-01
-7.243128681578658856e-01
1.656782770645059411e-01
-7.709384729300881034e-01
4.468172448471183777e-01
1.464180447240134297e-01
6.715859778556958481e-01
2.538772602807543022e-01
3.452707647781042555e-01
-5.772242893543624298e-01
-8.127761684478956861e-02
8.211314668537261774e-01
5.690171876978106225e-01
1.756213122066136445e-01
5.749658121339229488e-01
-4.344115397492608055e-02
-1.400965041284443213e-01
-1.025483618660904539e-01
-1.000000000000000000e+00
-6.177878710058206657e-01
1.727476522036944934e-02
-1.325468586501043489e-01
3.452449430191140145e-01
1.082773374500769353e-01
8.477629260586361237e-01
-8.701653842053397314e-01
4.029465554581264652e-01
9.325526620797452981e-02
-8.776670931060895908e-01
-6.982460323368363531e-01
-1.478473771839216022e-01
-2.265264393560324496e-01
-2.845264055735059472e-01
-2.599501629322261698e-01
-3.625257832149711423e-01
2.483497913500502113e-02
-3.489196397996820187e-02
-1.483730731314902296e-01
8.090089253174426176e-01
5.622980603970535729e-02
