6.768973436490979823e-02
-5.716351134737032158e-01
-1.000000000000000000e+00
1.000000000000000000e+00
7.482729268196388617e-01
-2.771801144310460652e-01
8.147124371597855852e-01
1.000000000000000000e+00
-4.835896149064244365e-01
1.000000000000000000e+00
-4.516338187330606879e-01
-1.000000000000000000e+00
-8.542699773190903789e-01
1.000000000000000000e+00
1.000000000000000000e+00
-6.673111906127879855e-01
1.000000000000000000e+00
1.359839503177477926e-01
-3.573089271002105605e-02
-6.494010374480047032e-01
-1.827276194201479242e-01
-1.000000000000000000e+00
-9.590885170719039010e-01
1.000000000000000000e+00
-1.000000000000000000e+00
-1.000000000000000000e+00
9.785292684504819372e-01
-6.515410822078613329e-01
-1.000000000000000000e+00
9.602789685332835390e-01
1.000000000000000000e+00
1.000000000000000000e+00
5.805913073505375444e-01
-5.318789050468925028e-01
8.858781797892580911e-01
1.000000000000000000e+00
-1.000000000000000000e+00
-5.165247660480529746e-01
8.673608517940861740e-01
-1.000000000000000000e+00
-3.676510923370461814e-01
3.514763040263566701e-02
3.910631666912626203e-01
1.000000000000000000e+00
-6.027881414878226707e-01
-2.716480221716633947e-01
1.000000000000000000e+00
9.917841671079569155e-01
-1.000000000000000000e+00
-1.000000000000000000e+00
-3.092233473672645339e-02
-1.000000000000000000e+00
6.418241832481857978e-02
6.722153318332080296e-02
5.464834709663057843e-02
-3.950121374681032638e-01
-5.942087009855936408e-01
-1.000000000000000000e+00
-8.636204401373068773e-01
-1.000000000000000000e+00
-1.000000000000000000e+00
1.000000000000000000e+00
1.000000000000000000e+00
1.000000000000000000e+00
7.031590882427450895e-01
1.000000000000000000e+00
-1.000000000000000000e+00
4.903731630292209598e-01
1.000000000000000000e+00
7.089965605175491126e-01
3.088326846017067639e-01
1.000000000000000000e+00
1.000000000000000000e+00
-5.715374576900142944e-01
-1.000000000000000000e+00
-1.000000000000000000e+00
1.000000000000000000e+00
-3.075300565731822200e-01
3.223703143219357470e-01
1.143494990388279620e-01
-8.626140047615298290e-01
-9.782494957274239233e-01
2.771053161551039201e-01
1.701924761533752939e-01
-1.000000000000000000e+00
1.000000000000000000e+00
-1.000000000000000000e+00
2.204774429432105887e-01
-1.022670449081550803e-01
1.000000000000000000e+00
1.000000000000000000e+00
1.409031068445399937e-01
-1.000000000000000000e+00
-1.000000000000000000e+00
1.000000000000000000e+00
-1.000000000000000000e+00
-1.000000000000000000e+00
6.437165083472056182e-01
6.070901663630983158e-01
-5.142781492082075800e-01
-1.000000000000000000e+00
-1.000000000000000000e+00
-7.446920300520093461e-01
-1.877274623988820501e-01
4.694376510492528909e-01
-1.000000000000000000e+00
7.253617012535498176e-01
1.000000000000000000e+00
1.000000000000000000e+00
-3.836614640079893945e-02
8.678410050930492892e-01
1.000000000000000000e+00
1.329276490881093620e-01
-1.000000000000000000e+00
-1.000000000000000000e+00
-1.000000000000000000e+00
-1.000000000000000000e+00
1.000000000000000000e+00
1.000000000000000000e+00
1.000000000000000000e+00
-5.510167797924085953e-01
3.838295740232697262e-02
1.000000000000000000e+00
-1.000000000000000000e+00
-8.639481264677172367e-01
3.411948714380781955e-01
5.778689814824047311e-01
-3.164860483879755604e-01
3.905767867851752673e-01
-1.000000000000000000e+00
-7.908631984407978877e-01
-1.000000000000000000e+00
-1.000000000000000000e+00
-1.000000000000000000e+00
-1.000000000000000000e+00
1.000000000000000000e+00
1.000000000000000000e+00
1.000000000000000000e+00
1.000000000000000000e+00
1.000000000000000000e+00
-1.000000000000000000e+00
-7.959883481811835804e-02
-5.124186491174596014e-01
-3.807148398428899516e-01
-3.988012764783976927e-01
3.250071264164090534e-01
1.000000000000000000e+00
1.000000000000000000e+00
1.091218442551661338e-01
-1.000000000000000000e+00
5.116779602273037464e-02
-1.000000000000000000e+00
1.000000000000000000e+00
-3.097227033686719144e-01
-6.317815091249470161e-01
3.708530003123157726e-01
-5.327913632816456690e-01
9.611888341877848907e-01
-8.020307310285823554e-02
-2.692549722131269418e-01
1.000000000000000000e+00
-1.000000000000000000e+00
-9.473639443554424666e-01
1.000000000000000000e+00
-9.079742449363504830e-01
1.000000000000000000e+00
-7.346985856779207902e-01
-4.911776524664535071e-01
1.000000000000000000e+00
-1.000000000000000000e+00
1.000000000000000000e+00
-1.000000000000000000e+00
-3.580597417714831976e-01
-1.000000000000000000e+00
-4.921205459744129596e-02
3.567494326496222778e-01
-9.822956331799896912e-01
-7.484999376876970700e-01
-4.026724433209072362e-01
1.000000000000000000e+00
2.497521270347482503e-01
-1.000000000000000000e+00
1.000000000000000000e+00
-6.860649579928452813e-01
-7.998686921699840191e-01
1.000000000000000000e+00
1.000000000000000000e+00
-1.289616418919949936e-01
-1.000000000000000000e+00
6.703554741430935993e-01
-1.000000000000000000e+00
1.000000000000000000e+00
-1.000000000000000000e+00
4.452078568140149795e-01
1.271820436080072780e-01
-1.000000000000000000e+00
-1.618715493895457880e-01
6.015646401851703073e-01
-1.000000000000000000e+00
-7.258907043991488228e-01
1.000000000000000000e+00
-7.131748565158538833e-01
2.532897635525671598e-01
1.000000000000000000e+00
1.000000000000000000e+00
1.000000000000000000e+00
-3.466779635461358922e-01
1.000000000000000000e+00
1.000000000000000000e+00
1.000000000000000000e+00
-4.359025305572070685e-01
-1.000000000000000000e+00
-1.446947642685800783e-01
1.000000000000000000e+00
1.000000000000000000e+00
1.980546221271883844e-02
-8.144868678771188808e-02
5.486699446486078546e-01
1.000000000000000000e+00
3.065810505039712752e-01
5.799694466784620639e-01
-4.985396742821082139e-01
1.000000000000000000e+00
1.117749383512252198e-01
2.859634582166201699e-01
3.787575264717040202e-01
1.000000000000000000e+00
1.000000000000000000e+00
1.000000000000000000e+00
-1.000000000000000000e+00
-1.000000000000000000e+00
1.000000000000000000e+00
-7.678397239503549354e-01
-2.530570186025120627e-01
-4.950142332291296299e-01
-1.000000000000000000e+00
-1.000000000000000000e+00
1.000000000000000000e+00
1.000000000000000000e+00
4.090056988458881659e-02
-8.979840674391611488e-01
1.000000000000000000e+00
-1.441876629206190197e-01
-3.632395438649671515e-02
9.958599909605235778e-01
1.000000000000000000e+00
9.865671398237645384e-01
-2.204441275724016436e-01
1.000000000000000000e+00
-1.000000000000000000e+00
1.000000000000000000e+00
-2.870089386155847411e-01
8.767549911555492237e-01
1.000000000000000000e+00
-1.000000000000000000e+00
-1.000000000000000000e+00
-8.198059386654937830e-01
1.000000000000000000e+00
1.000000000000000000e+00
-5.421457921052252882e-01
-1.000000000000000000e+00
-6.952164294439360237e-01
1.000000000000000000e+00
9.915339028842259372e-01
1.000000000000000000e+00
