-1.880297128093979531e-01
-1.193163819405946846e-01
6.396180066100817241e-01
6.889718003165402616e-01
-4.420199830217695913e-01
9.072906380791542214e-01
-5.524812304234996141e-01
-3.490382661537157899e-02
8.182601470841128766e-01
1.343504444710637014e-01
-3.076586250422419511e-01
-5.196319568501623909e-01
1.375821492927187251e-02
-4.715562411315381008e-01
3.341458152735084508e-01
-1.354522064592424690e-01
6.638318664126618973e-02
-1.876307101921845244e-01
3.340493493298107852e-01
-1.464879325344793648e-01
-9.221133041516119677e-01
-3.534607343523832323e-01
-8.560198056308579995e-01
-1.000000000000000000e+00
5.647649799502163503e-01
1.537974624376223787e-01
7.916559608377199408e-02
-6.657816813287129598e-01
-2.394100925495917520e-01
2.522578374520318967e-01
6.976854894847427380e-01
-5.989078064604619334e-01
4.178799907515403644e-01
6.838469859595408540e-01
2.230097832069179165e-01
7.894841880540515167e-04
1.071582737024966321e-02
5.294633570218518909e-02
7.486622522835925109e-01
5.086174609993554530e-01
8.379371957645359581e-01
7.614918111191388839e-01
9.197610330385659339e-01
-4.210980075920554011e-01
-1.117267429246295296e-01
8.834324667888679983e-01
-4.759352594748761933e-01
6.097598236874400834e-01
5.431161994343093324e-01
-9.537950197566591459e-01
-2.122215832801933877e-02
7.447797471040833450e-01
7.572815600274165337e-01
-1.713591989254653267e-02
1.224192361053849237e-01
9.987321597246539007e-01
9.875912892646379060e-01
1.028573712426184006e-02
-2.955360456236090783e-01
7.431570437431282983e-01
-1.389655452672611258e-03
7.118114065910020605e-01
-2.164888120203968258e-01
-1.097107117246860775e-01
-2.076961499295673641e-01
-9.811961854180848430e-01
-7.008631076863298670e-01
9.201744611806201846e-01
7.697706846677239145e-01
1.980507508065889599e-01
-4.729491006273960352e-01
9.150740851183359892e-01
3.459167140857255518e-01
-3.380480025287861956e-01
8.476125823677909121e-01
-4.805808586524618065e-01
5.626927151261092996e-01
5.623549132468860789e-02
2.794998038703494503e-01
4.770284828749534189e-01
4.202841937017026686e-02
-7.857232498835535761e-01
-4.720897782319989355e-01
4.616362384314532941e-01
-5.499456178260332395e-01
-8.671334606986219606e-02
-5.205532388478338879e-01
-2.288045066227032964e-01
4.454192466242071768e-01
-1.607676920084211147e-01
1.578072943220532598e-01
4.218120375653108267e-01
8.621256653133548831e-01
7.330268022353014779e-02
-5.491069960864808364e-01
-3.964334142494375657e-01
-1.209185612926570452e-01
8.014919959223888724e-02
6.176855251504516087e-01
-6.236431093981162910e-01
-6.714067257412268397e-01
-9.524776473639411378e-01
6.556898706458536008e-01
4.056799998011926811e-01
-1.685849421988286911e-01
-9.018739274617797452e-01
4.225923193632119546e-01
4.025378574295601641e-01
-6.081157785065322008e-01
2.019077618848313660e-01
-1.114465786762897093e-02
1.455269469611586430e-02
-8.875780877397800861e-01
7.273227705676834631e-01
8.262725832381977442e-01
9.610420872308540474e-01
4.460482158630421634e-02
-6.004861027910137761e-01
5.979964128647314858e-01
-9.397827925613269073e-01
-9.119211222596252941e-01
4.853190481247530719e-01
4.341032042896047494e-01
2.893828464504704101e-01
4.861448878372577886e-01
5.619836603691227284e-01
-3.675439154110916040e-01
1.190609212807383355e-01
5.287895956333192871e-01
5.125094532763713184e-01
3.686505535141654244e-01
6.946754221551397768e-01
3.776206759890732845e-01
-1.599944008828252384e-02
1.859185441040946962e-01
-5.825083871539185054e-01
-6.098639239452052774e-01
5.705972523835535215e-01
1.944735271295232881e-01
-7.056991239645206415e-02
6.849418246535705634e-01
-9.828552719567411611e-01
-6.126732570960109481e-01
7.161981126002834319e-01
-2.634574331985728435e-01
-3.957357515515536051e-02
-9.247499522603662703e-01
-6.069413222033993582e-01
-6.657398157153767704e-01
-8.326675673525187893e-01
-8.812258666137237073e-01
-3.816585510019044336e-01
1.646087318248465881e-01
-5.599863758239129741e-01
-6.444185911700155422e-01
-1.903766123868994020e-01
2.140442775807466502e-01
9.152722452838479850e-02
-5.294770168330140137e-02
-6.171032441178433414e-01
-9.326096218059841680e-01
2.669134590450826794e-01
-4.916500913400295159e-01
5.586225604147369017e-01
5.617986861761499195e-01
-1.000000000000000000e+00
2.850447176270582972e-01
1.000000000000000000e+00
-1.541223557291565571e-02
3.519464261116571624e-01
-9.797301541966557670e-02
-5.146145924454468279e-01
1.183781278168116458e-01
-5.745027616046933794e-01
5.907388489146929711e-01
6.365996200733659016e-01
5.326100115941594382e-01
-3.497804184122246252e-01
-9.926667144112139018e-01
-5.586941732268199123e-01
4.888833849526894038e-01
2.051199051023626097e-01
-1.276972232604393631e-01
5.728338861311758901e-02
-1.749871015858040502e-01
-9.351993519759308482e-01
-4.021192815464029735e-01
-5.171068247086052505e-01
-4.267128664659404214e-01
-6.078218570926523512e-01
-1.519636643367978657e-01
1.000000000000000000e+00
-1.675283390699504049e-01
1.520204711706871215e-02
2.739712792632473248e-01
4.365569053491719642e-01
6.079397980571109583e-01
-1.123119677137019434e-01
7.417109647555771013e-02
-5.077748860900945793e-01
4.630791098930705507e-01
-4.852865990250208039e-01
6.968740985828535406e-01
6.960397399533394536e-01
4.934064474469613826e-01
1.672910184744575424e-01
-1.039521932570180995e-02
-3.732957620261678766e-01
-6.526283720947059219e-01
-6.257645621853474838e-01
-1.756675534951973594e-01
2.202250351926086369e-01
-1.489392397292206016e-01
-5.274957252467317170e-01
-9.928474077529307884e-01
-8.414884804730178303e-01
-3.226097002736211250e-01
-9.106190328452309912e-02
-6.194533738240769888e-02
7.017999245058255120e-01
3.742090360777278191e-02
-6.365680240614276508e-01
-5.797297792165763131e-01
1.320826921575943280e-01
-6.579376893473595223e-01
-4.510851594747010140e-01
-9.924804177951100925e-01
1.000000000000000000e+00
-1.532180028462370447e-01
9.067542289520971188e-01
6.802540683757646311e-01
-4.381667732812152272e-01
8.711456758801172651e-02
-2.559178344500154592e-02
5.748211100666992257e-01
-6.818164318400152801e-01
3.250696500021582613e-01
4.926667800482201764e-01
1.000000000000000000e+00
1.978080058475497061e-01
-3.640573347275309901e-01
-7.344226014992638607e-01
3.144772603069111994e-01
6.985345027686844510e-01
-1.544392432116953873e-01
1.000000000000000000e+00
-1.000000000000000000e+00
-3.248244201116985974e-01
5.970592571445783037e-01
-9.647768358144773737e-01
-2.274363143221646566e-01
5.233955239492987799e-01
3.485929882557836090e-01
4.286663846385456722e-01
4.006305508878744703e-01
-8.700884033349343127e-01
-5.636739407401910595e-01
-2.384654784740104089e-02
-5.274066224307172313e-01
-2.530361777799134404e-01
-8.289202192306340811e-01
-4.248599216358982522e-01
-7.509566209835295547e-01
4.937660501329982909e-01
-6.777445442653476926e-01
