1.634785836033527673e-01
2.097608822225542347e-01
7.791301767485437901e-01
4.996912080734078887e-01
-3.250891836206122321e-01
-9.156526354638703236e-01
2.213812955999905352e-01
-8.326929010307154710e-01
7.887196015014776851e-01
-1.739188482154918614e-01
2.985176621205279379e-02
-1.000000000000000000e+00
3.288945528923892248e-01
6.176354741396239412e-01
-1.329423008901899905e-01
9.602648763014942634e-01
-1.000000000000000000e+00
8.089851876592208946e-01
-6.455375347491263405e-01
-2.459403832513968879e-01
-1.000000000000000000e+00
-1.000000000000000000e+00
-7.054028227347253210e-01
7.906370987338462442e-02
-1.000000000000000000e+00
1.772520155528072849e-01
1.000000000000000000e+00
9.730982762449343904e-01
-3.604675672219346816e-01
2.761258257932005522e-01
-1.769474131558838037e-01
-7.005829442322952794e-01
3.384943687836474702e-01
-4.467251528621454804e-01
3.192764493682226368e-01
3.814786377136252238e-01
-5.349651505957853104e-02
6.566388659120826476e-01
1.121247886678304329e-01
9.803145492465397126e-01
-7.391898015556352952e-02
-3.341579949473852951e-01
1.000000000000000000e+00
8.275395518643651194e-01
-7.202117133152858841e-01
1.000000000000000000e+00
-1.000000000000000000e+00
7.358016995731053722e-01
-9.673264902516660602e-01
9.271494407009543970e-01
-7.891480151200128690e-01
-1.691117327519514602e-01
-2.077311014903553688e-01
-1.000000000000000000e+00
1.000000000000000000e+00
-1.282169575812361906e-01
-8.976126546256349981e-01
-2.057394903896868632e-01
6.338082298777758528e-02
1.884967792186862390e-01
-5.901975650415492991e-01
-8.021320161685725481e-01
-5.354348998455659148e-01
-3.133415867733319038e-02
-4.805921981272751609e-01
-9.896291371579195584e-01
-5.132375993800950553e-01
1.000000000000000000e+00
-1.000000000000000000e+00
-5.726980575913357407e-01
6.542011413065180747e-01
2.050145287948896833e-01
9.987002021829912701e-01
8.314307552071773522e-01
2.324860327500521961e-02
5.779567780871703864e-01
2.502205216731937520e-01
7.224461509844509743e-01
1.000000000000000000e+00
1.379251221656168092e-01
-7.890903989220396930e-01
-1.000000000000000000e+00
-6.173436373564210600e-01
-6.541441972220396472e-02
1.357305342492395317e-01
8.576372042775425308e-01
1.704654225373682386e-01
2.132341963404988383e-01
6.637026352375894334e-01
-3.883905652136284137e-01
5.307175940635202593e-01
-2.439720424076402827e-01
-8.937029532730609294e-01
-1.000000000000000000e+00
-9.609734219617822593e-01
-3.486897925003522580e-01
7.395710108883486456e-01
8.345577490203147653e-01
8.423955553215418668e-01
-5.666449759897318472e-01
-4.094784247502823993e-01
-1.787683565566147159e-01
-4.627892229055101669e-01
-7.226679925431398477e-01
-5.745899308541188022e-01
-4.715445303609277494e-01
4.983012233337609231e-01
1.000000000000000000e+00
3.433687721848908692e-01
-2.788944558183729105e-01
-3.484760337632522020e-01
-1.114076145267047790e-01
-8.125083802378936237e-01
3.010819547844998945e-01
1.355107722387745017e-01
-7.652543153293531741e-01
3.205437653367246287e-02
-7.819704496906779712e-01
5.942238690253633937e-01
-8.119645154311627699e-02
2.658379602552398691e-01
5.285518780573333908e-01
-3.400886392555081961e-01
8.456155667444544832e-01
2.524836021922693963e-01
2.341145219203442096e-01
-1.496026972092222018e-01
-1.000000000000000000e+00
1.821662605030827109e-02
-4.492174736985692918e-01
9.787617602583873477e-01
-1.000000000000000000e+00
2.520617974964003416e-01
8.547313558156679481e-01
1.917375501659306369e-01
1.039200572529410671e-01
9.745613677879056969e-01
4.254181965829885448e-02
-1.000000000000000000e+00
-9.521080960498579104e-01
-1.477423565981628162e-02
-1.000000000000000000e+00
-3.075460762765556133e-01
-1.000000000000000000e+00
-6.713647244207439080e-01
-5.408606776210728162e-01
2.382492113110894483e-01
2.588558561817082548e-01
4.754740321298478456e-01
8.528895999389058957e-01
4.013501574559439344e-01
-1.200750046455125730e-01
3.336892789047848362e-01
-4.702478898750655500e-01
-9.367847590755270515e-01
6.921652504219938384e-01
-1.000000000000000000e+00
1.000000000000000000e+00
2.330545658614064375e-01
-2.251242112999195522e-01
-7.796652636449383222e-02
2.135864526535327101e-01
2.703259385148291116e-01
5.871988184634884256e-01
-9.730440742738178939e-01
-4.223904170563298477e-01
-1.475595556975003997e-01
3.794446799989688035e-01
-4.960143732617994239e-01
4.034317832331532072e-01
-1.367401582045446595e-01
9.086089271486657015e-01
-3.712939334463715713e-01
1.000000000000000000e+00
-1.957335174896285279e-01
7.979915722657793253e-01
-1.000000000000000000e+00
5.714653853621951551e-01
-5.957645098999515554e-01
1.000000000000000000e+00
1.000000000000000000e+00
6.482736443576945229e-01
8.174816195074603442e-01
-3.746615780489377379e-01
3.852607324342862682e-01
-3.591161087552332543e-01
-8.758178804062518585e-01
-5.181604639698630388e-01
-3.075540753364475743e-01
-1.429293766110166231e-01
-4.834199260906330009e-01
4.766151528052955388e-01
9.040386996781288875e-01
1.000000000000000000e+00
1.000000000000000000e+00
-9.349086990122159602e-01
-5.430644233319195102e-01
9.838828533068686433e-01
-7.379222775962021030e-01
-9.942338284682379346e-01
1.255751841199602148e-01
-7.558781597374658601e-01
-6.104375813430271691e-01
9.012781469868819118e-02
-1.000000000000000000e+00
2.173761182373875611e-01
-2.152105164768091661e-01
4.195333037743691484e-01
3.072486612892183500e-01
2.623024450000971397e-01
-7.870142344648727306e-01
-3.683266516938361601e-01
-1.612106746584109906e-01
9.082596551432957632e-01
7.685204403844847487e-01
-8.316768369964433472e-01
-5.553786455832935287e-01
1.000000000000000000e+00
1.905247640036372703e-01
-7.909784873031467933e-01
1.000000000000000000e+00
-8.409831814854404897e-01
8.487621218388072819e-01
6.295749482683221654e-01
-4.263861339912128345e-02
-8.680646233223010544e-01
-3.947558719149472650e-01
5.219966752938332011e-02
3.008580122355443698e-01
-6.293007685532678863e-01
-4.047591033536956928e-02
3.222298994525166216e-01
1.000000000000000000e+00
-2.968873171776365005e-02
5.934231301494613531e-01
-1.000000000000000000e+00
-4.408080887342643028e-01
-3.923764520859780447e-01
-7.995393786648108403e-01
1.000000000000000000e+00
-1.541581425626323276e-01
1.376617748622107618e-01
-6.610262539650664237e-01
8.829897200409297930e-02
7.782544019312293004e-01
-9.543431724979826170e-01
7.513911456430909519e-01
-6.456041494961950455e-02
-2.703488981941962743e-01
-5.516540107982673691e-01
9.364294122293141953e-01
9.681570673709934127e-02
1.893935558124718310e-01
1.000000000000000000e+00
-3.002411810789329394e-01
-9.164427195240625323e-01
-5.108688503725418162e-01
-4.470580863842638086e-01
-6.782911204283582629e-01
4.095326543703643463e-01
-4.253461903845858760e-01
9.441270611133333324e-01
5.498167472504390529e-01
1.270967991697238286e-01
-6.524136442672646696e-01
