-8.316235276530254961e-01
8.190302907161302048e-01
-1.011514832504341044e-01
3.140481566380501910e-01
9.881494091218108178e-01
-6.170890277934841794e-01
-4.781172890696656630e-01
-2.216408268173650775e-01
8.157738100987992347e-01
2.724613964869704308e-01
1.992130865509589288e-01
5.202015889800781778e-02
-9.733461889807459855e-01
8.049784415684049232e-01
5.942221092827886242e-01
2.796247401465423721e-01
-4.279243008828332862e-01
-6.589426597937020347e-02
-6.930341598371165812e-01
5.297749126659385688e-01
-4.477923008111497349e-01
9.314147824139409337e-01
3.534178053625598448e-01
-2.277055720343108547e-01
8.492225163808060362e-01
3.942166978156778079e-01
3.301173002743240659e-01
-7.885289590893209688e-01
-4.376669997171944715e-01
7.117735309175936553e-01
4.219733381294332730e-03
-4.272217990558213607e-02
-8.843228673894070191e-01
-5.354771343115616311e-01
-1.071346414045646345e-01
5.426541983581132378e-01
-2.208043811087796460e-01
-6.334144440045093027e-01
-9.296016057252769471e-01
3.883746169185031683e-02
5.767816565744334767e-01
4.973839462891453955e-01
1.562742217371293485e-02
-7.946875432969482400e-01
-1.853081477696774115e-01
-2.350327419262490114e-01
7.337092770267290565e-01
-8.469820753555101778e-01
-9.317919634534610474e-02
-9.416108861264613772e-01
-6.713110613887989242e-01
7.701488683048849371e-01
-7.030020663076528287e-01
-4.783598889404980792e-01
3.770012219934903985e-01
-7.227068934850626736e-01
-6.313735287222710379e-01
-7.623368637116809676e-01
-5.547369499369430024e-01
-2.305834923622192001e-01
5.690256771628647847e-01
7.679997577051160818e-01
8.941311241755998118e-01
-2.379187702521090575e-01
8.153339635693259702e-01
3.617001954065577340e-01
2.623786534272805060e-01
-4.637865534597287454e-01
-9.784608716390070793e-01
2.553150753583306454e-01
-3.070609312414118719e-02
-3.823280860326105923e-02
1.062746776951914995e-01
7.882053994927504803e-01
-8.112869049730677684e-01
2.428753999679695852e-01
-7.784281734868763181e-01
-1.413506244737094963e-01
5.287471052464296495e-01
-9.680549816401806673e-02
-3.857820196865615614e-01
-7.491394924626777474e-01
-8.840699448820448225e-01
-2.510224244860219667e-01
-2.732529928301996591e-02
4.758748363492768529e-01
6.473770500242137516e-01
-8.202220235379127367e-01
-5.796273903893598423e-01
7.796158881748496139e-01
1.217725689164095293e-01
2.692818035392596787e-01
4.090812327026509543e-01
3.866405219168873586e-01
-6.571345971983788559e-01
-5.891569517326167293e-01
4.177713530532256581e-01
5.359620510878522204e-01
5.297921002261447576e-01
1.829523137108857167e-01
-3.398555247803745072e-01
-8.216191233754233103e-01
8.639747865249702841e-02
-2.873130262526668588e-03
8.446922958828095851e-02
8.860613443347202800e-01
9.451874947021974283e-01
7.128023634664724106e-01
-4.945305321296618040e-01
6.414204730037962321e-01
-1.617828061980255416e-01
2.222606908643576240e-01
-4.546515025957804657e-01
8.173840545687816039e-01
5.861078073700161095e-01
-8.476961492140155929e-01
7.932742891253572459e-01
7.983970778888946906e-01
-6.439352357832111018e-01
-6.778046626602036717e-01
5.741795701908296579e-01
-6.849838460452393196e-01
6.700912284125990492e-01
-6.391966791410410575e-01
5.631850937753857256e-01
-6.114093450071256264e-01
-5.815290185008705759e-01
-6.282933740581120308e-01
-4.774091122461214809e-01
6.874252911021649926e-01
4.431849741051436808e-01
2.118069005546867611e-01
1.014719116497304618e-01
7.701261375997956460e-01
5.618242343415225104e-01
-1.935824295401344930e-01
5.678553289774330715e-01
-7.760010339385370326e-01
1.604656495896865653e-01
-8.017821408866931954e-02
-2.438729893657876069e-01
-6.727212653171230627e-01
5.558150649743462957e-01
-9.976200216723456471e-01
1.657981755436297444e-01
8.438470491161678133e-01
3.755741438285218337e-01
8.853781524754429366e-01
1.217568857619264477e-01
6.727642499261203834e-01
-1.072669631862284145e-01
-9.956712614543683504e-01
-5.269059982851063140e-01
-1.045215099014857874e-01
-9.877343574925541159e-01
8.618161881756374321e-01
7.943323149468817235e-01
9.398827328927452651e-01
8.094358246052382189e-01
7.686811036177889633e-01
-6.395571566719329137e-01
-7.986595156956881603e-01
7.881186875539833991e-01
4.641174309235982509e-01
-9.852036362576579442e-01
2.985112100826976533e-01
7.198906680669490132e-01
-4.636157958720918959e-01
-4.488072681171051403e-01
-2.650136765207844469e-02
-3.282523102965777539e-01
-9.127212071298842488e-01
9.706143519406631448e-01
-4.918830369152549231e-01
1.066700293244986497e-01
-7.047286570216444446e-01
1.070148984621415167e-01
1.254844362928264623e-01
-5.305927371765475353e-01
-6.359090746678137673e-01
-5.721046468544657149e-01
-7.446418264494503170e-02
9.466366353209680895e-01
8.946669790255672439e-01
-9.600708800645318952e-01
-4.406101663278445546e-01
6.862279561269457595e-02
2.213877997589934754e-01
1.068590301511709306e-01
-3.275187209301211322e-01
-8.175819671056672178e-02
5.338583270670469449e-01
7.520855272678488301e-01
3.239510543817192278e-01
-8.812815419471629053e-01
-5.793537100657231154e-01
-7.442977499285201581e-01
-9.876777577894391147e-01
3.215523258703891774e-01
7.362494227299114513e-01
4.813087447510011607e-01
3.473115215639308584e-01
4.629032486023418880e-01
-7.231484633369720250e-01
-8.528351951700285927e-01
9.838011878163266388e-01
-9.381125301377655212e-01
-3.224114911388558102e-01
1.684016564840309371e-01
7.261001516724816529e-01
-4.054254051086467747e-01
-9.242191264792212202e-01
6.775402424143499580e-01
-7.100700691571448786e-02
1.692505047434795795e-01
-7.378207493435724462e-01
-8.278956185089942910e-01
7.063187623151157002e-01
-7.202799386478386801e-01
-1.066735075736815475e-01
5.409090789539283683e-01
-5.039120046029794686e-01
6.789675565013333358e-01
9.260443344652675712e-01
1.153782725794947339e-01
1.004867615044040541e-01
-6.905571495766444912e-01
-2.910350656879308051e-01
-3.018406374945741266e-01
3.968870883406863115e-01
-5.915650978639854785e-01
9.725525164203361328e-01
-8.574241135824205440e-01
-9.266858060689491250e-01
-3.580163028693430505e-01
-4.915847817844609668e-01
-6.323839549234633317e-02
9.946725762693544581e-01
-4.164255771177907128e-01
-2.439646186039390319e-01
-5.941335131058045338e-01
9.202349628513648572e-01
-3.074229481470980296e-01
5.732882883995855661e-01
-4.011909004382605559e-01
4.677525647453963931e-01
6.453902841368885923e-01
-8.240353673861633421e-01
2.535630516370526166e-01
4.424621329047608853e-01
-5.230042709860107664e-01
2.049351359622251234e-01
6.755879219776721456e-01
-1.104380779597777806e-01
-3.302243339943466971e-01
9.876567512365881374e-01
6.790167221335301484e-01
3.287452986019177015e-01
1.665761097842635152e-01
-7.613807557209524290e-01
-3.386204299344846014e-01
-6.510233598164205659e-02
5.412224662545930265e-01
8.731586811967368966e-01
-3.599340210790833439e-01
