-9.489178721316333665e-01
-2.439548731557598105e-01
1.000000000000000000e+00
4.184058640174624921e-01
1.519824185569007280e-01
3.665812151194862700e-01
7.274077891259687068e-01
1.106886018919505110e-01
6.295033123247300022e-01
-5.102893167112227957e-01
-9.358288485037468130e-01
2.188857575950612366e-01
3.010992160034863252e-01
-5.868824850289066086e-01
5.462555506767234892e-01
8.556227935503730730e-01
1.000000000000000000e+00
-2.442376038939117477e-01
9.416109356957332865e-01
-9.161698260777954850e-02
-3.657548078430749583e-01
-6.107965310205920595e-01
4.963809839269466284e-01
-1.666900132930587419e-01
-3.247564734156453969e-01
-8.939603839928457196e-01
7.192313905970149079e-01
1.339284083041972218e-01
-8.940877934677714522e-01
-6.493321083523290183e-01
1.000000000000000000e+00
-9.430280159009061247e-01
8.680442853637299061e-01
-5.571684304787960507e-02
7.668961691966984517e-01
6.558272938969618160e-01
2.684081664787540955e-02
-1.000000000000000000e+00
-6.852375980457950932e-01
-9.060852926467413138e-01
-5.944826524028339332e-01
2.993067153904449551e-01
-6.408981499420655092e-01
-3.944303735825172019e-01
2.846352734669014284e-01
1.855128581866130055e-01
6.887461665107991182e-02
-8.210345628657566008e-01
8.567938323055613870e-01
5.209358371529846377e-01
3.892654090855250937e-01
5.474681438239372699e-01
-3.039655509390187804e-01
1.069364969732132797e-01
-4.017243844533988639e-01
4.385760563111160693e-01
-2.735741747100219751e-02
-5.852065117471324518e-01
8.555654249392271593e-01
3.282679885965710254e-01
-2.232098182734456315e-01
7.258878241607801263e-01
2.670571861865310703e-01
1.000000000000000000e+00
5.911800645006091148e-01
4.727297670560968723e-01
-6.823804101472361605e-01
-6.293517114582198868e-01
8.178374024977235202e-01
-4.011579141934795700e-02
1.000000000000000000e+00
-8.224368586081105548e-01
-7.052068515397200699e-01
-3.441918999221349473e-01
-2.699172213422352806e-01
1.000000000000000000e+00
3.878054272412512909e-02
-2.182862543249872722e-01
-3.440466465935470008e-01
8.463138699581812530e-02
1.000000000000000000e+00
-7.457934446547713758e-01
-1.811308466308592102e-02
7.277207706853114910e-01
5.854504339542303537e-01
6.005385597474649506e-01
7.737451682054893309e-01
4.034320007637180461e-01
1.185331331624837059e-01
4.186994451994863198e-02
2.022665146831619798e-01
2.789298816912062495e-01
-1.000000000000000000e+00
-7.485064893122763685e-01
-4.490854365755593269e-01
-1.112865475904227797e-01
2.536726873305437113e-01
-4.137451915508532085e-01
-1.796253145854911082e-01
-3.048513887659256572e-01
-2.089351756518849357e-01
-4.124547338368679816e-01
1.000000000000000000e+00
5.056617138548981372e-02
2.378879889289640948e-01
6.628911409707212155e-01
-2.493247719512766691e-01
1.041005126808375314e-01
4.423373302211279223e-01
1.000000000000000000e+00
-2.443818583253859200e-01
-4.236201072582539140e-05
-4.165056947293053202e-01
7.403534883374027764e-01
9.884194352800346195e-01
6.960393817799495064e-01
2.380836523836845076e-01
-9.348766526362983775e-01
-3.470228822394472168e-01
-5.221152054416637878e-01
-3.382581068343012975e-01
4.889224510583484173e-01
-4.422021169160739174e-01
9.155510490814413593e-01
-4.879885315861531847e-02
2.816827447777154880e-01
-1.062284350048621206e-01
-5.817469048003329757e-01
-4.332936636810277298e-01
1.325886915485964268e-01
7.080414300718356202e-01
-1.118824466825385500e-02
-4.703692805151910017e-01
-3.052887594366258117e-01
1.000000000000000000e+00
-2.493290081198749064e-01
-4.288298400069198157e-01
-1.000000000000000000e+00
-1.481499586876128260e-01
-1.668773468836696194e-01
-4.617853107312528960e-01
3.451073791391251477e-01
-8.873182838526265659e-01
-4.741844929085263782e-01
-4.037990622828506737e-01
6.388897446867636276e-02
8.797384033188236918e-01
3.796072582958552877e-01
-1.196311383197906641e-01
-6.730405922052818957e-01
1.000000000000000000e+00
2.963912822824562587e-01
-1.000000000000000000e+00
1.000000000000000000e+00
-1.000000000000000000e+00
3.321971289219328161e-01
7.164498532243535056e-01
-3.498713058729884806e-01
2.337100507657594584e-01
-9.214846976534216139e-02
8.765089648451660498e-01
-3.716822622086781713e-01
2.415599344810286930e-01
-1.830216380533452036e-01
6.159296008580510406e-01
6.176586702917763461e-03
-3.430152527667420514e-01
-1.444373733319200270e-01
2.670857048801922318e-01
4.839553122834552301e-01
-1.427698358508983356e-01
2.108162846649253019e-02
-2.552493135076783770e-01
-3.197090216741986235e-01
-1.000000000000000000e+00
8.500968500028407426e-01
5.481617940652667720e-01
4.595431513354025221e-01
-4.473752262182408290e-01
4.325876478475985110e-01
-7.111142393828295827e-01
-3.567549123564137670e-01
-4.958982973617948598e-01
4.634157607962698933e-01
1.000000000000000000e+00
-4.908124208547932632e-01
-1.336871514503852332e-01
1.000000000000000000e+00
-4.337809902759770520e-01
1.661797515198295550e-01
4.367206313777151072e-01
2.981179918659787598e-02
-4.808598006766278132e-01
2.818878540271592126e-01
3.405248203596974998e-01
5.769919710672530844e-01
-2.179350036755867137e-01
-1.000000000000000000e+00
-3.559909173611980338e-01
8.941611265339916015e-01
1.011666744822219965e-01
-2.551387210670653660e-01
-4.417374376367798616e-01
-2.376476313706514798e-01
3.705950578578205423e-01
-8.426092818793969874e-01
4.485545726045022663e-01
1.000000000000000000e+00
-2.898110937171149981e-02
-6.750235380214191228e-01
-4.472169936109129385e-01
-1.000000000000000000e+00
5.585114122230567801e-01
7.434513781384051168e-01
5.020846212082824556e-01
3.875410799707257326e-02
-2.917645702272986252e-02
5.972736053027394298e-01
5.289221843585065752e-01
-1.883933239849175378e-01
2.078492735157350946e-01
3.121944051327504299e-01
9.857456520134137978e-01
-1.000000000000000000e+00
2.261084259047440592e-01
-2.730828475554535339e-01
-3.813842151400376745e-01
-2.065099662775546352e-02
7.820101162555720409e-01
6.101720795917162654e-01
4.477625274200605077e-01
-2.714392635452808067e-01
-7.102913012462505060e-01
1.859152902820374598e-01
-1.683183344504668999e-01
-9.816085491515750272e-01
1.000000000000000000e+00
3.413411105969061943e-01
8.872547073546516172e-01
-1.619203262528911835e-01
1.000000000000000000e+00
1.000000000000000000e+00
3.494074770385877104e-01
-5.179662719308193441e-01
9.454143848904327241e-01
-1.000000000000000000e+00
-1.251959715926425076e-01
9.435007568911506493e-01
6.041167585792606154e-01
5.509862619909753345e-01
-6.790437505674976615e-01
6.291834488748861975e-01
4.026064664189832332e-01
1.000000000000000000e+00
6.911074984470702010e-01
-7.454654988463685905e-01
-9.157716449319899255e-01
1.000000000000000000e+00
1.000000000000000000e+00
7.273713268800489073e-01
-1.764696678470819569e-01
-4.431549599420527286e-01
5.847293842975069822e-01
-8.549749438159653936e-02
-1.000000000000000000e+00
