4.486977593303649592e-02
-9.797861213040149897e-01
4.194219343021146629e-01
3.542637772316816758e-01
-8.017113025397718529e-01
6.964719696729811949e-01
-5.257817027126040488e-01
3.469114122648464527e-01
-5.858360305975368609e-01
2.320858561153297805e-01
-7.790281666725703547e-01
2.555456751886370781e-01
8.289006724219223354e-01
-3.104702673277308644e-01
-1.000000000000000000e+00
1.590749235636156611e-01
3.059819031456960658e-01
-4.513425535512978759e-01
-4.856143758252517983e-02
-9.260142370334814022e-01
9.613654403455180741e-01
4.012143825590925861e-01
4.282606129826890262e-01
2.908510600060282281e-01
-2.631333184451287166e-01
6.947009485209267865e-01
6.073415900883479823e-01
-5.569222221540732765e-01
-8.544553974046339428e-01
-4.760930926669595387e-01
8.956634122748896587e-01
4.539322300033718505e-03
-2.472306197720210985e-01
-6.594674343085482615e-01
5.864459710708537221e-01
2.789823175176320280e-01
-7.288114087557377996e-01
-6.023053411308310068e-01
1.000000000000000000e+00
7.709396058772435834e-02
5.755713764074534833e-01
-4.365137955079193555e-01
-9.986118386857527618e-01
-8.690410710615460443e-01
-4.146315252257708472e-01
7.276901841219940437e-02
-1.247227387769740681e-02
7.529896722652640317e-01
9.962927355012859421e-01
-3.177377157380064654e-01
1.178429948971804198e-02
-1.586055399777992481e-01
-1.491573059156327610e-02
1.575828974863745791e-01
2.300194941196962717e-01
1.216326315567906879e-01
1.867789841897363190e-01
8.013156772332377109e-01
6.214815022361227514e-01
-1.269545159328321349e-01
-5.700743149757739880e-01
5.324962682387279767e-01
1.000000000000000000e+00
6.280835914856904845e-01
6.821150162919964455e-01
-8.191567084244483210e-02
1.624288233858798836e-01
-3.456698633050214742e-01
-1.874977948490503810e-01
-6.177886661300054927e-01
1.725399585239359990e-01
-3.724301914098738231e-01
1.000000000000000000e+00
1.000000000000000000e+00
-6.464834651779488572e-01
2.051415936682615682e-02
-7.911156161210882720e-01
-9.851863988579524500e-01
-8.463020279181017180e-01
-1.168390721369317459e-01
1.000000000000000000e+00
-6.555355335308139519e-01
2.314577708875726891e-01
7.102437303957389592e-01
-4.798593469582412840e-01
-1.000000000000000000e+00
-7.839393967291117260e-01
4.798925390038294436e-01
-1.760177230795222647e-01
4.444923117222308595e-01
-3.721385373527291707e-01
2.343063803694136749e-01
-5.540601979742286742e-01
9.769169482118528203e-01
-9.449789029898746362e-01
9.586188568786097042e-01
9.138559413810276588e-01
-6.893042972998438822e-01
4.693838365719446015e-01
-4.154603332847356389e-01
5.140672827372665399e-01
8.229464609081759141e-01
-3.070891316818649130e-01
-3.549487880507914417e-01
-5.820504840267350932e-01
-5.692262071565803438e-01
8.238032158811541272e-01
-1.297953147024221432e-01
4.525401124297590560e-01
-7.698847185826662720e-01
-6.559775737706969867e-01
-4.377547340024195432e-01
-4.545616685049780337e-01
-8.734635465841038560e-01
-9.849208867050637251e-01
-1.644105460405252961e-01
1.047717907565692275e-01
7.216404897277995945e-01
-2.034045708196584590e-01
1.557620005850602063e-01
9.245615424082987976e-01
7.637466708577466123e-01
-8.743350160598559739e-01
-3.300840332282981016e-02
-6.136617809863605943e-01
3.184528051181004793e-01
1.966691396182773666e-01
4.811877301582526134e-01
-6.154937829815184530e-03
7.060875352793611892e-01
4.004287402333238655e-01
9.028864469814195104e-01
-7.456692785352635466e-01
-1.000000000000000000e+00
-4.491036962730187154e-01
-4.110986240810560188e-01
6.085043855622904729e-01
4.820678364870716326e-01
6.367560092538707694e-01
-4.578162166871289629e-01
2.065275589786640387e-01
2.022328337064381865e-01
1.002680959414308237e-01
-1.000000000000000000e+00
5.904589526250081377e-01
7.021009804326771020e-01
9.731228408658428863e-01
4.735650889408207775e-03
2.680346562978475067e-01
1.581537403552296106e-01
-1.000000000000000000e+00
1.000000000000000000e+00
-6.422904322634942487e-01
-6.569144585134775172e-01
5.934651616271439112e-01
-9.854761166797367800e-01
-9.757090132641066393e-01
-7.631055225267592279e-01
-9.796880510462357972e-02
-1.779176732683285245e-01
-7.786418752045113356e-01
-1.961173710300689876e-01
-6.459893675835315374e-01
9.498220813902571447e-01
-1.911889316368178271e-01
-7.765499834706933724e-01
-9.611603764367450120e-01
-8.368753278162810449e-01
-2.377165182289807110e-01
9.948258600807413643e-01
1.000000000000000000e+00
5.737596584991938586e-01
-1.265081304575603749e-01
7.046584116901222217e-02
1.530703590989035690e-01
1.807916191756154256e-01
-3.040361611223106886e-01
-3.653315837196987048e-01
5.220882806219384609e-01
5.261689578433631498e-01
1.001702835535162178e-01
1.647153156113753125e-01
-2.860169897489407975e-01
-7.571952800031391817e-01
9.479663027638856043e-01
8.385665966767061885e-01
2.099823908986258036e-01
-3.742076489812043993e-01
-8.411979802933071682e-01
2.642222498918982421e-01
9.871343785359718570e-01
-6.396011058762326451e-01
-3.962638981674723726e-01
-8.647682416929042271e-01
4.231700319187771120e-01
8.293098454003049458e-01
1.157352109778937987e-01
-1.000000000000000000e+00
1.000000000000000000e+00
-1.867108621299840010e-01
4.112079440360247862e-01
-1.086466919708699574e-01
-5.981511512633989058e-01
-9.785253747720015216e-01
-6.447153170080297535e-01
-7.276825794412042359e-02
7.129846183166125284e-01
5.370829118809560265e-01
8.168445948895474151e-01
-1.023597264500787363e-01
3.756356757190119078e-01
9.285149764900124669e-01
6.950206104315264088e-01
-6.961413648065314375e-01
8.887239066931508225e-01
-1.456052687476050711e-01
-1.013909057587506768e-01
3.971963813302867852e-01
-1.956330583152027930e-02
-4.359046561956708699e-03
-6.606886234310621608e-01
-3.733809434134901378e-02
1.388322048248406548e-01
-1.932030241528943093e-01
6.239682348075181739e-01
5.543864634494228838e-01
1.000000000000000000e+00
3.027886652802824763e-01
-6.766410222084886517e-01
6.893756899947374173e-01
7.992064548545463332e-01
1.000000000000000000e+00
4.962398128518297757e-01
-6.495223714918016977e-01
-7.902764012192531329e-02
4.778069504101677412e-01
-8.577206258298624153e-01
6.963152641875587356e-01
5.682475580733454823e-01
3.770859321906090411e-01
-9.550123455334763589e-01
7.133188506905608905e-01
-4.311163941539294386e-01
7.582652514923668985e-01
1.000000000000000000e+00
-8.676729039217571104e-01
4.965807737744698525e-01
8.193369627958934087e-01
-1.840264925862067080e-01
1.290428256756155981e-02
9.330598279438435672e-01
5.677843781645406374e-01
3.278893916304677081e-01
3.087331048243503462e-01
-5.109033132569806845e-01
-9.921597603562803958e-01
4.079307718606442479e-01
-3.482346586840568414e-01
9.469561774199988236e-01
4.699813974902152247e-01
2.337890271280226306e-01
1.000000000000000000e+00
1.805632897932036574e-01
3.124830827424018853e-02
3.552311182464315542e-01
