,gen,best,mean,sd,med,worst
0,0,19.352008045380597,-5.135850947694709,4.217549291188189,-5.855380960480367,-12.421068722190626
1,1,22.227607799019193,-4.7783854339583405,4.717998286947008,-5.852542711990459,-12.495287609326937
2,2,22.227607799019193,-4.023949367169499,5.525055234651126,-5.813358051317247,-12.761133174609252
3,3,22.227607799019193,-3.6329492648898984,5.794860277117423,-5.798708217522334,-12.495287609326937
4,4,22.227607799019193,-3.4422751280777772,6.2142861027315535,-5.798708217522334,-12.936306598281544
5,5,22.227607799019193,-3.4753132987542164,6.204448732525571,-5.8031145926551595,-12.495287609326937
6,6,23.12347125597883,-3.2142691539547448,6.672425171492151,-5.793734122012022,-12.495287609326937
7,7,23.12347125597883,-3.5483584273216175,6.351869549175454,-5.813358051317247,-12.495287609326937
8,8,23.12347125597883,-3.182341944453532,6.863277336614279,-5.806860578751249,-12.495287609326937
9,9,23.12347125597883,-2.874074678174948,6.918811075367987,-5.792708731169614,-12.495287609326937
10,10,23.12347125597883,-3.3593030585168706,6.663783689859024,-5.806860578751249,-13.362707568619445
11,11,23.12347125597883,-3.055473645657105,6.820061470511756,-5.792708731169614,-12.495287609326937
12,12,23.12347125597883,-3.0372464691547445,6.79357065177951,-5.792708731169614,-12.495287609326937
13,13,23.12347125597883,-3.0589604877070786,6.8685457875788885,-5.794759512854431,-12.495287609326937
14,14,23.12347125597883,-2.952599156288104,6.964107000145306,-5.792708731169614,-12.495287609326937
15,15,23.12347125597883,-2.8500099565184835,7.097001525397781,-5.792708731169614,-12.495287609326937
16,16,23.12347125597883,-2.7959799618285737,7.282249156074266,-5.793312378061328,-12.495287609326937
17,17,23.12347125597883,-2.829583875943218,7.176318854045726,-5.794759512854431,-12.495287609326937
18,18,23.12347125597883,-2.833544801950492,7.305556044371088,-5.798708217522334,-12.495287609326937
19,19,23.12347125597883,-2.5215878586385583,7.54165514008459,-5.792708731169614,-12.495287609326937
20,20,23.12347125597883,-2.4319762051042364,7.719441822909924,-5.792708731169614,-12.495287609326937
21,21,23.12347125597883,1.830954112044692,9.077616544675454,-0.6655219718487828,-9.873969841761179
22,22,23.583983361314118,1.708219059035919,9.112601656277503,-1.0091872330018212,-9.87063978909099
23,23,25.400198861290598,1.9745197164308226,10.04489569348376,-2.978549135576978,-18.0428580095004
24,24,26.587253886203268,3.473290202862727,10.074302455341007,2.3993729264991517,-18.305849064468507
25,25,26.587253886203268,1.4437993337098873,9.57138393279097,-2.384180578663937,-10.300137707754697
26,26,26.587253886203268,3.772884041852286,10.105770872915285,2.640886928223365,-16.385675420774856
27,27,26.587253886203268,3.2474900431514606,9.96106178400042,1.1538858200671172,-12.989940081154915
28,28,26.587253886203268,3.6593444992441326,9.808176448799486,1.5700612258433893,-10.2775851173458
29,29,26.587253886203268,3.549364865542728,9.661020896342432,0.84222363621965,-10.1710668685274
30,30,26.587253886203268,3.6859033907340795,10.355445663193933,1.3383179436153014,-16.385675420774856
31,31,26.587253886203268,3.5687160581476682,10.394163232851385,0.84222363621965,-13.446236287803607
32,32,26.587253886203268,3.3468057667925057,9.994258986593275,0.9571048214030604,-11.398804770824988
33,33,31.017601994129688,2.572929957462876,10.382690116751142,-1.586868419396355,-14.650515369196818
34,34,36.143613695325755,3.3522047329039832,10.45368403791578,2.3896228302417484,-18.351058969540844
35,35,36.143613695325755,3.9689828345993883,10.76327059340747,2.33255461488789,-16.31648477940779
36,36,36.143613695325755,4.600014637704717,10.21199965930318,3.92017680433878,-12.801453665145283
37,37,36.143613695325755,5.192197696563777,10.599219551173645,5.402416671897676,-13.718344373251774
38,38,36.143613695325755,5.574980688203087,10.56420611562959,6.080970451079224,-13.50396265614637
39,39,36.143613695325755,5.155738102351818,10.291713361563174,5.6717036993335626,-14.091193820349105
40,40,36.143613695325755,3.930830888821776,11.316364306738716,0.8579317271657025,-14.04286198986792
41,41,36.143613695325755,4.706679266343718,10.876255553200604,2.9265956329610994,-12.636295178297296
42,42,36.143613695325755,4.865718694426669,10.581608713271601,4.378214602780645,-16.31648477940779
43,43,36.143613695325755,6.6489033587155335,10.417772937687893,9.533091583383827,-9.24022694479976
44,44,36.143613695325755,5.06056964885739,10.584180498280906,5.622966543703797,-10.87990907544027
45,45,36.143613695325755,3.8521838974659874,10.836333131621315,0.84222363621965,-13.893348867918707
46,46,36.143613695325755,4.081578644235512,10.213156382127217,2.4927955945303237,-9.915278522728252
47,47,36.143613695325755,6.296038457585507,10.272007816083025,8.034899426860848,-12.548233218845997
48,48,36.143613695325755,4.994250627599669,10.393661304077277,4.6286971363363705,-8.51447697735226
49,49,36.143613695325755,5.181688560627773,10.804993722586374,5.2005243196835735,-12.25161390023604
50,50,36.143613695325755,4.752376799188153,10.814319305722483,2.3339470013697365,-9.791625662341788
51,51,36.143613695325755,5.421864126517306,11.318827792494577,5.562309005762188,-16.31648477940779
52,52,36.143613695325755,4.816370630019546,10.48024705803301,4.394980688217241,-10.756337366028813
53,53,36.143613695325755,4.756034376319544,10.037865200968056,3.818306864518913,-16.31648477940779
54,54,36.143613695325755,5.688268971798192,10.770475966553228,7.352289332084595,-9.448452447685732
55,55,36.143613695325755,3.611166401681514,10.876788526270516,0.8507508509796047,-12.371924393519175
56,56,36.143613695325755,5.4216084721264535,10.679326527908975,6.543982678326733,-12.513245200265356
57,57,36.143613695325755,5.197393552347329,10.994474032892525,5.266052056533825,-19.89881747453022
58,58,36.143613695325755,4.436905903030519,10.841541833844278,0.84222363621965,-13.411696291300625
59,59,36.143613695325755,6.445008799580697,10.867915673042788,6.7188424118111385,-9.597304167979964
60,60,36.143613695325755,7.208964884073941,11.620202807332635,9.754578780867135,-16.537394710633677
61,61,36.143613695325755,6.700032768454651,10.771018875411952,7.040114048820444,-11.103083790881875
62,62,36.143613695325755,5.856069556725873,10.879552174136863,5.949327842900537,-10.971390686033354
63,63,36.143613695325755,5.26220774714804,11.347755393285317,2.567587636709188,-9.34149446879786
64,64,36.143613695325755,6.944531934896818,10.91791623805957,7.370916766940356,-9.873969841761179
65,65,36.143613695325755,5.8286529625753305,11.222704752494979,4.477824391033012,-12.338948104423755
66,66,36.143613695325755,5.101021054616858,11.61822915050266,2.8768108248331252,-14.122089886669226
67,67,36.143613695325755,6.319288616984198,10.737999642928106,5.148297145334608,-10.883396824885072
68,68,36.143613695325755,7.251665659392526,11.387423333871713,9.280865819109682,-15.793202761703853
69,69,36.143613695325755,7.007072805817145,11.249173641766824,9.153228436884,-13.670016470320146
70,70,36.143613695325755,7.734055396230971,10.966635719181632,9.546682446870438,-10.026965242239463
71,71,36.143613695325755,6.622165130054502,10.676092577911676,7.571341508842998,-8.853815163790207
72,72,36.143613695325755,6.462611140178274,10.906879874005844,9.711115752617996,-12.292552666814043
73,73,36.143613695325755,6.89388167880971,10.962897267104381,9.754578780867135,-10.155625144882304
74,74,36.143613695325755,5.371722625159751,10.968833511576573,6.3620727121000815,-14.248085527016375
75,75,36.143613695325755,5.389107760181297,11.315587070617914,6.461048711346894,-12.337580064388712
76,76,36.143613695325755,4.947294852312602,11.285416761520047,2.670320304333636,-9.594284792059593
77,77,36.143613695325755,6.354350441091461,10.56805540560159,7.883747896428437,-10.52162757427145
78,78,36.947660961025264,4.827755530378754,11.203026758748388,3.6698016137597698,-14.127859125931126
79,79,36.947660961025264,5.9965619442709075,10.788786632305293,7.015445916825602,-9.894094562237623
80,80,37.75497824216504,7.314350887902847,10.807197118709512,9.548291080435792,-16.31648477940779
81,81,37.75497824216504,5.433589979145975,11.197105902885141,6.373608999372664,-17.886225660928027
82,82,37.75497824216504,5.876233629925951,11.450004755795575,6.353838833452466,-12.574325181750572
83,83,37.75497824216504,6.766582981934947,11.640640735767398,9.008492170642494,-10.393650483580924
84,84,37.75497824216504,5.5609465569099905,11.687982734116627,6.052448580708399,-14.496833460147094
85,85,40.795647592819115,6.524985932310774,11.078862027890006,9.278666431803298,-12.470776665561072
86,86,40.795647592819115,5.57527745136687,10.814858552517082,8.616799304107532,-8.19630541863415
87,87,40.795647592819115,5.735540148412323,10.416661702052954,8.668691191406248,-10.59062115579499
88,88,40.795647592819115,5.38283079891738,10.810301349828574,7.402958149714005,-9.280210071579626
89,89,40.795647592819115,7.04288932474289,10.381096239207755,9.735460294406016,-7.9847442355567875
90,90,40.795647592819115,5.7344316990074455,10.20384594310353,8.569254250637446,-19.82781124770498
91,91,40.795647592819115,7.134384092704657,10.535508219360512,9.590003692860709,-9.556948615496577
92,92,40.795647592819115,7.372560269134399,9.912145888881948,9.522327281883895,-8.079667835435156
93,93,40.795647592819115,8.06444762915006,10.000408904369706,9.752960354882095,-7.903958676492628
94,94,40.795647592819115,6.024692576954513,10.488806467126949,9.481872019267012,-7.903958676492628
95,95,40.795647592819115,5.782600085258549,11.123980364286368,9.24569040378392,-7.622731975683612
96,96,40.795647592819115,8.56683131466412,10.969974682881961,9.754578780867135,-9.592336182018034
97,97,40.795647592819115,6.0396163667906135,11.063607752178848,7.96311636081149,-9.836940660576637
98,98,40.795647592819115,6.244803327607146,10.832211919061821,9.657242745374248,-9.478698833172228
99,99,40.795647592819115,4.89736075571343,11.108461148072326,6.676518716790607,-12.389003489666791
100,100,40.795647592819115,6.694966513105222,10.946029883862332,9.701441562686428,-12.08551032424403
101,101,40.795647592819115,5.624760911263671,11.323827995111028,8.689234579649032,-10.132379444501542
102,102,40.795647592819115,5.9922510543537575,10.778831953790293,9.307854910797777,-9.903524344295572
103,103,40.795647592819115,6.031113978831711,9.97990966338634,8.87654282427927,-8.603033213672077
104,104,40.795647592819115,7.207341070693952,11.201367033513034,9.522277362724642,-9.85469116911727
105,105,40.79730778185271,4.639518306641577,10.9114100140039,3.7030213821349776,-10.94753283881318
106,106,40.79730778185271,5.530253733291841,10.227174385157578,7.482522746615661,-9.327530405843685
107,107,40.79730778185271,5.347710860364933,10.534025605522789,5.62167944439944,-9.862306969078357
108,108,40.79730778185271,6.193904355540524,12.08105832200614,9.176974346450393,-11.61720815059511
109,109,40.79730778185271,6.818336083161203,11.321386235702294,9.754578780867135,-8.130727456235155
110,110,40.79730778185271,6.093514098644189,10.340027962910229,9.641984635320993,-9.268866675246155
111,111,40.79730778185271,6.582656586531834,11.02458496619084,9.60907845582239,-8.746533493158417
112,112,40.79730778185271,7.632017109551328,10.86119583431082,9.754578780867135,-7.913997115804832
113,113,40.79730778185271,7.186416159517788,11.173250113527567,9.754578780867135,-9.559943921622438
114,114,40.79730778185271,5.386419209800189,10.48146067086354,9.168219228278529,-8.106946665429263
115,115,40.79730778185271,4.495978534411003,11.462004972959884,5.551526344819386,-10.095829081707214
116,116,40.79730778185271,7.205995091886754,11.27963608364717,9.70486793736776,-8.114973526647136
117,117,40.79730778185271,6.437375194493597,11.639528134003468,9.473029582534446,-10.59178266703199
118,118,40.79730778185271,5.270110469345659,11.206521258472115,7.2389606707744125,-7.903958676492628
119,119,40.79730778185271,6.119722748373699,10.147582654981466,9.752960354882095,-12.29298933788937
120,120,40.79730778185271,5.7724070832463354,10.89257991275323,7.847135615360397,-12.930986412458354
121,121,40.79730778185271,6.436043010615501,10.687489099274238,9.651653488715601,-9.768525439399625
122,122,40.79730778185271,5.623532152695802,10.6121492277092,5.876206863583084,-11.027508966742584
123,123,40.79730778185271,4.866663319155213,11.194093049168826,3.82614318819064,-16.706730976072834
124,124,40.79730778185271,5.047189338732363,10.92080040828404,6.588334273558701,-13.246145385455279
125,125,40.79730778185271,5.812073707913979,10.403245951358329,8.524395726746267,-8.929961415938633
126,126,40.79730778185271,5.18147681799286,10.416619731949268,7.62125691652504,-9.90530649204931
127,127,40.79730778185271,5.176636358801912,11.014814178555717,6.2017832152404395,-10.174637830473275
128,128,40.79730778185271,6.078489627081403,10.935214031052203,9.307276006243715,-12.277626440198636
129,129,40.79730778185271,4.687319327524066,10.604010501523122,6.189786460794648,-9.655388130973318
130,130,40.79730778185271,6.161917512894401,11.043942217376987,8.715520379584518,-11.030293924385347
131,131,40.79730778185271,7.737677114368576,10.419414876323362,9.754578780867135,-10.58050601232493
132,132,40.79730778185271,7.702718909579944,10.436705750093125,9.754578780867135,-8.046990818813041
133,133,40.79730778185271,6.840874968455425,10.673208510137144,9.751703619952025,-9.256019708891946
134,134,40.79730778185271,7.1173838841095725,9.949956634864959,9.754578780867135,-9.249043657806997
135,135,40.79730778185271,7.162402097246801,11.002004709793063,9.754578780867135,-9.386080299496484
136,136,40.79730778185271,5.606133168468098,10.917210180711509,6.995399567877552,-11.087863850420014
137,137,40.79730778185271,6.295759231278166,10.581789144840561,9.749312809135246,-8.783712971664057
138,138,40.79730778185271,7.283603135185937,10.032519717966522,9.754578780867135,-7.901951824866343
139,139,40.79730778185271,6.338945753825627,10.483898055038061,9.753686687833856,-10.921904500835454
140,140,40.79730778185271,8.247078782944087,10.6483973520333,9.754578780867135,-8.232742689869815
141,141,40.79730778185271,6.336235686441231,10.753555755414524,8.905330764108003,-9.597217160720941
142,142,40.79730778185271,6.035971518666982,10.560581106745248,7.538007511396145,-10.477851463344567
143,143,40.79730778185271,5.415597112796265,10.556174443061625,7.383845879069327,-10.801934968885906
144,144,40.79730778185271,7.180113518379975,11.434056954677942,9.725041580917663,-9.885225885038903
145,145,40.79730778185271,7.819152749533375,11.423673649060156,9.754578780867135,-10.187274645614792
146,146,40.79730778185271,6.480517766278708,10.462164185422532,7.497944819583211,-8.078603519445586
147,147,40.79730778185271,5.355169847158935,11.74927296097004,5.639291227333297,-12.803310786389243
148,148,40.79730778185271,5.223389953474541,10.424093330493067,6.522379722911982,-9.894292179735462
149,149,40.79730778185271,5.90893089761108,10.958152359859906,7.368584559576242,-8.03097246485121
150,150,40.79730778185271,5.732734395069814,11.269702706310689,7.13433322461427,-14.596255894305926
151,151,40.79730778185271,7.328606670982451,12.039036277889556,9.28472355707478,-9.480386126666241
152,152,40.79730778185271,4.682763838479538,10.274834950400681,5.580135425116829,-9.223659034712439
153,153,40.79730778185271,7.0830646251801275,10.639813239834314,7.524200536395561,-20.26323639310462
154,154,40.79730778185271,8.00094537098644,10.79675433237134,9.754578780867135,-8.074981985601188
155,155,40.79730778185271,7.874414822205477,11.041019642800372,9.754578780867135,-7.21736414486263
156,156,40.79730778185271,7.562813172171308,11.217296429525037,9.751341928897055,-13.203183143610547
157,157,40.79730778185271,7.261570649600509,10.712384650622214,9.754578780867135,-9.884943647880004
158,158,40.79730778185271,5.930789781567665,11.203427925529395,7.523969089524277,-12.772779398833977
159,159,40.79730778185271,8.24060469077944,11.875740760166185,9.754578780867135,-9.933688567727174
160,160,40.79730778185271,6.449907624064549,10.687884910254633,8.980744211915074,-12.700491263330662
161,161,40.79730778185271,9.166357063287188,10.541044202794684,9.754578780867135,-12.707594281840747
162,162,40.79730778185271,8.78650903249181,10.332034714516583,9.754578780867135,-11.322878903860033
163,163,40.79730778185271,7.911236197006289,11.616958938001826,9.754578780867135,-12.798162542744048
164,164,40.79730778185271,9.004447187890863,11.353766099356648,9.754578780867135,-9.031494470902427
165,165,40.79730778185271,6.706563779697118,11.738448354553745,8.71657665860809,-7.903958676492628
166,166,40.79730778185271,8.260720106064472,10.702490419630248,9.754578780867135,-9.332817769075033
167,167,40.79730778185271,7.544772552710368,11.34916154947261,9.754578780867135,-9.384875404956976
168,168,40.79730778185271,7.7789225158334805,10.958470806440355,9.754578780867135,-9.897461281544924
169,169,40.79730778185271,8.04706572398286,12.600225091978327,9.48505990091509,-8.073737522913873
170,170,40.79730778185271,7.172381131284693,11.340134214344639,9.580536594507958,-8.012550945294809
171,171,40.79730778185271,6.600706203375497,11.67491924761596,9.754578780867135,-8.330461625848626
172,172,40.79730778185271,8.94643113122949,11.015378351121457,9.754578780867135,-8.525006258687384
173,173,40.79730778185271,8.249706901860174,11.453563163195025,9.754578780867135,-7.903958676492628
174,174,40.79730778185271,9.603918001586637,11.043344297460658,9.754578780867135,-9.862146963205209
175,175,40.79730778185271,10.297815255372546,11.246195020454172,9.754578780867135,-12.185953909175026
176,176,40.79730778185271,7.520449996771073,12.151442565389173,9.754578780867135,-9.403596079320927
177,177,40.79730778185271,7.5868368769865135,11.584609203189991,9.730990169274357,-9.858533604747485
178,178,40.79730778185271,8.300791300236183,11.408295349103964,9.754578780867135,-8.049294179684814
179,179,40.79730778185271,7.336335040919948,11.235725179641896,9.69856826447473,-8.742773065910729
180,180,40.79730778185271,7.622998556360246,11.936209612087755,9.623187669402348,-9.555982818056629
181,181,40.79730778185271,8.526603681760538,10.904161122181153,9.754578780867135,-9.398090295508265
182,182,40.79730778185271,8.061930461828943,11.433247069095735,9.754578780867135,-8.341852874925284
183,183,40.79730778185271,8.106094919039714,11.341179163147295,9.754578780867135,-7.889430664709696
184,184,40.79730778185271,8.393017214159961,11.739785118042597,9.754578780867135,-9.691179404343726
185,185,40.79730778185271,9.906732110379847,10.980537748445162,9.754578780867135,-10.894545894355781
186,186,40.79730778185271,7.9181906653191145,11.539525964412876,9.754578780867135,-8.091150072815015
187,187,40.79730778185271,8.600210753575931,11.386537597261096,9.754578780867135,-11.080058004441394
188,188,41.42837665365984,7.937450394549913,11.38257048164095,9.754578780867135,-7.458819692250801
189,189,41.42837665365984,9.098786107566148,10.953302014387674,9.754578780867135,-9.459218693552632
190,190,41.42837665365984,7.695492215904098,10.874937494842532,9.754578780867135,-7.521070491273338
191,191,41.42837665365984,7.811363475187794,10.029542471980434,9.7397414270319,-9.911826237928793
192,192,41.42837665365984,9.194419304611896,10.606434556280467,9.754578780867135,-9.840097887283417
193,193,41.42837665365984,7.737160896682035,10.84591143277413,9.754578780867135,-8.315543661389238
194,194,41.42837665365984,7.505720250812369,11.41211335779804,9.71098104225219,-9.716497258430849
195,195,41.42837665365984,8.96634122837262,11.866140999192357,9.755279491662304,-9.452042685927374
196,196,41.42837665365984,8.549252096452024,11.813749816308496,9.754578780867135,-8.074392797667794
197,197,41.42837665365984,8.77444725840366,11.322211839246851,9.754578780867135,-9.211321623979778
198,198,41.42837665365984,8.251612135327115,11.094402138433404,9.754578780867135,-8.127235698102862
199,199,41.42837665365984,11.373667604612827,11.111794598975747,10.056548886979053,-7.257991690425447
200,200,41.42837665365984,6.599226007141115,11.343076140762339,9.639479672035282,-8.905534167838878
201,201,41.42837665365984,8.778832667124135,10.624543338902448,9.754578780867135,-9.274763284135107
202,202,41.42837665365984,6.930740055948627,10.969092304417785,9.754578780867135,-8.66599686426778
203,203,41.42837665365984,8.235483278548811,12.316207812292545,9.748371470093732,-9.035132925018921
204,204,41.42837665365984,9.064555539615942,10.629469152475878,9.754578780867135,-7.903958676492628
205,205,41.42837665365984,8.760562880579176,11.08158161862627,9.754578780867135,-8.231529647683185
206,206,41.42837665365984,9.428961983559208,11.198873114033358,9.754578780867135,-9.880412763151089
207,207,41.42837665365984,9.174939525297178,11.383006364163778,9.754578780867135,-8.360300947859221
208,208,41.42837665365984,10.856240251621953,12.102202283138832,9.78964307102493,-11.392755541179943
209,209,41.42837665365984,9.879434368099021,12.08193694457341,9.754578780867135,-15.152924498043237
210,210,41.42837665365984,8.679793880035922,12.08854023608024,9.754578780867135,-9.840504096999684
211,211,41.42837665365984,9.048036684944705,12.376899486676363,9.754578780867135,-9.771753231607997
212,212,41.42837665365984,8.418841588794765,11.921564239783752,9.754578780867135,-11.063405123196024
213,213,41.42837665365984,9.640443107693223,12.244256650576373,9.754578780867135,-9.50580537793125
214,214,41.42837665365984,10.853052784687593,11.963415338693746,9.776281840212267,-12.091773190756097
215,215,41.42837665365984,8.02851109759187,11.513704948454166,9.754578780867135,-9.626859792478717
216,216,41.42837665365984,10.107476380555436,12.069789876827626,9.754578780867135,-14.69159016846144
217,217,41.42837665365984,9.78015244747419,11.441979479436736,9.780942853291148,-16.407193478022922
218,218,41.42837665365984,9.660636634347847,11.72124259108191,9.754578780867135,-9.741780312870715
219,219,41.42837665365984,10.731048052392564,11.44772345218477,9.754578780867135,-7.461984683297468
220,220,41.42837665365984,10.992603242118776,11.034979289617292,9.764033947531551,-9.89558879666044
221,221,41.42837665365984,10.3220490342167,11.567162790098013,9.754578780867135,-12.85627520898196
222,222,41.42837665365984,9.751005977122736,10.740702671864833,9.754578780867135,-11.108412988902039
223,223,41.42837665365984,11.034819160600007,11.630788960704848,10.352365668789794,-10.455602533506537
224,224,41.42837665365984,11.414785699205503,11.699394778472087,11.067969463068383,-11.085436708423778
225,225,41.42837665365984,10.582101436076425,11.343109019292115,9.79026595502005,-9.517947804311046
226,226,41.42837665365984,9.571436892722414,12.142620129915784,9.754578780867135,-8.064922459987475
227,227,41.42837665365984,9.330827588035799,11.645750440769355,9.754578780867135,-9.522001889865336
228,228,41.42837665365984,11.117581795081712,10.930742907922905,11.391472312074626,-8.872696192931338
229,229,41.42837665365984,11.683367238861237,11.996888505959722,9.790592022677119,-7.096062001377771
230,230,41.42837665365984,11.913672212120538,10.605242568468162,9.758346734527576,-7.320371801187303
231,231,41.42837665365984,10.176433915344623,10.79058759956623,9.754578780867135,-10.698245492129574
232,232,41.42837665365984,10.231933971800883,10.64266449747399,9.754578780867135,-7.903958676492628
233,233,41.42837665365984,10.398537479967255,9.745919210374332,9.754578780867135,-11.427303831074777
234,234,41.42837665365984,11.193982934290444,10.290646239175832,9.761648839355516,-7.70528658957036
235,235,41.42837665365984,9.226340751818194,10.25703933842639,9.754578780867135,-7.941768046220123
236,236,41.42837665365984,10.73177449045864,11.093066379942522,9.79676009126335,-9.101897252431053
237,237,41.42837665365984,10.29347096991213,11.38210471926834,9.754578780867135,-12.698720756515618
238,238,41.42837665365984,9.537593425514125,11.375790915878579,9.754578780867135,-10.125359819750246
239,239,41.44423011160664,8.949409658700286,11.041096513158873,9.754578780867135,-7.903958676492628
240,240,41.44423011160664,8.99191920316318,11.423531022234815,9.754578780867135,-11.563959106456203
241,241,41.44423011160664,10.53539862421532,10.134043151893371,9.758688930991212,-7.998631942129055
242,242,41.44423011160664,10.611947205323583,10.342516954532186,9.762551170407013,-10.851065210890331
243,243,41.44423011160664,9.092116164788655,12.050908003354637,9.754827315138753,-7.56050585107425
244,244,41.44423011160664,10.40115103556892,10.976060106536268,9.822684297077016,-6.885435417034243
245,245,41.44423011160664,10.116325006279137,10.59225836280518,9.789012833211574,-8.076191889072302
246,246,41.44423011160664,9.52184515268394,11.495767775503841,9.754578780867135,-7.903958676492628
247,247,41.44423011160664,10.832724914867775,10.981443450741773,9.780942853291148,-8.8137454708273
248,248,41.44423011160664,9.041533110834962,12.426214119254915,9.754578780867135,-8.513109959548169
249,249,41.44423011160664,9.240748365829676,11.394022305838476,9.754578780867135,-8.782818588975928
250,250,41.44423011160664,9.777677719392896,11.646788055099046,9.754578780867135,-9.877564541614467
251,251,41.44423011160664,9.759917184542392,11.312861154475605,9.755279491662304,-8.525006258687384
252,252,41.44423011160664,9.283932140019068,10.87220012487575,9.754578780867135,-12.25352336030171
253,253,41.44423011160664,10.631029872904966,11.257431503803542,9.754578780867135,-8.51954483383219
254,254,44.24062082217027,10.427694614168415,10.952154656994297,9.754578780867135,-7.903958676492628
255,255,44.24062082217027,10.123760859080042,10.593136014533323,9.754578780867135,-9.90530649204931
256,256,44.24062082217027,9.380311648998246,11.162017526023375,9.754578780867135,-10.965971403972306
257,257,44.24062082217027,10.698414222193454,10.844873989658687,9.790592022677119,-9.797199694915488
258,258,44.24062082217027,11.138741006493735,10.514775412650268,10.134820887205585,-9.109219793653967
259,259,44.24062082217027,10.838882478724166,10.819583674416327,9.773654039058455,-8.523719239372365
260,260,44.24062082217027,9.680043614443255,10.863447773900372,9.754578780867135,-8.708745191483718
261,261,44.24062082217027,11.58421364458866,11.074853234105598,10.313962616871752,-9.099760581784961
262,262,44.24062082217027,10.811411015694148,10.617458094267025,9.754578780867135,-7.903958676492628
263,263,44.24062082217027,10.207424418556997,10.522429463309809,9.754578780867135,-9.611396005878946
264,264,44.24062082217027,11.128977787984605,10.722358622730793,10.63527603629549,-8.992033455463584
265,265,44.24062082217027,11.021137670342071,11.570420359162439,11.075504219899543,-8.51133689404962
266,266,44.24062082217027,10.698050521188154,11.208899828813728,9.754578780867135,-10.167638489938962
267,267,44.24062082217027,10.32159973240166,11.370251002122748,9.761473838466738,-9.367227782984834
268,268,44.24062082217027,10.288937892141508,11.45015819812135,9.767574315310643,-9.11196543800418
269,269,44.24062082217027,11.185191818477831,10.975507119226526,9.78917132884225,-9.117735472605203
270,270,44.24062082217027,11.156655613042075,10.942665133461347,9.79973971523579,-7.903958676492628
271,271,44.24062082217027,10.85797332530213,10.581126881452205,9.762166961643995,-7.096062001377771
272,272,44.24062082217027,11.066583318686138,10.572341643538897,9.780244989760613,-11.918907977244169
273,273,44.24062082217027,10.822547859365235,11.23474682393911,10.717840748998261,-7.096062001377771
274,274,44.24062082217027,10.695810652974359,10.850276671484231,9.806345441332134,-7.256694125875622
275,275,44.26269069637755,11.068502361244029,11.220764659844772,9.778962025998316,-8.509440407063481
276,276,44.26269069637755,9.785050588477581,12.321809401164497,9.754578780867135,-8.605786004409067
277,277,44.26269069637755,9.297616150607826,10.85523404702326,9.754578780867135,-7.903958676492628
278,278,44.26269069637755,9.271902431860422,11.215134118791324,9.754578780867135,-11.180363601078557
279,279,44.26269069637755,9.66854064866023,12.199478936132277,9.754578780867135,-7.2536554264805115
280,280,44.26269069637755,8.409337641571994,10.661626713466253,9.754578780867135,-7.137428109659453
281,281,44.26269069637755,10.701708323994842,10.092684221197382,9.767760817079141,-6.885435417034243
282,282,44.26269069637755,9.91679625294854,11.452038192703341,9.780942853291148,-8.510265983022402
283,283,44.26269069637755,9.416238451266969,11.903221144664833,9.754578780867135,-9.89558879666044
284,284,44.26269069637755,9.318611811915547,11.828393568607813,9.761503454587025,-16.2815921761309
285,285,44.26269069637755,9.052978618819095,11.341200989209378,9.754578780867135,-13.626616932890581
286,286,44.26269069637755,9.10731640650261,11.679323826820838,9.780942853291148,-7.903958676492628
287,287,44.26269069637755,10.7679397360411,11.148615484175288,9.807591295223713,-10.16821517601279
288,288,44.26269069637755,10.10137054284819,11.530535767095225,9.777617049245805,-7.903958676492628
289,289,44.26269069637755,11.483822537817646,10.119006873477684,9.790592022677119,-11.51769519280042
290,290,44.26269069637755,10.251423027097854,11.248760582634953,9.784521191473262,-7.903958676492628
291,291,44.26269069637755,9.846324496376107,11.825638916873698,9.767574315310643,-8.651233025668294
292,292,44.26269069637755,10.958813894076613,11.316476105873202,9.784662724344683,-13.013342753685077
293,293,44.26269069637755,11.32631982738596,11.469477891408372,9.754578780867135,-7.903958676492628
294,294,44.26269069637755,10.222156419327368,11.648133174928985,9.777328095344442,-10.452967221015495
295,295,44.26269069637755,9.789046415539175,11.477417024363364,9.754578780867135,-7.903958676492628
296,296,44.26269069637755,9.82074631714127,11.04711203609985,9.754578780867135,-9.473340951240303
297,297,44.26269069637755,10.464958065384437,11.500652887357552,9.754827315138753,-7.903958676492628
298,298,44.26269069637755,10.325203956028801,11.52442235720335,9.754578780867135,-9.222637707500711
299,299,44.26269069637755,10.993425344264411,10.903007213536151,9.78964307102493,-8.628630518194514
300,300,44.26269069637755,10.351187871479956,10.926087575039803,9.778221879210747,-7.903958676492628
301,301,44.26269069637755,10.722144288081449,10.460546767161569,9.75521059035774,-7.916949889161908
302,302,44.26269069637755,11.530770952229416,11.796071255693173,9.78964307102493,-7.780045432559858
303,303,44.26269069637755,10.936248571759243,11.251056076846268,9.790116630886224,-7.903958676492628
304,304,44.26269069637755,10.579044593367758,10.261036002774901,9.758031828787654,-7.649142273787309
305,305,44.26269069637755,10.607757331510141,11.222307873100577,9.818959435619936,-14.438784163816036
306,306,44.26269069637755,9.999200309397986,11.236872431355062,9.764683547305417,-7.999906186676903
307,307,44.26269069637755,9.804830476344893,11.376310296483089,9.754578780867135,-8.511502725959291
308,308,44.26269069637755,11.168659001915659,10.423068302818546,11.54916348759127,-10.097863141395887
309,309,44.26269069637755,9.706368139541805,10.10218856768818,9.756305304827395,-6.885435417034243
310,310,44.26269069637755,8.673721806368878,11.206567701279509,9.754578780867135,-8.649897650176086
311,311,44.26269069637755,8.969614253051551,10.949006017843113,9.754578780867135,-8.641202215014301
312,312,44.26269069637755,11.101987029234836,10.70544534905986,11.0997959098815,-8.134688429854975
313,313,44.26269069637755,11.252416998255791,11.140176872958504,10.730593150063477,-10.447342108246609
314,314,44.26269069637755,10.842401015682112,11.265114431064175,9.769336724606335,-7.903958676492628
315,315,44.26269069637755,10.870241186428506,10.498883311881963,9.755222273445728,-7.098693926783875
316,316,44.26269069637755,8.389059158023061,11.91736020833465,9.754578780867135,-9.816152609581973
317,317,44.26269069637755,9.743902129069658,11.191384970247343,9.754578780867135,-8.107689767943238
318,318,44.26269069637755,10.382136398527111,11.62811298771042,9.766434581830376,-7.995524632191501
319,319,44.26269069637755,9.721471840854866,10.900717541951376,9.770236059271777,-12.794992383382791
320,320,44.26269069637755,8.168361770241347,10.953489413862485,9.751384516995076,-9.818868618732337
321,321,44.26269069637755,10.112660624993286,11.39356976499776,10.098972798791458,-9.880878631774184
322,322,44.26269069637755,10.272207173495284,10.600208055331793,9.754578780867135,-7.545832632268194
323,323,44.26269069637755,9.7744319878794,10.763431298645205,9.754578780867135,-8.026696446636736
324,324,44.26269069637755,9.835026652939389,11.559302116877005,9.754578780867135,-8.996952667421036
325,325,44.26269069637755,10.664261484806662,11.39468338560813,9.754578780867135,-7.903958676492628
326,326,44.26269069637755,9.169566497518538,11.860807548800256,9.754578780867135,-9.79089374317431
327,327,44.26269069637755,11.505170862484569,11.114769259690492,10.342387479480433,-9.186257298869156
328,328,44.26269069637755,10.779793010887062,12.325393635368995,9.78964307102493,-11.409585758123836
329,329,44.26269069637755,11.012792577687478,11.395058650119621,9.966246308047085,-8.317857837911848
330,330,44.26269069637755,10.54811820360572,11.528954876537549,9.781851309644882,-9.8650594671
331,331,44.26269069637755,11.082887237517944,11.43647809710061,10.994625514691835,-7.690093631906838
332,332,44.26269069637755,10.715396747111463,11.707783178739575,12.922785182065004,-9.160372559274725
333,333,44.26269069637755,9.71418973657776,11.236647513749443,9.754578780867135,-9.814050168302863
334,334,44.26269069637755,10.819562968123561,10.82099917126709,10.763375316140067,-9.175171715884183
335,335,44.26269069637755,9.725745776141082,11.627623896919886,9.754578780867135,-8.516530360168977
336,336,44.26269069637755,10.955485882286315,11.280039638865095,9.786033209239134,-8.057713716153472
337,337,44.26269069637755,9.704305640653878,11.697007783319743,9.754578780867135,-10.06756944470801
338,338,44.26269069637755,9.577355950032967,10.852011452217162,9.776388127617748,-6.885435417034243
339,339,44.26269069637755,10.064616228644613,11.955936826509426,11.191860251578818,-9.91111834003965
340,340,44.26269069637755,11.039438812310907,11.587168730158782,11.23188306371549,-7.903958676492628
341,341,44.26269069637755,9.539468568355044,11.156464084990695,9.754578780867135,-8.203976979928308
342,342,44.26269069637755,10.53896491111074,11.326190227561579,9.754578780867135,-8.511388134340324
343,343,44.26269069637755,11.17509128257583,11.41510632489486,12.022944764191045,-7.903958676492628
344,344,44.26269069637755,10.201205058824996,11.615172772896704,9.754578780867135,-9.10082446021468
345,345,44.26269069637755,11.050716803791055,11.902281848371631,9.769204039008198,-7.903958676492628
346,346,44.26269069637755,9.867004177426397,12.647238468842778,9.759306364199343,-9.917795816519352
347,347,44.26269069637755,7.572622377768591,12.209236460669633,9.754578780867135,-9.176473860436824
348,348,44.26269069637755,9.93614506173352,10.626894480734759,9.7606263836275,-12.193090632464457
349,349,45.46495458737273,8.997630592479332,12.14342952893731,9.754578780867135,-9.143815837053232
350,350,45.46495458737273,9.66516255653583,12.783012400592929,9.754578780867135,-11.428636761572193
351,351,45.46495458737273,9.57075027184383,12.009706741610218,9.754578780867135,-11.257048923384891
352,352,45.46495458737273,11.396551111277025,11.233872007944417,11.126639863705108,-9.765750149425381
353,353,45.46495458737273,10.539771204111643,11.28110913103248,9.754578780867135,-8.58392158306387
354,354,45.46495458737273,10.485544945589288,11.303957223600612,10.437970079032542,-7.903958676492628
355,355,45.46495458737273,8.882427253690143,12.037752950235264,9.754578780867135,-7.740056127740097
356,356,45.46495458737273,10.319769232207772,10.951696433921816,9.754578780867135,-6.885435417034243
357,357,45.46495458737273,10.385902642744522,10.656372338778965,9.754578780867135,-7.392360594563672
358,358,45.46495458737273,11.535487425516427,11.10244111647883,10.730772459102818,-8.100186745574813
359,359,45.46495458737273,10.879605222917672,10.88423477049967,9.783312134865207,-8.512702939012039
360,360,45.46495458737273,9.506769274172791,11.835361654156289,9.754578780867135,-8.512702939012039
361,361,45.46495458737273,9.74510695757465,11.45785601520522,9.754578780867135,-8.079297744948384
362,362,45.46495458737273,7.67771245385667,11.907771947696304,9.754578780867135,-9.18848333495515
363,363,45.46495458737273,9.199275823727232,13.050719293178773,9.751341928897055,-9.917159704057323
364,364,45.46495458737273,10.018088607560214,12.154115211061864,9.763167979033062,-8.064922459987475
365,365,45.46495458737273,8.080656705490005,12.19418788310698,9.748243167987976,-11.017351129102758
366,366,45.46495458737273,10.463097881441302,10.715094944191591,10.036608946690308,-6.885435417034243
367,367,45.46495458737273,8.551913458735743,11.189001113337786,9.754578780867135,-7.612229249918026
368,368,45.46495458737273,8.66400334532206,11.504350237475894,9.754578780867135,-8.520049154920496
369,369,45.46495458737273,7.2612888116314105,11.861170599229391,9.744424379911234,-10.5095808866275
370,370,45.46495458737273,9.564960945526922,11.511026643797234,9.754578780867135,-9.905865539711595
371,371,45.46495458737273,8.754745109403473,11.939771517969128,9.754578780867135,-7.613717160247883
372,372,45.46495458737273,8.863104150134642,11.641499288845734,9.754578780867135,-7.903958676492628
373,373,45.46495458737273,9.908557342480314,11.758764761289832,9.759763862124524,-9.999555607036328
374,374,45.46495458737273,8.446164701296428,11.629845866499412,9.754578780867135,-7.903958676492628
375,375,45.46495458737273,8.548965174374183,12.69772478076936,9.754578780867135,-8.915309257916128
376,376,45.46495458737273,8.971003101763866,12.17186781386318,9.754578780867135,-15.26859820472938
377,377,45.46495458737273,9.38350851807313,12.108615760626428,9.754578780867135,-8.440541491129057
378,378,45.46495458737273,9.860222253698703,12.532753421616029,9.754578780867135,-9.90530649204931
379,379,45.46495458737273,10.532381516246048,11.112402673154255,9.767303121830007,-7.903958676492628
380,380,45.46495458737273,11.301187910084744,12.237789495363682,11.200720862864255,-7.998278479268302
381,381,45.46495458737273,9.884264895542415,12.81049919151513,9.771451077376984,-11.436378981228
382,382,45.46495458737273,10.524368492603266,12.21983416648512,9.754578780867135,-9.004281671795368
383,383,45.46495458737273,10.85285619355841,11.957170049318254,9.764323248313108,-8.878538287007288
384,384,45.46495458737273,12.206876765476208,12.024580707766404,11.466088329963132,-9.89558879666044
385,385,45.46495458737273,11.862664543729384,11.71592471102139,10.36090344826792,-7.39558364853789
386,386,45.46495458737273,10.789621522027385,11.877676542884865,9.754578780867135,-9.558382510550317
387,387,45.46495458737273,10.262813170736996,12.610369053814697,9.754578780867135,-11.3678918913911
388,388,45.46495458737273,10.448883135973436,12.541896267700103,9.754578780867135,-8.510798832854016
389,389,45.46495458737273,10.74136889772552,11.748409103247873,9.754578780867135,-7.110789526743462
390,390,45.46495458737273,10.206432126685302,12.856015473217871,9.754578780867135,-8.520102458346752
391,391,45.46495458737273,10.400415916210415,12.397735366005373,9.754578780867135,-7.800299064568502
392,392,45.46495458737273,11.211647605121863,11.73571007270858,9.845876549785192,-8.561201592094594
393,393,45.46495458737273,9.59659820184609,12.072734155952169,9.754578780867135,-8.46290218059823
394,394,45.46495458737273,11.478598584884232,11.908357938162592,10.12095411248444,-8.531782522331527
395,395,45.46495458737273,11.047205499496112,11.887453057084732,11.341317287389465,-9.348652441603015
396,396,45.46495458737273,10.200262071023474,13.018673133980537,9.754578780867135,-9.902479137478824
397,397,45.46495458737273,12.27814050376196,12.129945418593268,10.352729513111282,-9.344266398660519
398,398,45.46495458737273,10.365573759645205,12.033257851282174,9.754578780867135,-8.148961337851137
399,399,45.46495458737273,10.935382912327151,12.266593626761434,9.754578780867135,-7.903958676492628
400,400,45.46495458737273,12.063735491677848,11.852527504775965,11.166549564601226,-7.130508650058049
401,401,45.46495458737273,10.838156118216022,12.7075526230063,9.754578780867135,-7.145850229108966
402,402,45.46495458737273,10.01105069005252,12.060740452710665,9.754578780867135,-12.532143149636896
403,403,45.46495458737273,10.665829573865707,12.088224088580606,9.754578780867135,-7.421312626428104
404,404,45.46495458737273,10.009074517941997,12.661136588073711,9.754578780867135,-9.606576965931652
405,405,45.46495458737273,11.412492721739493,12.20644247990717,10.745024247197383,-9.204783174262104
406,406,45.46495458737273,12.100726297541314,11.132253913197516,10.92660606712223,-10.235572135613873
407,407,45.46495458737273,11.172423241850556,11.786123363691507,9.754578780867135,-11.493821559641221
408,408,45.46495458737273,13.842636197744152,11.631883506789261,13.162406830662608,-7.039555123152132
409,409,45.46495458737273,12.967751118804665,12.843246900001235,13.435124140970501,-7.317544793832707
410,410,45.46495458737273,12.721196311942672,12.301672390088685,13.143518421300552,-7.903958676492628
411,411,45.46495458737273,10.407542776684606,12.686752374134231,9.754578780867135,-9.572470182152756
412,412,45.46495458737273,9.461995819529772,11.885513584051221,9.754578780867135,-7.837616891140158
413,413,45.46495458737273,10.498480855266894,12.79309982615043,9.754578780867135,-11.133629059103987
414,414,45.46495458737273,9.716423733362394,11.993219545030927,9.754578780867135,-12.68044324858543
415,415,45.46495458737273,12.126463174364378,12.376570013692854,13.163038011642811,-9.224859478013006
416,416,45.46495458737273,12.257926863554056,12.03680981347851,13.127340449235037,-7.848184329287733
417,417,45.46495458737273,12.352775544182792,11.404257179407251,10.309264920234675,-9.620000836874773
418,418,45.46495458737273,9.826608898005203,12.298386087514395,9.754578780867135,-9.038141695534154
419,419,45.46495458737273,12.709651215221333,12.014115091784639,13.849342710549607,-12.329790140021874
420,420,45.46495458737273,10.054435525753568,12.97486098451654,9.754578780867135,-8.619938359500663
421,421,45.46495458737273,11.532937538894956,12.481784093789729,9.754578780867135,-12.98356721800435
422,422,45.46495458737273,10.596885644611026,11.633203295160262,10.302233771415848,-8.654869941576873
423,423,45.46495458737273,9.9704248276339,12.12762366007477,9.754578780867135,-11.109236664223184
424,424,45.46495458737273,11.07176393246222,11.437795157157764,9.792519803513134,-9.561181205946358
425,425,45.46495458737273,10.435147533108028,11.89419426502163,10.806035575697532,-9.587102666077033
426,426,45.46495458737273,10.724908954702453,11.978803636910534,9.754578780867135,-7.229077405249145
427,427,45.46495458737273,11.628050955759305,11.393110098989423,12.055157730976877,-14.319765680087873
428,428,45.46495458737273,11.20706858525247,12.379996831524723,13.129759693499338,-13.703263834751379
429,429,45.46495458737273,11.240353582729064,12.640944820229025,9.754578780867135,-9.013444512272182
430,430,45.46495458737273,10.081629081933206,12.391885968029719,9.754578780867135,-8.539363572655715
431,431,45.46495458737273,10.589434405655366,11.815959503554318,9.754578780867135,-9.011569339100216
432,432,45.46495458737273,10.541844255927117,12.44046943264221,9.97338638943623,-8.590146554494973
433,433,45.46495458737273,11.636970857335976,12.208593312754727,10.86017592600575,-9.014233864705705
434,434,45.46495458737273,11.792168436236219,11.787877667708512,11.28086805238572,-11.534544403391346
435,435,45.46495458737273,10.10860183585952,10.951432597650815,9.754578780867135,-8.069882876394683
436,436,45.46495458737273,9.560902531796899,11.726489254184294,9.754578780867135,-8.090053177705922
437,437,45.46495458737273,9.60141668588188,12.62870913849013,9.754578780867135,-8.523006139243614
438,438,46.08526889768292,11.392271280829103,11.163297384195438,9.782571988077638,-6.999650868026621
439,439,46.08526889768292,11.557382617070385,12.455321514592262,9.754578780867135,-8.963035632459134
440,440,46.08526889768292,8.664996260934215,12.12465316700462,9.754578780867135,-7.903958676492628
441,441,46.08526889768292,10.07529331729311,12.03343870792781,9.764595104002934,-7.903958676492628
442,442,46.08526889768292,9.716969958057783,13.162102412481,9.754578780867135,-11.266277129242464
443,443,46.08526889768292,8.328936978989072,11.65296537841322,9.750490274604235,-9.051318758754338
444,444,46.08526889768292,8.423701282053852,12.372866151263231,9.754578780867135,-7.663507355167578
445,445,46.08526889768292,9.845086650500203,11.988656422255689,9.758010523190066,-9.045169377980798
446,446,46.08526889768292,10.536759054106403,12.826446587600499,10.555593696778786,-9.718224543057833
447,447,46.08526889768292,9.690029975852132,12.433089460877746,9.754578780867135,-7.769208212722479
448,448,46.08526889768292,9.276667846136736,11.322323090576697,9.754578780867135,-8.014245060329335
449,449,46.08526889768292,7.274244944343,11.365549665753246,9.668471748455824,-9.419962556909546
450,450,46.08526889768292,9.047864835286203,12.844490492611335,9.754578780867135,-7.903958676492628
451,451,46.08526889768292,7.217205802910598,11.688334691829354,9.754578780867135,-10.612044475408654
452,452,46.08526889768292,9.109076378367318,12.342580265947236,9.754578780867135,-8.070521966889725
453,453,46.08526889768292,9.844758706397636,11.708488450093771,9.754578780867135,-7.631977923125326
454,454,46.08526889768292,9.316477043588055,11.244991886983291,9.754578780867135,-8.613275526941381
455,455,46.08526889768292,9.153894324200838,12.029201594642338,9.754578780867135,-8.474421385255948
456,456,46.08526889768292,6.982509261756865,11.61101871321785,9.7528670601163,-10.813383347214451
457,457,46.08526889768292,9.118989429892178,11.415860973935281,9.754578780867135,-8.512702939012039
458,458,46.08526889768292,11.55710626526107,11.625822042786755,11.235062257011238,-8.089794446986478
459,459,46.08526889768292,8.570128773429975,11.393116996853413,9.754578780867135,-11.31627143091708
460,460,46.08526889768292,9.353088655596887,11.671402640719549,9.754578780867135,-11.08511589078673
461,461,46.08526889768292,8.327676661671353,12.966533229828858,9.754578780867135,-10.352192227540723
462,462,46.08526889768292,11.01413330048297,11.609612523594457,10.451187239759708,-7.903958676492628
463,463,46.08526889768292,10.407269607388764,12.16345004636211,9.754578780867135,-8.03097246485121
464,464,46.08526889768292,8.791971116865021,12.222224494161638,9.754578780867135,-7.458819692250801
465,465,46.08526889768292,9.269219438179295,11.794033658263247,9.754578780867135,-9.904060388872264
466,466,46.08526889768292,8.158782063250134,11.486487026311922,9.754578780867135,-9.796948243874496
467,467,46.08526889768292,8.815624019865153,11.549001051834622,9.754578780867135,-9.988877269487718
468,468,46.08526889768292,9.116130298053669,11.652092519571035,9.754578780867135,-7.903958676492628
469,469,46.08526889768292,10.258225006956396,11.867588068886851,9.754578780867135,-8.731143342660008
470,470,46.08526889768292,8.835589366395004,11.683604942514764,9.754578780867135,-11.408101943184818
471,471,46.08526889768292,10.829064822078712,11.614213644206727,10.270505334017205,-6.9446511765459675
472,472,46.08526889768292,8.387411166033194,11.770391415855077,9.754578780867135,-7.903958676492628
473,473,46.08526889768292,10.778904245874315,11.882988571975028,11.202526846518024,-8.562384221250005
474,474,46.08526889768292,10.300495982615681,12.567513188521831,9.754578780867135,-7.903958676492628
475,475,46.08526889768292,10.375798361005527,11.373052312905696,9.755993003158558,-7.381189400549308
476,476,46.08526889768292,10.95698307928283,12.2617751976317,9.754578780867135,-7.903958676492628
477,477,46.08526889768292,10.777009911433245,11.59574990849051,9.754578780867135,-7.903958676492628
478,478,46.08526889768292,9.153273120097998,11.797405196825446,9.754578780867135,-7.391135994369116
479,479,46.08526889768292,11.017566268307222,11.845999329863018,10.754310580998368,-7.903958676492628
480,480,46.08526889768292,10.603690594869455,11.352788637102956,9.754578780867135,-9.93342046447346
481,481,46.08526889768292,9.214204262323811,12.444218633123738,9.754578780867135,-9.606576965931652
482,482,46.08526889768292,7.481433992348261,12.257396308147008,9.745839727900032,-11.15381380930751
483,483,46.08526889768292,9.396324186055143,12.200716221441704,9.754578780867135,-13.141393991978344
484,484,46.08526889768292,9.86868536416476,12.432084502472568,9.754578780867135,-12.74992973238308
485,485,46.08526889768292,9.967825190417807,12.223739548227757,9.754578780867135,-8.512702939012039
486,486,46.08526889768292,9.651327097123488,11.277918143315004,9.754578780867135,-9.596901647806122
487,487,46.08526889768292,9.522596221349634,11.401498354485726,9.754578780867135,-12.810015422032617
488,488,46.08526889768292,11.281664531879507,11.548082386484182,9.921174531497735,-10.475968558762945
489,489,46.08526889768292,7.24053031863761,11.98380337578757,9.65377068317626,-10.165020103421016
490,490,46.08526889768292,9.100361437839679,11.36536542718745,9.754578780867135,-7.903958676492628
491,491,46.08526889768292,10.598159603289963,11.662038365787575,9.754578780867135,-11.611753038757364
492,492,46.08526889768292,9.10276138844735,12.508137154844677,9.754578780867135,-8.542328803344038
493,493,46.08526889768292,10.477825390540154,11.91333081878989,9.754578780867135,-6.957750144637944
494,494,46.08526889768292,10.197770542946829,12.658387884513393,9.996437130796036,-8.511502725959291
495,495,46.08526889768292,10.038526244766878,11.987903035573522,9.754578780867135,-8.80714502836803
496,496,46.08526889768292,7.961564970945735,11.33535631934978,9.754578780867135,-8.539932480286465
497,497,46.08526889768292,9.203141573045647,12.181326083553355,9.754578780867135,-9.55255296625036
498,498,46.08526889768292,9.327933567600077,12.205261537747447,9.754578780867135,-10.907152604116762
499,499,46.08526889768292,9.141341523320058,12.694541563761666,9.754578780867135,-9.804686983796692
