1.000000000000000000e+00
-2.597595541323378665e-01
1.254334990692465457e+00
6.252116690279930777e-01
1.023784079727453333e+00
-6.167181953689719609e-02
1.000000000000000000e+00
6.916856439380857369e-01
-5.808270636135582921e-01
4.168692372896888876e-01
-9.305192015495109548e-01
4.916593773933747302e-01
1.397937726642961342e+00
5.754851636173947682e-01
-1.154001431499015462e+00
7.851072954939534165e-01
1.153645132493686720e+00
3.830539853498662328e-01
1.717207700097223011e-01
-9.614133266413162904e-01
1.246698328048811977e+00
-9.471416736952591453e-01
2.310021717160126720e-01
3.307099247928878549e-01
-3.903836639329059111e-01
-4.695793117125501848e-01
-4.556757954016343315e-01
-9.929364609111263063e-01
-3.478317153999430644e-01
1.000883715148032760e+00
1.592065335579146979e-01
1.226338958429420201e+00
-5.169280825003630397e-02
-1.390037863735755774e-01
-1.000000000000000000e+00
9.653364421622541158e-01
7.035162419173789095e-02
3.827207481535652711e-01
-3.036673160293483775e-01
-2.783152733991753336e-02
6.191931815029044772e-01
4.007445759454210665e-01
8.092017375586766370e-01
9.482306455372566112e-02
-1.000000000000000000e+00
-5.223508566061214609e-01
1.000000000000000000e+00
-8.346876024425309293e-01
-4.045229454516943157e-01
-1.014472259207214178e-01
-1.000000000000000000e+00
1.040398200282195873e+00
-1.952328204356880148e-01
-1.000000000000000000e+00
-5.330111792013962901e-01
-7.880428572984559121e-01
-2.189240684554632499e-01
5.417525349597073214e-01
-1.630645037290991972e+00
8.722198112664456549e-01
-1.665039903672444366e+00
-3.008469016381707384e-01
-4.752831758748410906e-01
3.745460570272081124e-01
9.786273279293915550e-01
-1.398732273379094393e-01
7.432809278378316176e-01
-1.599216039929166833e+00
-5.265364914707285626e-01
-4.896126448803661546e-01
6.584225870031099603e-01
1.000000000000000000e+00
-5.247710806964640540e-01
-5.552446633628138617e-02
1.544227199381821070e+00
1.822819368817841790e-01
1.324633480097643146e+00
1.212435426781554026e-01
7.791707981559498064e-01
1.224642378779399188e-01
-7.751736928199501886e-01
-1.000000000000000000e+00
1.000000000000000000e+00
2.094579863240436657e-02
-6.464058304058346582e-01
5.694797487342757591e-01
-4.215849119022683222e-01
-7.020075750598064879e-01
3.182751912349719992e-01
4.963023366979365525e-01
6.831334808531726033e-01
-1.369514025393678835e+00
-1.241065742027051444e+00
-1.000095720414167166e+00
1.000000000000000000e+00
8.634343350170234910e-01
-5.099871272629785679e-01
8.578625108309161362e-01
2.530873577651564510e-01
8.042017744038179039e-01
-5.342778357852598359e-02
-6.922174278564305894e-01
-4.057696803797103957e-01
-3.068662750871170020e-01
-4.671663293753821611e-01
-1.894931979205082495e+00
-5.606710956756244535e-01
-7.074408945955547035e-01
6.929540575596904173e-02
4.571783967811013372e-01
-5.432469185101275189e-01
-1.225203606055143668e+00
8.807806569419539544e-01
6.087363505224824278e-01
-7.475469129919621869e-01
5.699978613171102770e-01
-9.710191440913048533e-01
-1.674499162495567406e-01
1.001732828863124702e-01
1.030774459517504793e+00
-8.050503916776335922e-02
6.100932831541383550e-02
-5.979898172425595071e-01
2.223363615354680967e+00
7.261568069098227607e-01
-5.104133166619070350e-01
-3.513221380277191663e-01
6.399347395611763023e-01
6.917422446244969603e-02
-8.631231188531108822e-01
-1.000000000000000000e+00
1.925598407480633711e-01
1.023343668416900609e+00
7.083834678699258980e-01
-1.000000000000000000e+00
1.381822994437108765e+00
-1.382387357607247846e+00
-1.192152568555626124e-01
-7.147862652765726299e-01
6.394388387660536743e-01
4.841771771685200454e-01
9.144907313871299959e-01
-7.758299328076294632e-01
-6.846787119816279965e-01
-9.056759609333678851e-01
-1.352278396983722875e+00
5.640250972206393154e-01
-1.655816321639893562e-01
8.692649157609121380e-01
-4.064915772669462912e-01
7.135105939232460059e-01
-9.682900137788719164e-03
1.000000000000000000e+00
-1.152506003446988059e+00
9.161604693242123565e-01
1.138131227984858995e+00
7.487580946417907724e-01
-5.540282775814409089e-01
5.745850431849942597e-01
-5.472301773449416151e-01
-3.452671827611165645e-01
3.301039602204428602e-01
2.057638396616033871e-01
7.320678841864288744e-01
3.711600913583006367e-01
3.035446471403442925e-01
-5.819116287814294353e-01
2.799202174303339619e-01
-2.061346213260129012e-02
8.199303501995767185e-01
-8.259315915759721793e-01
-2.451048986208784197e-01
-4.389111392219238184e-01
7.248495398379164456e-01
4.555050235031496420e-01
4.246711869824661423e-01
-1.000000000000000000e+00
-8.023632302258961735e-01
6.346734551624081400e-01
1.000000000000000000e+00
5.621027447592226167e-01
-7.975216606456633217e-01
-4.929366119947127256e-01
2.851431703571543630e-01
-1.893983180172508773e-01
3.082341697873833275e-01
-8.668248128677431552e-01
1.941603786052120417e-01
-1.012554491754448671e+00
1.016472655231434485e+00
-2.469282412165515472e-01
-6.434149328550156088e-01
-4.380517802421119988e-01
6.645569106527515757e-01
-8.416966765796745076e-01
2.767617493707096310e-01
1.183238135610900077e-01
-9.274435794014003198e-01
-7.975665770660453902e-01
2.568357639210361865e-01
-4.142170908716996669e-01
7.471659279958664523e-01
9.307304738210806505e-01
5.031853049169263681e-01
-1.579257309354046290e+00
-2.221669457640361722e-01
-1.397455584480962187e-01
-1.435192372134852290e+00
-1.463695163002048716e+00
-1.134120452092586273e-01
-1.763145248578484869e-01
1.000000000000000000e+00
-1.000000000000000000e+00
2.024223454909690467e-01
1.197281290664997444e+00
-7.343798839046468130e-01
-4.790028392080704078e-01
1.000000000000000000e+00
3.597497868008579791e-02
-2.404915877829102433e-01
-4.856298623953527738e-01
3.561791512470535714e-02
-6.318022389328367683e-02
-3.500270388711371194e-01
6.835855849302133747e-01
-5.577897405454323998e-01
1.000000000000000000e+00
-2.412800911250922997e-01
-8.474754550305684253e-01
7.855591882844412677e-01
-4.606300348146931678e-01
-2.087872454883683560e-01
5.783038619254727841e-01
1.015002213779922613e+00
1.000000000000000000e+00
-1.158201792683753339e+00
-1.546411985721101834e+00
1.888243908902970114e-02
1.093579826592437687e+00
7.074978702880567738e-01
-1.000000000000000000e+00
-6.803715930569248505e-01
1.058770522998964125e-03
-1.374784702050492746e-01
5.745871069964508804e-01
-1.000069551662247314e+00
4.566908590499382248e-01
7.804543067794651456e-01
-5.686039201620475547e-02
-3.839907552870482910e-01
-7.502643212944872797e-01
1.633708756993537126e-01
9.912662061161989779e-01
9.520250068431336185e-03
-7.516049626272203188e-01
-1.333265420027687886e+00
3.764712891994292931e-02
6.072913087193768655e-01
-4.863548550368000933e-01
-1.837845617932808151e-01
8.429039939959139804e-01
-8.328114105052426552e-01
1.570438125814221930e-01
7.215793528745446661e-01
2.795892765117977685e-01
