9.365470311061895314e-01
3.519133862701135929e-01
-9.370897311730370660e-01
-6.388425105939645743e-01
9.455267247339612657e-01
-2.973732381984285911e-01
-2.811176203023881826e-01
-4.507894684783039230e-01
2.615620383290347406e-01
4.928813481080948078e-01
-9.884075804382026487e-01
-2.887151733049371782e-01
-9.804841922730371806e-01
7.009937354301213341e-01
5.638043813537363391e-01
1.563668512593755500e-01
5.697487150910346410e-02
4.678917529037012191e-01
-8.980773641799651985e-01
-8.202061608851797248e-01
-6.284354313936240111e-01
6.051328440409322607e-01
4.408272726222347004e-01
-2.509584886246332691e-01
-6.156319003290690040e-01
8.316972608715244020e-01
-1.193129667952076700e-01
4.234016361631735559e-01
-1.316046841102172862e-02
-5.517673835157961282e-01
-6.833087512089813798e-01
-2.283053767489504060e-01
-9.003580177842374077e-01
2.738268697870872570e-01
-7.518491764715794501e-01
8.309242785338459836e-01
9.442341848030497697e-01
3.219021246256386637e-01
7.001933577784229534e-01
7.569558184701218329e-01
6.569560587368515892e-01
4.414321366537074520e-01
-8.624802003789802662e-02
9.130612653746434937e-01
-2.976329944792086013e-01
3.087929275493616621e-01
-4.161099979202200205e-01
3.933102773408317931e-01
-9.537460024328121566e-01
-5.005024234172326114e-01
7.151360727556306252e-01
-5.830559921807397794e-01
-2.801432584125704839e-01
4.827937932759980288e-01
-7.069472824399862798e-01
-8.699535088068096611e-01
7.807441353267765560e-01
-5.658757642085143758e-01
9.586037370030040528e-01
8.083301757599379300e-01
-4.838232513422344172e-01
-8.743214080730576931e-01
6.354234027005893903e-01
5.805402295798005596e-01
-5.816913568716699512e-01
-1.195996926337175165e-01
8.478310174700295354e-01
8.584243087096455893e-01
5.032693179037524001e-01
-1.857976104580134624e-01
-4.248222629451244292e-01
-6.037769235509742906e-03
-1.302652748903722069e-01
-6.332691495862088349e-01
4.297926421793642482e-01
-1.356264928130551661e-01
-4.373737181984289624e-01
-3.980786243641560862e-01
-7.924991215682399837e-01
-5.463060562747609067e-02
-9.117913356664092417e-01
-1.000000000000000000e+00
-2.058748815286763276e-02
-1.000000000000000000e+00
-3.638467218794541602e-01
-3.687077344096868492e-01
-1.193106571918448044e-02
3.394463395210625123e-01
-9.726729232763257071e-01
-5.260626177848446924e-03
3.999096428369153799e-01
-2.862554077266574737e-01
8.046825883667979573e-01
-4.857048898339489384e-01
-4.383213335113748110e-01
-8.958996583919288659e-01
-1.249251813998895760e-01
-7.708124879756109715e-01
-4.890581555850350703e-01
1.000000000000000000e+00
2.759216455583045069e-01
-9.957941727758767847e-01
-9.119988563767242873e-01
-7.833544101796078296e-01
6.409308216833520255e-01
-1.100282897953022421e-01
9.716763518189569515e-01
-6.499273721312964942e-03
-1.766529081621812103e-01
-5.231961003840750017e-03
-9.510314078672628124e-01
-1.817117698116838542e-01
8.549379070861740093e-01
-2.502777669951454422e-03
1.000000000000000000e+00
-2.581734835740874812e-01
-3.215719524444113353e-01
-9.239877011933760320e-01
-5.579616088780090521e-01
-9.495323587679611599e-01
8.738772136836271409e-01
7.516233767937418042e-01
-4.739255104597490109e-01
-1.499798485882434806e-01
-1.000000000000000000e+00
-9.341531384253507486e-01
-3.856452812073258851e-01
1.026841629519482241e-01
2.232133890819135158e-01
3.300026153051034417e-01
2.739162607958252615e-01
-7.497150314776208635e-01
1.000000000000000000e+00
1.124085661753125021e-01
2.694350513778474565e-01
-7.671469539866078158e-01
5.579195870666948665e-01
9.295432085373187547e-01
-3.334407426993260537e-01
-7.441660935364025065e-01
6.126537099740916315e-01
-5.890425169406505734e-01
-9.850774474460417818e-02
2.424070440905129187e-01
-7.779402113916916717e-01
2.539066588571095018e-01
-3.744985176890984480e-02
-1.000000000000000000e+00
-4.572077622415315346e-01
3.372130349256855508e-01
1.105175636495585867e-01
-1.000000000000000000e+00
1.422474119652354096e-01
-2.915715062678344016e-01
7.663255207030127136e-02
-4.057701124728255171e-01
-2.575183036603221343e-01
-1.609429157358365781e-01
1.428838178474533260e-01
-1.000000000000000000e+00
-1.351433863955388004e-01
1.918072072387527749e-01
6.105518152280384747e-01
8.545922970035887412e-01
4.118548931224392806e-01
4.964639713846231706e-01
-8.731910894799377321e-01
7.351242770104527979e-01
2.077406079568583086e-01
-5.852215905233930648e-01
3.021736213729979137e-01
-1.334472015139047674e-01
6.579404138361262255e-01
5.381457863761454075e-01
4.474656524993760320e-01
1.783110713407569381e-01
7.917013386692647314e-01
-4.573281541415442908e-02
8.019309624907203782e-01
-3.949052345136844777e-01
1.569704260550603137e-01
-7.620835426644128052e-01
4.241167519992594670e-02
-9.965412386512733159e-04
3.331461790767020203e-01
9.262343826828520754e-01
6.656943013304149614e-01
-6.982854914305298699e-01
-9.977904788074375420e-01
-7.788117656195009397e-02
8.674604296642608459e-01
2.698978692011214098e-01
-4.614931988848560707e-01
1.000000000000000000e+00
-7.065756650785924853e-01
-2.499975020011780125e-01
9.735292846234609998e-01
-1.064754683155254593e-03
-9.318881794846242128e-01
-2.492973086058342114e-02
5.469353325774006791e-01
-1.000000000000000000e+00
1.000000000000000000e+00
2.047399830243577523e-01
-7.261030030940254232e-01
-3.395839779833677019e-01
3.526442428195206147e-02
-2.616490624614192101e-02
5.827077480041142898e-01
-7.157251053108978356e-01
-3.854383708256855501e-01
-3.509149983274497675e-01
6.354299846472363233e-01
-8.017533094983410047e-01
-3.724230443742147512e-01
-2.515748048656152869e-01
1.074046352724287168e-01
-3.457687727972170721e-01
3.929976735674896304e-02
-7.671852572572344098e-01
-9.385705679223028675e-01
3.148481216809079219e-01
6.987711560088029072e-01
-4.535913492006039827e-02
8.232587130200311742e-01
4.866920682797637454e-02
9.918845552053343617e-01
-1.000000000000000000e+00
-2.201695207118187503e-01
2.465645680699837250e-01
5.596929221923012676e-01
-1.661478676273157318e-01
7.549265429757952006e-01
9.165990725063836164e-01
-5.852912034414151643e-01
-3.914395860685608297e-01
7.561099114776861363e-01
1.000000000000000000e+00
-1.000000000000000000e+00
5.869924717135217573e-01
-4.372823327765720247e-01
1.000000000000000000e+00
1.475914382716566886e-01
-3.005267976232395277e-01
-7.650725793404865582e-01
-3.861995256700598844e-01
-9.924258195412535288e-01
9.322591260692077997e-01
6.999121537542255522e-01
-4.460332847991370642e-01
3.984768776642457211e-01
-2.875828738764074632e-01
1.063672874789609590e-01
-3.377891654674160526e-01
-9.920645054846464195e-01
-7.002173785119967242e-01
-5.376797760459978148e-01
7.235205042809205178e-01
-1.287555365403979246e-01
-2.587529245271747227e-02
-9.086398741945199697e-01
9.521657802046261665e-01
-5.857993600771917997e-01
-6.093145607414838238e-01
5.202893843632463433e-01
