-9.665230753972400279e-01
6.580389303282992985e-01
-2.948334674239946329e-01
-8.425272155063776580e-01
5.661683348171721031e-01
6.939471734114699419e-01
3.075111727245943283e-01
-2.610685541313655378e-01
-1.237505816130968772e-01
-8.929103491134343651e-02
-3.533496893040854320e-02
-4.072652206748238468e-01
-1.878577683334178572e-01
-3.541841825882910966e-01
-6.083726568223581932e-01
-1.678659619620743448e-01
-1.732377478739723781e-02
-7.983223497381367606e-01
-6.233927277467915529e-01
3.255089233290208162e-01
3.868213188355609233e-01
3.259494046983332227e-01
-6.213811561561164432e-01
-7.270288559908552051e-01
-6.626539046476069839e-01
2.869370964101193855e-01
7.092693625415129599e-01
-2.617052191871321321e-01
-1.937931242805801813e-01
-5.168986463651613628e-01
-9.935240275283323541e-01
5.635426009928861113e-01
9.251362938993109575e-01
-1.000000000000000000e+00
3.673309068548119560e-02
-3.706255651097851295e-02
-8.824491562180193371e-01
2.610742521102805136e-01
5.748840089885609572e-01
-7.821892241535143286e-01
1.000000000000000000e+00
-4.385677830786201548e-01
-4.242604617412520929e-01
-1.400894042657699623e-01
-3.377224760515869506e-01
4.156750248323652919e-01
6.969552586383974402e-02
1.402223941602926682e-01
-7.178462880476967900e-01
-1.000000000000000000e+00
-5.675252785184564663e-01
7.524658798185340780e-01
8.896054501158708883e-01
4.736147516388347634e-01
-1.323944939170574597e-01
-9.843951336236206329e-01
5.015426309341690647e-01
8.543596202143350915e-01
1.000000000000000000e+00
5.429535060431411875e-01
-8.243058910564698971e-01
-1.527721999689505006e-01
-6.594741436658090317e-01
-3.732349502820496157e-01
-4.136455751325601726e-01
3.418728072597083112e-01
-4.064645477117153488e-03
1.000000000000000000e+00
-3.187487727148343164e-01
4.852029983489947185e-01
-3.788493811697036806e-01
6.153425289797616049e-01
4.096581427665017539e-01
-8.942657630064311247e-01
1.508610502460629443e-01
-8.983449524464283131e-01
6.056614954186709809e-01
4.391977116350992971e-01
3.447889883196857408e-01
-7.535348350281174945e-02
7.035384287552448601e-01
1.739571600974414156e-01
-8.505985639318315306e-01
7.030047894517736928e-01
-5.106334731528653359e-01
1.000000000000000000e+00
4.849344834445618591e-01
2.228169293883964508e-01
-4.565051826662108181e-01
8.659017742058057188e-01
2.766491166248066236e-01
-1.000000000000000000e+00
5.624221560647688634e-01
4.391433058382300803e-01
1.370987325477024399e-01
-3.523943388695626178e-01
-9.570585023425907112e-01
3.179014222165917891e-01
-1.601611391075795365e-01
-1.988632075006365740e-01
-5.905271793226152255e-01
-9.648480988364878108e-01
6.305149538706612544e-01
5.430183563626134191e-01
-4.987745394995581893e-01
-2.341444337727029701e-01
5.933392380106677910e-01
4.757974333962377567e-01
1.491510007817352657e-01
1.983605055964413749e-02
-4.804424531860354564e-02
-5.662327158127508087e-01
9.209258192375530117e-01
9.502857853494460771e-01
5.677642706877822354e-01
2.423743893642653080e-01
-4.385456353249452266e-01
-5.382304280049579615e-02
3.050077312607145652e-01
6.936794167279447532e-01
2.259441771244861119e-01
4.009505210760627159e-01
8.114827454218723757e-01
6.718146324122654667e-01
-3.409967293204070882e-01
1.000000000000000000e+00
1.186563412837852716e-01
-1.385453571217619070e-02
1.631294766125027385e-01
-9.342646042316227195e-01
2.250629390696742005e-01
-1.000000000000000000e+00
2.030306693305161947e-01
1.000000000000000000e+00
-1.302081127383125092e-01
-7.220761605492981294e-01
4.213106962085270968e-02
-2.923007445272632898e-01
4.336887970898604117e-01
-5.371806411919977098e-01
9.320389080404829496e-01
-3.164420503679298280e-01
-2.254793684427663647e-01
-4.205959008424429713e-01
5.885696515986852395e-01
-1.531237850968793501e-01
-1.613421417963649129e-01
-7.992583828701327331e-01
-3.724545887619380019e-02
-4.893692563006956098e-01
-2.134225762178525599e-03
-3.314930776990497319e-01
2.986944068362658022e-01
-5.844632157648388393e-01
-1.975416805240363671e-01
-2.901945683044432900e-01
7.749255432119502018e-02
5.876153951161985356e-01
-4.285616067408298813e-01
-5.717060970301387490e-01
6.726435841593579879e-01
-6.456730323451882469e-01
-9.139388604964397977e-01
1.295455465567849906e-01
-4.585960329703638871e-01
6.863803246658167767e-01
-5.124677571836800949e-01
-7.447049362014693807e-01
8.741834516417570922e-02
3.772833506285333538e-02
-3.072717410633757917e-01
-4.343881635739586522e-01
-8.422035055308239038e-01
-1.885235448279550252e-01
-7.045819460130797740e-01
3.762204864187216891e-01
-2.854139352265251395e-01
-5.445223755483691308e-01
-5.623844410518790138e-01
2.184981055672077788e-01
-9.065868208359347813e-01
9.644928504361337529e-01
2.458231665872096794e-01
-8.311917229104346383e-01
5.117687953482038532e-01
2.927910203977762693e-01
3.587419563477905471e-01
1.000000000000000000e+00
3.236219368345354397e-01
1.061297553829813611e-01
-8.781542764370815490e-01
3.199149685149575983e-01
-1.481951069698800583e-01
-8.640940103675048833e-01
-6.608604709192383853e-01
4.877118615191374240e-01
9.514220383116929192e-01
-7.078846158618835593e-01
-5.346140131681302865e-01
-2.899712801885764302e-01
-4.537869193456399719e-01
-8.899348969059915904e-01
-1.949059381154371329e-01
-8.415674440756927555e-02
-3.891056743475452828e-01
3.621872874984444768e-01
2.382131673022247487e-02
-1.000000000000000000e+00
-4.097386986222417149e-01
2.057435015658835853e-01
-4.493308757902286232e-01
-3.327134501180071258e-01
-4.627941614006522153e-01
6.202683143489444717e-01
-7.257245964255065740e-01
-6.606612840799133135e-01
2.907771703758605941e-01
6.318280556031278250e-01
7.951333835081723922e-02
-8.919799743010120574e-01
-6.768886648891072610e-01
6.062414932996418315e-02
-1.448783286848615570e-01
7.239167664257450951e-01
4.503981342140996880e-01
-2.884493436060310834e-01
-4.400440585403175842e-01
9.179493975888987078e-01
5.574505434047795083e-01
-6.482675185535695661e-01
-1.000000000000000000e+00
-7.667635970602223461e-01
8.854336543419828454e-01
-1.000000000000000000e+00
-4.070967986123382731e-01
-1.000000000000000000e+00
1.736814199719419888e-02
8.536868488521276443e-01
3.702665868736516597e-01
2.626301777292282535e-01
-9.056136093940362342e-01
-6.211080725992842444e-01
-4.671251675399505365e-01
-8.315371348310687249e-01
-2.790081521041659629e-01
7.994169658143841783e-02
-3.558327730506065101e-01
-4.669617043379524768e-01
-2.235088769164366163e-01
-7.679264195894019984e-01
5.248891058010278499e-02
-1.000000000000000000e+00
-6.569023413856688032e-02
6.212134901657184738e-01
-2.590351977378003712e-01
-5.327550297902342580e-01
3.474846065615080359e-01
8.163166152315811663e-01
-7.869610711660055546e-01
2.602866088440455861e-01
-4.666154497206227436e-01
-3.968343394724836437e-01
1.099154447240609095e-01
-6.066269006520051965e-01
-7.796116473349640197e-01
