-1.004134794423774818e-01
1.235393308657727895e-01
-2.038738184066673370e-02
8.198238799681263345e-01
2.506047667782708710e-01
-4.879470211549474801e-01
8.111084518262903220e-01
1.095190041322113561e-01
4.478246441342985662e-01
1.966303951612660694e-02
8.316035374719882300e-02
-1.051862436785445110e-01
-7.772543144682846350e-01
-7.680470927567502049e-01
-1.540542412958457452e-01
1.165677177822874860e-01
-1.000000000000000000e+00
-7.633903087028917067e-01
-4.868033590839707658e-01
2.352684172125503459e-01
9.144041177434398815e-01
5.169435610719254059e-01
-1.000000000000000000e+00
6.228468571280441901e-02
-8.865707241866366273e-01
8.377595946902768875e-02
-3.222497168393576583e-01
1.095175937832703339e-01
7.012210560956162464e-01
-4.350568795799805710e-01
-7.027788916573548539e-01
5.542555656692113031e-01
9.773379809773050098e-02
-5.709726015114434672e-01
7.148657710182336755e-01
6.974515911442138449e-01
5.860886848153230577e-01
-1.693528808118935636e-01
1.738346477849357641e-01
6.801231427576842625e-01
8.861373510077750204e-01
2.677022094859243251e-01
4.726978939329524732e-01
-4.300975727279592875e-01
1.935606667900661160e-01
9.856500771951329787e-01
9.505388079610536112e-01
1.432770475077652095e-01
7.254618049167693705e-01
-2.812207511729610254e-01
2.359433420149342209e-01
8.337623478610928229e-01
-6.956328071135822744e-02
-2.242752054280931773e-02
6.286764608652539721e-02
-5.613132234771192053e-01
8.533840710548072916e-01
-9.730075735377753388e-01
6.551179502276734956e-01
-7.064448859991545593e-01
-7.101680364317020100e-02
1.000000000000000000e+00
3.502910848498201335e-01
-8.055071725979605635e-01
-8.240225667663769737e-01
-8.582462011576787175e-03
-1.669009913590616956e-01
9.283049058055323766e-01
4.839458420808526729e-01
4.442016552763424220e-01
2.721805236934192185e-01
-4.019747521369468890e-01
3.660552522988635427e-01
4.509650184556507346e-01
-7.117436372443631809e-01
3.441130558972674280e-01
-6.427136110345289532e-01
-3.077603288942032389e-01
-5.758702127618130495e-01
5.575734144312654433e-02
1.268814106888832560e-01
3.859800429290650148e-01
-3.592106221644064679e-02
-1.923589944510797622e-01
4.277014992149309469e-01
-6.696250236736854822e-01
3.195867165167346480e-01
-6.387169701586763448e-01
8.188841041406107468e-01
-3.532554829785926609e-01
-6.615003442898541586e-01
3.595001349323598827e-01
-5.583278277068539630e-01
-6.276830275815092897e-01
-5.613375456069763514e-01
1.753425772446196851e-01
7.058145085142755182e-01
9.800544358447653703e-01
8.160356605618798165e-01
5.610916524096216662e-01
1.302535540059752972e-01
9.783791225049116580e-01
6.142887362967937026e-01
-7.573520128413406827e-01
2.826836997148536590e-02
3.020415265720356388e-02
-7.844947860382228688e-01
-5.960773118186835084e-01
-9.035996288913978880e-01
8.581271428069702223e-01
3.011266317276964366e-01
-5.521995482327169968e-01
7.892086239042584994e-01
-6.922559778418488352e-02
-6.013974064365573691e-01
-6.826972289681050299e-01
1.855852188006702208e-01
9.311903899014930541e-01
1.111548357609239562e-01
8.913453279506892146e-01
-8.396373545980869713e-01
6.648431907406225916e-01
-9.672337051030727162e-01
-5.556925681608315681e-03
5.937286091109300612e-01
-6.384491727555858809e-01
7.061794875681322026e-01
-3.811560839807782153e-01
-2.858157556305177538e-01
-1.438671505673183582e-01
4.074645541061591714e-01
-1.824962476912847797e-01
3.108317897741140756e-01
-2.790965909266621137e-01
1.929713765588573701e-02
4.418634406850545648e-01
-1.952088245079267037e-01
-2.978420399682316089e-01
-8.597491837821956695e-01
-7.192840948148391256e-01
2.780524629480146670e-01
8.183609220638623505e-01
3.152630870123416251e-01
-5.347184541099700983e-01
1.728252279454473850e-01
6.366692262754144460e-01
-2.171344265665466067e-01
1.244051398732341357e-01
-4.924458928208641506e-01
4.045718635681312958e-01
-8.125396065476367391e-03
-5.261893225700920995e-01
-3.787956051591634954e-01
3.812354802845532853e-01
7.566589913127599321e-01
-1.000000000000000000e+00
-2.000617879351848927e-01
-6.850713694594218195e-01
-2.112944170738003113e-01
6.498307804745298011e-01
3.794827035189290987e-01
6.303042586292822991e-01
-2.254270224848266557e-01
3.111077984368514349e-01
3.642305381304996592e-01
-4.753245835783742601e-01
8.520739143231622625e-01
9.425514549469860004e-01
7.619936833249736363e-01
8.786056608905351561e-01
-1.000000000000000000e+00
-4.246810598933321579e-01
3.891984200296700891e-01
-7.433050331497278451e-01
1.183867710325952130e-02
-7.292879531023599426e-02
-4.498938690853178102e-01
-5.023514468541870892e-01
-9.504208187213168957e-01
5.011154068882166523e-01
-1.887285698770666681e-02
-1.456718534826714206e-01
6.038358997062213129e-01
4.691611660595879085e-01
5.123051197060302098e-01
-1.000000000000000000e+00
-8.466061183901956166e-01
4.437965245868409347e-01
-1.884861224565054505e-01
7.898928286307234092e-01
4.067682072044027236e-02
-4.350979264713761840e-01
4.001233740582499920e-01
5.403251420292688456e-01
-1.858416728081315195e-01
-6.842509635273974489e-01
1.956565012737736253e-01
6.859512178221000012e-01
-1.284002165119147443e-01
7.792046415226370204e-01
-4.908875664183350307e-01
3.446544563830780117e-01
-3.600151257992245113e-01
9.743360813258363784e-01
7.729198841844323598e-01
7.855761114934510791e-01
-5.840309482611173442e-01
6.164658370049151681e-02
7.961885243783819455e-01
-7.397895274497795493e-02
-6.764907321920947680e-01
-7.343874247350387074e-01
2.646968850068748963e-02
1.464986130187156121e-01
-3.195409703518093947e-01
-5.631112871409399423e-01
8.533899869226247992e-01
-5.805046583979148744e-01
-2.258891770067092408e-01
-1.000000000000000000e+00
-4.687974852294749528e-01
-5.764727226392728499e-01
9.623362041468686012e-01
5.974474695345634023e-01
-4.580937080387174065e-01
8.246958703245433897e-01
3.963700827169917562e-01
-5.243896998200241466e-01
8.044384075590488292e-01
5.702215766531906205e-01
1.628045673030944496e-01
3.967888011274366411e-01
3.086764267908948534e-01
3.844094705234227805e-01
7.237333363988797119e-01
7.311300721804812053e-01
-6.335577983521608614e-01
9.463691138119554314e-01
-3.081151908219653124e-01
2.222940576136773205e-01
9.236379865647594833e-01
-8.816179070281630059e-01
-6.075444021051487065e-01
5.472580092449077505e-01
-1.889338604248197162e-01
7.594465218954871144e-02
3.152456878037322996e-01
-1.871368396114698462e-01
-4.768741168478388137e-02
-2.705412226412478027e-01
-6.230676669154948666e-01
-7.109223207591275351e-01
-5.624085368186555467e-01
-8.137241964558817875e-01
9.829625914679673837e-01
-7.344747331787823130e-01
5.157028987658430763e-01
-9.232692875837315016e-01
-6.332580595576876581e-01
-8.844039078561948264e-01
-4.963262733864676202e-01
8.803551687212898269e-01
6.287766391535855037e-01
3.766384811489187356e-01
-7.316743278546111728e-01
