-5.414677009975555899e-01
-4.376939091970737383e-01
-9.906268944215427252e-01
3.017693280433340619e-01
8.558013582319107249e-01
-1.000000000000000000e+00
3.842772563946377229e-01
-1.072024739291512097e+00
-1.337524842144599824e-01
-7.386323503272269886e-02
4.968428777506333494e-01
5.231020218991062620e-01
-1.000000000000000000e+00
-1.291614076116001097e-01
4.888007946149421773e-02
-8.798852260499131495e-01
1.064152298291811891e-02
-2.150987242394069576e-01
8.349418213994782567e-01
-1.444931334883747531e-01
3.394096425082662183e-01
-4.954082057274624695e-01
-5.990041332127402640e-01
1.007583048762220157e+00
-5.874766972661894515e-01
9.898879864941670936e-01
9.855910248820688446e-01
7.512655796638040284e-01
-1.408575596888234360e-01
8.646465482778460387e-01
8.900570811179820963e-01
-1.279325745440585083e+00
-1.459905149680286729e-01
1.633835929462742476e-01
-5.375475513324795562e-01
2.683202840316289417e-01
8.807761872283066673e-02
2.141495289791059409e-01
8.887882274992119358e-01
-5.010642440859317537e-01
-3.556315855029894557e-01
-6.119865590476152306e-01
-1.501161426782735009e-03
1.393997366324521703e-01
-4.327599310076803985e-01
7.080926470318824606e-01
-5.470995300334461353e-01
-9.122563869294129102e-01
8.419694307179756976e-01
-3.274347393321003219e-01
-8.801845807960964052e-01
-6.557466270656792107e-01
-2.037537276360697758e-01
-7.662489099828471151e-01
1.053698667414194379e+00
5.818771013503979406e-01
9.115643220968597804e-01
-2.901563552692209003e-01
-2.020646629570319042e-01
2.789339390164993771e-01
2.462820998184402366e-01
1.241015946076192561e-01
7.508125747570122410e-01
8.815149065581130428e-01
-1.000000000000000000e+00
-8.221803038695466581e-01
-4.286842729508646421e-01
2.983392085669528959e-01
-1.531837543388503420e-01
-6.470651417787629534e-01
1.195879524086195800e-01
-2.210982166425812523e-01
-8.952052118514516321e-01
-2.876530969569930929e-01
-6.928403713742006254e-01
1.006716511909394818e+00
-7.850143981559362105e-01
2.835302651494864615e-02
-1.000772578471397223e+00
2.730606033990999326e-01
1.932114100983655658e-01
1.106582005405054581e-01
5.191569963386336584e-01
1.874570867828890541e-01
1.000000000000000000e+00
6.251415972533320708e-01
1.675440832963372983e-01
-1.035443291994224246e+00
6.419581579785109682e-01
-6.643787382293182553e-01
-3.706129537639674121e-01
-3.922595269143829277e-01
3.247668357546880102e-01
-7.112722660664658747e-01
7.966513799474415070e-01
9.881553017340108935e-01
2.765247464007413725e-01
-9.307224628812964529e-01
-8.346175849777207612e-01
5.683135299914738869e-01
4.798989285380260705e-01
-1.863259200046919056e-02
-3.626101252286863530e-01
2.889461903813271282e-01
1.017646468528280668e+00
9.370968693073243871e-01
-7.388106919519619176e-01
-1.921850126987197371e-01
-1.141071433679378577e+00
-1.639866378243201583e-01
-6.362275702424305956e-01
6.224000460045003152e-02
-7.977721431726894075e-01
1.709511192301794713e-01
3.028129172821028559e-01
-5.081815175618495384e-02
-1.030907721553991685e+00
2.715058370731088244e-01
-6.102886039136355967e-01
1.712940527943478466e-02
-5.775400973314037678e-01
7.621552468448661299e-01
3.780815899061192864e-01
-1.218992468425198206e-01
-5.320942838203248648e-01
-9.911960003763902183e-01
-1.657158833068703707e+00
3.281118054496754421e-01
-8.056107807933395870e-01
5.840657755449540911e-01
8.797183329816510300e-01
-9.430571369679833227e-01
6.176314215517662021e-01
1.936342703308718272e-01
1.150195509685309592e+00
9.294379645545006730e-01
7.664670096169452496e-01
1.013447363811800228e-01
7.705153461852825014e-01
5.121295674125108111e-01
-1.084207984245991518e+00
-2.558466910025896102e-01
1.197919501441506440e-01
-4.708278497561461107e-01
-3.039965076864580840e-01
1.354653113631777983e-01
8.197827231242368340e-01
4.895971425632909546e-01
1.037660086612485877e+00
4.890702676357633893e-01
3.205397875902361027e-01
-5.997521713378338726e-01
2.106361405420954513e-01
1.014731028691670423e+00
8.197299639138311278e-01
1.251406839608106558e-01
8.148497078708243357e-01
-5.161128165261464895e-01
8.531778478833548784e-02
-1.739709733522207535e-01
-3.426943616867259568e-01
1.391445887704237938e-01
1.085398962576169968e+00
-1.172268051625972696e+00
-5.897452862246296279e-01
-1.948252247657080716e-01
3.718665657737275226e-02
9.095658431954388723e-01
6.670351102403667687e-01
1.173124443516127879e+00
4.122011538386221585e-01
-1.077975815349485167e+00
-9.878032166484498333e-01
-3.012937167928776971e-01
-9.647852879989725627e-01
2.933341306225457079e-01
1.033005670906696150e+00
9.810743359478728554e-01
7.301378212397677814e-01
-6.052040731953662878e-01
-6.368679646908032010e-01
4.484664118249894749e-01
-8.324658721982900467e-01
-4.390047551802537806e-01
-3.303702106065565802e-01
-9.773528646962468258e-01
-2.694332756489313252e-01
-3.220007200572604922e-01
-3.043016578449486698e-01
1.418304010329315690e-01
9.886369826915804015e-01
-8.093705667613066979e-01
9.865210703541118509e-01
-2.564002056372277627e-01
5.509965713983238089e-01
-6.085645845476437277e-01
-6.225599495955479457e-01
1.519517286640365894e+00
-5.797688877040051425e-01
9.919404603521057018e-01
-9.954181454378135951e-01
-4.470351079917926351e-01
-2.235292037004612542e+00
-1.036188333175970672e-01
-7.865020898765150148e-02
3.970832771128128269e-01
-8.886436585256785037e-01
3.431651184505349339e-01
-8.440382406019318884e-01
2.472889879855718898e-01
-4.081503031799285641e-01
-6.716145089894705045e-01
6.912711438719132406e-01
-2.833979722882372099e-01
-4.011485668554993361e-02
3.887227920716734841e-01
5.890344476704245658e-01
-4.568017714679543928e-02
-1.007438417051869761e+00
-1.310295916428547980e-01
1.182868693898502521e-01
-6.941047370780192294e-01
8.574405598021440644e-01
9.789839518995380185e-02
-7.357296490191360672e-01
3.631251724408755543e-01
-5.853722000902766842e-01
-7.227223790622266074e-03
-1.790028408903222013e-01
-6.894595428747118948e-01
-1.009070230276525315e+00
-6.170686783537704390e-01
-7.443134899764052292e-01
-1.231719416065988337e+00
-2.230425561158120296e-01
2.334278315802822135e-01
-9.019402765876902706e-01
2.235203852027087268e-01
1.424518965148612759e+00
-8.051382218215915598e-01
-1.058021341885371669e+00
-2.221380918947879757e-01
9.933287907625529822e-01
5.370328595845309527e-01
-1.009516342743862483e+00
6.905960237093450305e-01
4.404647912072534033e-01
6.455123539768574566e-03
3.864575170860986009e-01
4.132943117418944046e-01
1.493722364643915723e-01
-8.464991369035688162e-01
-9.147890402797088649e-01
-8.731924334075495675e-02
-9.660599398504250424e-01
-8.434945284847890079e-01
-2.834642282251606527e-01
-7.560743884690521721e-01
8.268512740122814231e-01
-1.106348316952948219e+00
-9.493231518269237834e-02
1.931935004112594334e-01
-4.489284018646260144e-01
1.186069999463770674e+00
2.223204429535454163e-01
