5.685682743276465612e-01
6.076334685326072460e-01
8.108343811869334061e-01
3.344780266018882453e-01
-9.113772552280223760e-01
-2.264637742016573085e-03
4.573144996827935849e-01
-1.190355430605505305e-01
1.984355929664438634e-01
-8.032867589212517867e-01
3.492201605668330266e-01
-6.851074779057584330e-01
-9.511078039728877442e-01
-8.244884387903186340e-01
2.568903148939911674e-01
6.950899273416177859e-01
-8.450376470846876487e-02
-6.238501581940452123e-01
-6.695178441955638160e-01
-9.044751684158263139e-01
-6.600284406451362162e-01
-9.339292340427043371e-01
-7.550765368304013236e-01
4.559024236784672279e-01
-7.684100153084587603e-01
4.672065305096106957e-01
-1.626977608560251642e-01
3.951419297957996513e-01
3.221981310032711043e-01
-1.211254900608498275e-01
-6.382947237089382497e-01
-1.466175084390171079e-01
-3.022058612160023472e-01
1.911684078430100353e-01
4.561600962704392970e-01
8.062683867610997979e-01
-8.608928019655950337e-01
-1.686813261272641640e-01
5.232610787623188653e-01
4.926776512589770007e-03
5.537317923601376979e-01
7.797009099484575323e-02
-4.715688286230435011e-02
2.920090209651777791e-01
6.751687399498769171e-01
8.451117856316249233e-01
2.441069787235388144e-01
-2.725166589522636240e-01
6.812525413698078403e-02
-2.936967569811073098e-01
8.336911253606851258e-01
-4.793359616774761633e-02
-3.219298045791059160e-01
-7.743461140972491830e-01
6.681173801799171752e-01
-2.156156765657879504e-02
-9.164771272469969254e-01
1.501820127823705331e-01
4.398332876029276139e-01
2.711165471370922120e-01
-8.182020208718636667e-01
-9.623278558279968475e-01
-5.289971193640092828e-01
-4.824210238267558903e-01
-9.918607741213048001e-01
-3.665504427161929701e-01
4.946688275377031374e-03
8.334897171670379024e-01
5.948425901543619165e-01
7.062190751957704293e-01
-9.602864580564225427e-01
6.739523412436145833e-01
2.169612631645400358e-01
3.869283926341720026e-01
6.074849186696731351e-01
-3.108651899408778618e-01
6.044137136891498674e-01
-5.091287098639396547e-01
9.320916203824232138e-01
6.456369415991518590e-01
-7.149034423132771821e-01
-4.294133757561762188e-01
2.288054794947107506e-01
8.751592328903547990e-01
7.595299858934383419e-01
-2.555088819707918013e-02
-2.396413633439991031e-01
3.286874525256409107e-01
-9.948304279020756535e-01
6.441837657896243297e-01
4.045784332872095490e-01
-4.465046667143434678e-01
8.198401191500575003e-01
-1.113292378255015258e-02
7.125731353688613545e-02
-8.691967539958955768e-02
-9.998300909359987276e-01
9.939506796978021530e-01
1.676090303891086819e-02
-1.508422782393037398e-01
1.639112847173398446e-01
-5.736511008541358425e-01
-1.308611046218948193e-01
1.302457633456399755e-02
-9.098863194325934600e-01
8.070256311996890641e-01
-8.657108543343572382e-01
-3.820586693409604440e-01
-9.124608753430241137e-02
-5.349515653840815066e-01
2.426518142994493754e-01
-6.423275586240091428e-01
-6.719437980531537402e-01
-1.459254083927608026e-01
4.736691387732701042e-01
-1.247677043989039447e-01
-7.979767442120815346e-01
-1.398431144443716967e-01
-7.344826528674937016e-01
8.436900885976481579e-01
8.687728971531782918e-02
-8.439422080407461557e-01
-5.622614459407608845e-01
6.797218840198415712e-01
6.133304207144933962e-01
1.596069395551999170e-01
6.908735541231505461e-01
-8.072757504327416900e-01
-7.234359226443696222e-01
2.810597515922863554e-01
-6.824467092336845564e-01
4.539071539831438518e-01
1.279135531227337808e-02
-9.319204699917083001e-01
-3.156697542300459514e-01
9.180457448788046371e-01
3.819890800272693898e-01
-6.591802484871724932e-01
3.947767096928962438e-01
2.284505976586654885e-01
-4.982287795824200671e-01
-2.813850670073108073e-01
5.167815424429857973e-01
-4.097379441157837920e-01
-6.431602328689209891e-01
1.066965869389435717e-01
8.525360801371337782e-01
-3.511974937896540361e-01
-7.049232005340502205e-01
9.413774972809620945e-01
1.580979662113193296e-01
-8.535138930471997121e-02
2.756001709590023552e-01
3.388582700303540696e-01
9.350009518369980510e-01
-2.406773231507575161e-01
2.944690665278197894e-01
6.338005973191185305e-02
-5.442931175360874452e-01
7.490289593268486534e-01
-2.463684327529735985e-01
8.325278236304129997e-01
2.628610877597670203e-02
-1.590777467186121896e-01
3.524073815301287382e-01
3.984932389372164430e-02
6.244219073609653670e-01
8.344441531753892249e-01
-1.323871533845846216e-01
9.749039312594240947e-01
-7.202226287388545645e-01
1.690620130067639337e-01
4.303891841563645126e-01
-5.609217979774396845e-01
4.808881723846112344e-01
6.275124529996078948e-01
9.774821199304841723e-01
1.630687845069114239e-01
-5.028964699595628307e-01
8.778549543664642130e-01
6.890857722027863286e-01
1.886492251331306491e-02
1.266758045368998609e-02
1.872617073645916896e-01
3.439938294981936817e-01
2.754375118234455577e-01
4.725231329818047055e-01
-3.331817808863397623e-01
8.826471087319394115e-01
-7.492191404954404721e-01
-7.760289008321947790e-01
-2.621766870631248025e-02
7.538789382580581844e-01
7.793695316469935186e-01
3.289677355040052653e-01
5.355169544547699889e-01
-1.475003326963804096e-01
9.786437490224630942e-01
5.465697187332918539e-02
5.455144312960553687e-01
4.141584549421364336e-01
-5.629826099638128856e-01
8.188256499699009261e-02
-8.644719740675312902e-01
3.136728157424850671e-01
2.608598404165303197e-01
5.439032346413019692e-01
6.165185883836772351e-01
7.728230444951984524e-01
-2.422501962809802123e-01
3.791247329034947988e-01
3.971615162646475738e-01
9.702945665032913780e-01
6.486453328491788017e-01
7.988936580248819919e-01
-5.151242330499528066e-02
4.441622889247391903e-01
-1.729136983247487880e-01
6.426098081967974718e-01
-1.950357042615737946e-01
2.858304778666234114e-01
-5.290875232747831447e-01
7.204600184221618964e-01
4.647346723014942338e-01
1.196108844578878116e-01
6.988561049517774126e-01
5.941589397065858424e-01
5.564659569137013762e-01
-5.050563134790260200e-01
9.122323785044881284e-01
-9.522275138174114417e-01
-1.566859196112042607e-01
-4.461307481817242682e-01
-3.165883406148208845e-01
7.162741783689108299e-01
-5.455799013626718708e-01
-1.583550262420709842e-01
-3.934380807311057549e-01
9.139250736992685642e-01
5.044304681361306830e-01
-2.826776243516819775e-01
-8.601009475471629306e-01
-1.603963260751140041e-02
3.643998914201609374e-01
-8.675437509991235085e-01
2.290899952633673742e-01
4.711868236854230840e-01
3.247690877556674849e-02
9.743419572746510049e-01
-1.575476737110059755e-01
5.209110989023599814e-01
8.583269099831480897e-01
-6.033799535219734889e-01
5.125052292237075591e-02
8.925460265359570489e-01
4.571018887443276668e-01
7.675043946707420517e-01
-7.114004685890280566e-01
-3.056119125644518597e-02
-3.661266717556710404e-01
-5.670752362247206690e-01
-7.843028368965399011e-01
4.584079485047336533e-01
-4.647281737611363983e-01
5.909680961076424488e-01
