-1.000000000000000000e+00
-1.000000000000000000e+00
1.000000000000000000e+00
-1.254342018792960478e-01
5.159344173907267628e-01
1.000000000000000000e+00
3.659779677661103570e-01
7.341406345862983018e-01
5.267282271416580119e-01
7.629052425457724107e-01
-1.000000000000000000e+00
-1.000000000000000000e+00
-9.999119116423821341e-01
-1.000000000000000000e+00
8.972425101283625359e-01
1.000000000000000000e+00
8.818151249435124406e-01
-1.000000000000000000e+00
2.930953738235036465e-01
9.947955378212446353e-01
1.000000000000000000e+00
8.818151249435124406e-01
9.821406867728529333e-01
6.924744072945575590e-01
-7.709733770483492288e-01
1.000000000000000000e+00
2.416027829204402400e-01
-1.000000000000000000e+00
-9.171497840013491665e-01
-1.000000000000000000e+00
1.000000000000000000e+00
-1.000000000000000000e+00
1.000000000000000000e+00
-9.908495683049005631e-01
9.932749276724774923e-01
-1.000000000000000000e+00
6.343209475806743658e-02
1.000000000000000000e+00
-1.000000000000000000e+00
-5.527614979017899666e-01
-7.346668406489649250e-01
1.000000000000000000e+00
1.000000000000000000e+00
-1.658195882177920799e-02
-1.000000000000000000e+00
-5.545501029765739220e-01
-1.706261730643736652e-01
-7.293158257913185949e-01
1.000000000000000000e+00
-9.596552672567488784e-01
-9.992777272000920030e-01
-9.849104117332710961e-01
1.000000000000000000e+00
8.445744400910430993e-01
9.780689727264106903e-01
-9.885757611230433506e-01
-8.826862451365405926e-01
-9.791473794021898769e-01
1.000000000000000000e+00
-6.233629952921634354e-01
-7.833200062235880223e-02
-4.787530377829074535e-01
-9.479492592134352025e-01
1.000000000000000000e+00
1.000000000000000000e+00
-2.340281265973254143e-02
-8.971173237098968301e-01
-1.000000000000000000e+00
9.801378335506889528e-01
1.865704294521446927e-01
9.920359653235930608e-01
1.000000000000000000e+00
-7.455788878774096684e-01
3.611556095467806093e-01
-5.481516257583105567e-01
1.000000000000000000e+00
8.737715834104431423e-02
8.004379190303461122e-01
7.306072283632988329e-01
1.000000000000000000e+00
9.722566930468647950e-01
-1.000000000000000000e+00
8.602544540039709364e-01
9.737446103717446455e-01
1.000000000000000000e+00
2.130306787366231802e-01
-5.417315497222261467e-01
-9.255498127926388152e-01
-6.399359745844275249e-01
1.000000000000000000e+00
1.000000000000000000e+00
1.000000000000000000e+00
1.000000000000000000e+00
-1.289862126734678816e-01
1.000000000000000000e+00
-9.778878047862497036e-01
1.000000000000000000e+00
-1.000000000000000000e+00
-6.670556734342460992e-01
-9.612112875214821051e-01
-8.002609583331610210e-01
1.000000000000000000e+00
8.997089975928783678e-01
3.120985752664491297e-01
1.716008775855841217e-01
1.000000000000000000e+00
-1.000000000000000000e+00
-1.000000000000000000e+00
-1.000000000000000000e+00
-5.641628854352065403e-01
6.475359462402197064e-02
-9.676297270152626195e-01
-8.818151249435124406e-01
1.000000000000000000e+00
-9.308802787131080780e-01
-7.228001587370752601e-01
-1.000000000000000000e+00
-1.000000000000000000e+00
7.778587570315310673e-01
9.816863692356865290e-01
5.324002282090694038e-01
7.783231095657527909e-02
-9.473724057440735535e-02
4.062310431023996582e-01
9.930568356338439484e-01
2.363481961625142347e-01
-4.799144681453562100e-01
3.290624718138288607e-01
-6.689236244486366223e-01
1.000000000000000000e+00
-1.318136596630887225e-01
-2.786609602630873428e-01
1.000000000000000000e+00
-3.670700188541567988e-01
-1.000000000000000000e+00
4.616220889816902706e-01
-8.334564197325593504e-01
1.000000000000000000e+00
-1.000000000000000000e+00
-1.000000000000000000e+00
-6.803479710692530436e-01
-1.000000000000000000e+00
-6.693028380414182965e-02
-6.889645268192989835e-01
-1.000000000000000000e+00
-6.644171774317214618e-01
-3.630793594727087514e-01
4.049090876250723836e-01
1.000000000000000000e+00
-4.813187592198270304e-01
-7.039836342502896471e-01
1.000000000000000000e+00
9.441759514184818736e-01
4.319960089300998174e-01
-2.213352777114384329e-01
1.000000000000000000e+00
8.012660859516655965e-01
-1.000000000000000000e+00
-2.073943822064413245e-01
2.062092692764568025e-01
-1.000000000000000000e+00
1.000000000000000000e+00
-1.000000000000000000e+00
-8.818151249435124406e-01
1.000000000000000000e+00
-2.817681237793081550e-01
-8.417416752008572978e-01
9.966832914833433366e-01
1.000000000000000000e+00
4.880835551716518617e-01
1.000000000000000000e+00
-1.000000000000000000e+00
1.947010817117470483e-01
1.000000000000000000e+00
-1.000000000000000000e+00
-1.000000000000000000e+00
-1.740128939532812891e-01
4.531564948265826009e-01
-1.000000000000000000e+00
9.364507954406722234e-01
-9.985563657694815909e-01
-1.000000000000000000e+00
4.348792787958539741e-01
-3.684330175915651040e-02
1.000000000000000000e+00
1.000000000000000000e+00
-1.000000000000000000e+00
-9.179103198525885299e-01
4.857412266395356726e-01
-9.584198550873410660e-01
-9.722135908264945003e-01
-1.000000000000000000e+00
-7.194177517722530890e-01
1.000000000000000000e+00
-6.231838655453172393e-01
-6.112377731133893377e-01
1.000000000000000000e+00
-1.000000000000000000e+00
5.908036571751202892e-01
-4.480226783513786559e-01
-9.938350286354463714e-01
1.000000000000000000e+00
1.000000000000000000e+00
-3.505041616474220412e-01
-1.000000000000000000e+00
-8.907836675239050317e-01
-6.566344345768371227e-02
-9.789395584761694247e-01
-3.521637278094003065e-01
4.057530135945482397e-01
-9.995791496665965559e-01
1.000000000000000000e+00
-1.000000000000000000e+00
8.064915717078625645e-01
-1.000000000000000000e+00
9.644448520726359719e-01
-7.473799751493990229e-01
-8.818151249435124406e-01
-4.400840967949554150e-01
-5.658801942482741820e-01
-1.000000000000000000e+00
-1.222913306829548907e-01
-1.000000000000000000e+00
-9.949372159678765426e-01
-4.422852464788545324e-01
-1.000000000000000000e+00
-9.949909126032004947e-01
-3.920316212556028135e-01
1.000000000000000000e+00
2.434284181534449587e-01
-1.000000000000000000e+00
1.000000000000000000e+00
-6.681197295304162065e-01
8.446911587526833021e-01
-8.533389203603526374e-01
-2.597200546104994068e-01
-1.315883641955028494e-01
-1.000000000000000000e+00
-5.400883894553228926e-01
2.544606834464699374e-02
9.559427054524320955e-01
-9.758698972915553771e-01
-4.592218020648777821e-01
-5.695098498784742502e-02
-9.547913871871768210e-01
9.789428412843357297e-01
-9.931149615066497960e-01
2.417074417165565592e-01
-2.284999100243760572e-02
9.079227891319703314e-01
1.000000000000000000e+00
9.462595996548641697e-01
-1.000000000000000000e+00
-5.957283240687448744e-01
5.090522943430696445e-01
1.000000000000000000e+00
4.065108295738996125e-01
1.839249599615891684e-01
-9.402084578151340688e-01
5.132712391182107092e-01
9.249771532865849188e-01
-9.056225416824399410e-01
3.848348955210151301e-01
1.000000000000000000e+00
2.833125536920680920e-01
