8.698891357509576094e-01
-3.282272833273234269e-01
-8.996941715188029320e-01
-6.083813181748224386e-01
-6.479222591444214752e-01
3.046610091043889246e-01
-5.073994067071181391e-01
-4.122754371066915668e-01
-8.305566336302714348e-01
-9.384370700232808060e-01
-1.910790888709697488e-01
-3.143468765016402822e-01
7.014899362966237062e-02
-3.248041835109997250e-02
7.778338017545400884e-01
4.446763375531171403e-01
-5.892058721308891522e-01
-3.552339839081818940e-01
-3.418992829407552225e-01
-6.502977550340840462e-01
6.745455858678276462e-01
-9.953974234994278358e-01
6.432427272106518990e-01
6.249198771210837666e-01
8.077804366977753281e-02
-7.394930151249291816e-02
-8.067690222024255231e-01
2.823033820010520389e-01
-7.309221601024694648e-01
-1.582979838685759644e-01
1.266516324499284384e-02
-2.501399826239419366e-01
1.000000000000000000e+00
2.244649190452031040e-01
5.124867036471879578e-01
-3.032858523026799591e-01
-4.456713755659422738e-01
9.844864981029655127e-01
-2.860328128027141981e-01
-1.646447316742113975e-01
-1.000000000000000000e+00
-5.088885859073820628e-01
-2.066991763186983577e-01
2.353631181510597026e-01
-6.887383160788837499e-02
1.000000000000000000e+00
1.915491522960262039e-01
-6.079493560842024191e-01
-7.862203404042247268e-01
-2.334176602980699289e-01
1.000000000000000000e+00
-4.097179013546008997e-01
8.101778187201634784e-01
6.931247607796695576e-01
-1.251661973475137746e-01
-3.884282308665382710e-01
-5.495458471059751909e-02
4.634439486331134450e-01
1.000000000000000000e+00
-9.577314226119794105e-01
1.918036626335501982e-01
-2.027291453912735686e-01
1.506076470556307056e-01
-3.691329627684437620e-01
8.502052164451533445e-01
1.126756582809016610e-01
8.048317092815074902e-01
-2.437482775957771908e-01
1.176225444213507693e-01
7.288572740650319792e-01
-7.762607636212778273e-01
8.132199946892872955e-01
5.018225695863527680e-02
-1.143566926572432141e-01
-9.462771757918794213e-01
-1.000000000000000000e+00
-4.255864596304759218e-01
-1.000000000000000000e+00
-3.030555075191102010e-01
-8.179751516337816497e-01
-4.120569256753104370e-01
-1.536172282324733962e-01
9.708395545003926097e-01
1.853946981059067800e-01
-1.790395852710210678e-01
7.229354505942490183e-01
6.203842143356114169e-01
-9.416344911735251566e-01
7.693765617595244022e-02
1.994573110147867812e-01
-1.837174573213396223e-01
1.435943428498564212e-01
-6.438479130517917870e-01
-3.124420556834351936e-01
3.432541248956752500e-02
-5.239082387018021425e-01
-3.663227861707605282e-01
-1.363865136196713013e-01
2.287549481284570363e-01
3.203124786596832085e-01
-3.251524515583332775e-01
-3.637062668088065776e-01
-5.702430260159838671e-01
1.423705342296643639e-01
8.737974525167870876e-01
-4.312917966157857053e-01
1.802520848303645340e-01
-2.097148950079668825e-02
-5.068006218680418118e-02
-4.084854881586571507e-01
2.599568384430698820e-01
-1.276267818464040249e-01
9.314622690055195386e-01
2.702319948601109578e-01
-1.900758672668650395e-01
6.159543352255112403e-01
1.745688118584572956e-01
9.663405713284548559e-01
-1.805376588347436251e-01
-6.419397077843017607e-01
4.946466005210016226e-01
-2.086289344000447354e-01
5.914562358852680779e-01
2.864416376996637426e-01
-1.300112434444694876e-01
-1.000000000000000000e+00
-9.133711525334469172e-01
-2.004808487899745750e-01
-4.400793382890229311e-02
2.327202781849518065e-01
-7.694811685393981859e-01
8.411498581966295740e-01
-2.823002275822050211e-01
1.621477773678400292e-01
-5.910132192206107860e-02
2.285002786994238810e-01
-1.415365272027013510e-01
-9.360287228784379687e-01
-2.384894894783892993e-01
-5.864171237953542670e-01
-5.912188665338031779e-01
5.951031537266805449e-01
-1.000000000000000000e+00
-6.001964278815323794e-01
-2.013597817693049685e-01
-5.754078684092291951e-01
-7.464112201982809891e-01
8.678946732863145053e-03
-9.951205108487350959e-01
-2.335900499772813610e-01
3.550757166521135155e-01
-1.000000000000000000e+00
-2.804410102949269068e-01
-9.621294155297097639e-01
4.104334289458028695e-01
1.000000000000000000e+00
-4.507097858331270968e-01
6.355250885988963372e-01
-4.475273889490148371e-01
5.289192442704087060e-01
-3.073735136877860930e-01
-5.133155401969513587e-01
1.979530864732050588e-01
5.068960691029990029e-01
7.614895633483117487e-01
3.640294842243455009e-01
3.339279079685673057e-01
-8.964678793690943337e-01
-8.633243317817559381e-01
-2.566119961787111103e-01
-5.971496245754241983e-01
2.070607309618088809e-02
-2.171606016168735886e-01
1.711281573120766453e-01
7.229931240990701280e-01
-1.722823720472171222e-02
-5.775750574618945254e-01
1.373772210945478078e-01
-9.823286765049381586e-01
-9.485137275779880195e-01
-8.009158631240930193e-01
2.367377567048187248e-01
-4.097405126259857644e-01
8.593551580381758592e-02
6.982554461983898619e-01
-3.682338927415758634e-01
5.552339484791889157e-02
3.438885305893468747e-01
9.829893295265230702e-01
-1.472773578717776477e-01
2.552185704734652449e-01
-4.229085158346115869e-01
2.096809689917068231e-01
-5.941283534782215714e-01
2.150150048635788014e-01
-1.000000000000000000e+00
-1.878505221992066154e-01
-2.603713834620590140e-01
-6.831074145387593388e-01
1.778092283965753972e-01
-2.419741368590769270e-01
4.106129876902455123e-01
6.622623549699915846e-02
-5.720678868972395303e-01
-1.146500443348433089e-02
-1.569940795925443278e-01
2.656597573131749823e-01
5.232819824518281093e-01
5.580042806960735374e-02
-4.650885814296127352e-01
-7.147378262498966794e-01
-9.033925239085714987e-01
2.929807787623259219e-01
3.677385663848685704e-01
-2.380997799236384826e-01
-1.100805288989803593e-01
4.626416592281887286e-01
2.182253654476583593e-01
-5.881395482312757883e-01
4.675936457361989373e-01
1.275271665622599027e-01
4.771301421766974138e-01
-3.984789202688760468e-01
9.581454002043280349e-01
1.000000000000000000e+00
1.169955839326849989e-02
3.274818942346318651e-01
-1.317183705137852101e-01
2.376546936507667185e-01
7.119753433863748038e-01
-8.264062610022230304e-01
-3.512417499642139784e-01
5.010040379032209001e-01
2.168111148657677623e-01
9.791605105058659442e-01
-2.217632049951595852e-01
9.708402297857103846e-01
9.566690724638150511e-01
-8.247030117409231975e-02
-6.854874412382786497e-01
-7.322584110665095736e-01
3.087157180949151036e-01
7.808407766766553570e-02
9.410327264551495707e-01
-4.897395274382779218e-01
4.800257004051175502e-01
-6.248708173506893893e-01
-9.404782608063354532e-01
-4.667439614970352035e-02
-6.500150932368923273e-01
2.870684447657664840e-01
-9.776428453324684797e-01
1.670385854334396625e-01
8.720652369759113176e-01
-1.893802865624818754e-01
1.491493663669767045e-01
-5.412544746155153463e-01
5.149657685076439728e-01
5.609349625518843530e-01
-2.247026076647817838e-01
9.167636843635820765e-02
1.993108041956129228e-01
-8.482491902323678890e-01
4.284938850209669137e-01
-9.792589560790710967e-01
