-1.000000000000000000e+00
-3.255689523020615095e-01
-8.605271825944251773e-01
-1.768364926419532523e-01
2.925156563656178266e-01
-3.465250003219945141e-01
-6.025234943966472079e-01
-1.273897207033114765e-01
5.612925977006490985e-01
3.012701012110245435e-01
-3.519143618282362662e-01
-1.317406196686745079e-01
2.357098578465572913e-01
3.604820447940678685e-01
-5.940658383585890184e-03
-4.368191508014105384e-01
-9.735560734592962895e-02
-5.269736704987479925e-01
3.402214006602373719e-01
1.794930451285985107e-01
-6.763378311361552264e-02
-6.144385764637587677e-01
8.163467655873879458e-01
-6.241951457520267255e-01
-3.565832435069271056e-01
8.620502696482691407e-01
9.731615919033579365e-01
1.392186173603705279e-01
2.218584586426488869e-01
-6.781291685708853434e-01
-1.000000000000000000e+00
-6.469384279877166133e-01
-9.965798227136379861e-01
-3.103132687676048995e-01
5.906829347687150289e-01
-7.946109210522462885e-01
2.011753805353525271e-01
-7.109119868925939389e-01
4.672758681029364758e-01
-6.999169916795909829e-01
-6.770899249785402585e-01
-6.510837139003164964e-01
1.145606000028328436e-01
-7.314668991736615888e-01
-5.301222179073361573e-01
1.180131687502029292e-01
-4.960458325320633577e-01
2.872602732130456471e-01
6.557643581478385109e-01
-7.152611769989021262e-01
-1.793090959273293816e-01
-6.239955900275904188e-01
4.474221130970573168e-01
1.000000000000000000e+00
5.727047835128675768e-01
-4.221159140681813859e-01
8.083508256691440685e-02
-7.220647732846571243e-01
-4.697600047088287822e-03
-5.990189956230820290e-01
-1.608257871999559940e-01
6.203075545703933269e-01
1.000000000000000000e+00
2.824825437060409228e-01
1.532337975515544494e-02
9.508647684712030479e-01
-9.629301306750840395e-01
2.912864833916251617e-01
1.964978629762238194e-01
5.740030982990012021e-01
1.993074253016415831e-01
-4.575303401598268538e-01
-4.483368154544794537e-01
-1.000000000000000000e+00
7.532190720911461357e-01
1.390294012143820646e-01
7.879522598060001437e-01
7.705288996627008835e-01
-1.740166353015002235e-02
-1.000000000000000000e+00
-4.405895496635836572e-02
-7.012943528796325987e-01
8.514162380660562635e-01
2.555594840036805662e-02
2.454299187107913949e-01
-3.902097655729432346e-01
-1.000000000000000000e+00
4.723245901456907259e-01
5.041360653253021962e-01
3.026175878792877749e-01
-4.217852117076833496e-01
-4.383855720945000201e-01
-1.000000000000000000e+00
8.659107217473527296e-01
1.064175112760852443e-01
-8.618219031440749189e-01
-1.596839090088292279e-01
3.022442935311234202e-01
9.173978053783925501e-01
9.433627815977400077e-01
1.495956315368937029e-01
2.422031471910945088e-01
9.334037327025862529e-01
-1.891047166498133203e-01
-8.867969755201292603e-01
5.280128420384846422e-01
5.805712854226987574e-01
6.673607138013061268e-01
-1.238125215564170878e-01
-1.000000000000000000e+00
1.855065678068588131e-01
7.000527029357178632e-01
-9.329270640493341205e-01
-6.918373754354847360e-01
-7.678820808852975244e-01
-4.331803922224690406e-02
-1.248069234950447415e-01
-1.438949181872554439e-01
-4.936294845702714207e-02
7.553048961284097862e-01
-1.756431699081364151e-01
-1.000000000000000000e+00
-7.553372198456480557e-01
-8.150922170070714623e-01
-5.081510433911111679e-01
-8.196841831354121366e-01
7.238123711952816342e-01
-4.096172125596931890e-01
4.614886695657181154e-02
2.216938853947503230e-01
-1.064319819920089422e-01
9.014456550649276867e-01
-8.401385703762025425e-01
-8.143172824123567910e-01
8.371200820643383000e-01
3.271917100252310640e-01
-7.957311023873443467e-01
3.715328582018447012e-02
-1.000000000000000000e+00
-8.421597267453414526e-01
1.000000000000000000e+00
3.689843673001207414e-01
5.806152034969476183e-01
-8.449731961977767769e-01
8.323887799604605675e-01
9.395524073839114920e-02
1.918166430547679491e-01
1.063448684897640856e-01
-3.173297812547826724e-01
9.978805603765464882e-01
7.512658092035741364e-02
-8.052784379660941905e-02
-7.576933378678140096e-01
8.651337256518888408e-01
-9.500086490910638615e-01
-2.226817248809772609e-01
8.553204669430868323e-01
6.141479814821414474e-01
1.000000000000000000e+00
-7.450137061878151501e-01
-5.245170801029815921e-01
-8.382761705927517237e-01
7.282912200426486238e-02
5.504528490858286993e-01
-3.284633041005509124e-01
-7.441180624640476582e-01
-9.465543683971329447e-02
-1.169925156960452683e-01
4.878358776641926742e-01
-1.719627572058464449e-01
8.657054154089985354e-02
4.649146428965776345e-01
4.804476839410529165e-01
6.313249183590414759e-01
-2.041707185014627890e-01
1.272398340609926237e-01
-4.725733546238081728e-01
2.080908092166184123e-02
-5.805692471184629166e-01
8.568061457111020296e-01
1.871304620959181320e-01
1.798825428260513726e-01
3.178570615493600537e-01
8.984888864395486341e-02
2.935387735181920199e-01
-3.970000982487634222e-01
6.922045355793626786e-01
-2.603608951019404927e-01
7.815605796871678557e-01
-2.016841341428754208e-01
-6.628498772317563681e-01
-2.139116030366210730e-01
-7.614682535140054886e-03
2.038901343771269692e-01
4.262081545941059924e-01
-6.143938982457477493e-01
-8.387433727518622817e-01
-5.551092020272799799e-01
-8.613900837137085098e-01
-3.204979302050166567e-01
6.523894357808039945e-01
-3.439895204025981701e-01
4.648058591081329904e-01
-1.869876639404172702e-01
-2.083592285964078888e-02
5.155021614181859446e-01
5.082479590978660200e-01
1.000000000000000000e+00
-2.256171479412100514e-02
-8.025562276238850101e-01
-9.168289256045840663e-01
-5.327522577927217284e-01
-6.136225868511827608e-01
5.232927500948569843e-01
5.148690166673514090e-01
6.096335065129269148e-01
-6.820854109159454337e-01
7.632848264073264222e-01
9.107806866141294755e-01
-1.667370179645557005e-01
-9.493819461342075661e-01
9.703329980308204039e-01
5.745850079989774928e-01
5.088349462513144794e-02
-8.780061306588657910e-01
-1.000000000000000000e+00
2.455455477876758441e-02
1.640662917240792162e-01
-6.021572857392915035e-01
-7.045038125489603287e-01
2.938946285342795006e-01
1.452377337021981407e-01
-4.743448538503837741e-01
-7.797029271947886198e-01
8.203631980558492298e-01
-7.283238415810444621e-01
-4.987121704771910191e-02
7.397938738400041681e-01
-1.053791435521529846e-01
-9.953955144952659762e-01
3.584251205522477890e-01
-9.574700537463332051e-01
9.356096275692850073e-01
6.847369467041202196e-01
2.857606135468298003e-01
-7.831362515816266967e-01
-9.842412693326985096e-01
-5.210256068092888881e-01
8.593106504179103267e-01
9.916306391302607270e-01
-7.069238316806759626e-01
6.086611749343058264e-01
7.308750184171055597e-01
1.883395495888035287e-01
-8.134979256036514172e-01
3.089254686386197490e-01
2.590286315406926942e-02
-9.104400790853995895e-01
-5.308011401027384890e-01
1.000000000000000000e+00
-4.635925308981591053e-01
2.302354914016338863e-02
6.207390935148727751e-01
-1.000000000000000000e+00
-5.203828598969439945e-01
