1.000000000000000000e+00
-1.000000000000000000e+00
-1.000000000000000000e+00
2.770995796831841051e-01
1.000000000000000000e+00
4.951903682657169403e-01
1.000000000000000000e+00
9.623129268134507086e-01
1.000000000000000000e+00
-4.034485099034392785e-01
-1.000000000000000000e+00
-1.000000000000000000e+00
-1.000000000000000000e+00
1.000000000000000000e+00
1.000000000000000000e+00
-2.717919467212949192e-01
1.000000000000000000e+00
4.683554187952406744e-01
-1.000000000000000000e+00
-1.000000000000000000e+00
1.000000000000000000e+00
-1.000000000000000000e+00
-1.000000000000000000e+00
-1.000000000000000000e+00
4.573161281208437678e-01
-1.000000000000000000e+00
-5.359794643997646268e-01
-1.000000000000000000e+00
-1.000000000000000000e+00
1.000000000000000000e+00
-1.000000000000000000e+00
1.000000000000000000e+00
4.179963359692393521e-01
7.702705466279498037e-01
-1.000000000000000000e+00
1.000000000000000000e+00
-9.267934260852009887e-01
-1.000000000000000000e+00
-9.998525731903340485e-01
2.616013942936277203e-01
-1.000000000000000000e+00
1.000000000000000000e+00
-1.000000000000000000e+00
-8.972090721960058746e-01
2.280043189047138430e-01
-1.000000000000000000e+00
6.238049703708652416e-01
-1.000000000000000000e+00
1.000000000000000000e+00
-1.000000000000000000e+00
-1.000000000000000000e+00
-3.373625235925217236e-01
-1.000000000000000000e+00
-7.033487800198741091e-01
1.000000000000000000e+00
1.000000000000000000e+00
1.000000000000000000e+00
1.000000000000000000e+00
-1.000000000000000000e+00
-1.000000000000000000e+00
-1.000000000000000000e+00
6.237112126226715958e-01
1.000000000000000000e+00
-3.346571093912646955e-01
5.349621700818225634e-01
3.941909336841750156e-01
-5.289987764912364998e-01
1.000000000000000000e+00
1.000000000000000000e+00
1.000000000000000000e+00
-1.000000000000000000e+00
1.000000000000000000e+00
-1.000000000000000000e+00
-1.000000000000000000e+00
-9.411698205273717477e-01
-1.000000000000000000e+00
-3.167241455201130762e-02
-1.000000000000000000e+00
-4.927595868454580641e-01
-1.000000000000000000e+00
1.422053904717492934e-01
1.000000000000000000e+00
9.367719609106979206e-01
1.000000000000000000e+00
1.045829500041226545e-01
1.000000000000000000e+00
-1.000000000000000000e+00
-4.385418752449806723e-01
-1.000000000000000000e+00
-1.000000000000000000e+00
1.000000000000000000e+00
1.000000000000000000e+00
1.000000000000000000e+00
1.959938326886523363e-01
7.434883481715155451e-01
-1.000000000000000000e+00
-1.000000000000000000e+00
-1.000000000000000000e+00
1.000000000000000000e+00
1.000000000000000000e+00
1.000000000000000000e+00
1.000000000000000000e+00
-1.000000000000000000e+00
1.000000000000000000e+00
9.643783181390275239e-02
1.000000000000000000e+00
1.000000000000000000e+00
1.000000000000000000e+00
1.000000000000000000e+00
1.041514364538886350e-01
1.000000000000000000e+00
-1.000000000000000000e+00
1.000000000000000000e+00
-3.381609120620708286e-01
1.000000000000000000e+00
1.000000000000000000e+00
6.654785337299562453e-01
-1.000000000000000000e+00
-1.000000000000000000e+00
-1.000000000000000000e+00
5.310046909596195519e-01
-1.000000000000000000e+00
-1.000000000000000000e+00
-1.000000000000000000e+00
-1.000000000000000000e+00
1.000000000000000000e+00
1.000000000000000000e+00
-1.000000000000000000e+00
-9.068255049183067129e-01
4.639920644978574593e-01
5.213916850065178910e-01
-7.951820935288882453e-01
1.000000000000000000e+00
-1.000000000000000000e+00
-1.000000000000000000e+00
7.713598432480939238e-01
-1.172586127491082320e-01
1.000000000000000000e+00
-1.000000000000000000e+00
-1.000000000000000000e+00
1.000000000000000000e+00
3.979490792431709112e-01
-1.000000000000000000e+00
-5.363776836014585436e-01
9.617881632672951042e-01
-1.000000000000000000e+00
-1.307872718669167433e-01
-9.763298798202990625e-01
-1.000000000000000000e+00
1.000000000000000000e+00
-1.000000000000000000e+00
-1.000000000000000000e+00
-3.055726789886487604e-01
-8.812114444586814921e-01
-1.000000000000000000e+00
-1.000000000000000000e+00
-1.000000000000000000e+00
-5.288861449644108870e-01
1.000000000000000000e+00
-1.000000000000000000e+00
-1.000000000000000000e+00
1.000000000000000000e+00
-1.000000000000000000e+00
1.000000000000000000e+00
1.000000000000000000e+00
-1.000000000000000000e+00
1.509617812074801058e-01
-8.309364890431769624e-02
8.545296701297492303e-01
-1.000000000000000000e+00
1.000000000000000000e+00
-1.000000000000000000e+00
-1.000000000000000000e+00
9.763923502660549758e-01
1.000000000000000000e+00
1.000000000000000000e+00
-1.000000000000000000e+00
3.497560031776039136e-01
1.000000000000000000e+00
-4.021152880984628641e-01
-9.311511138016650424e-01
1.071740481506652243e-01
1.000000000000000000e+00
1.000000000000000000e+00
-1.559326882056576158e-01
-1.000000000000000000e+00
-4.357443864778561271e-01
-7.234004830261626662e-01
-1.000000000000000000e+00
4.105717727268256567e-01
-8.664784073253624097e-01
1.000000000000000000e+00
-1.000000000000000000e+00
-1.000000000000000000e+00
3.797117505376323976e-01
1.000000000000000000e+00
1.000000000000000000e+00
1.000000000000000000e+00
1.000000000000000000e+00
-8.203316151589246097e-01
1.000000000000000000e+00
-6.079429961013148587e-01
1.000000000000000000e+00
-1.000000000000000000e+00
1.000000000000000000e+00
-1.000000000000000000e+00
1.000000000000000000e+00
1.000000000000000000e+00
1.000000000000000000e+00
1.000000000000000000e+00
1.000000000000000000e+00
1.000000000000000000e+00
5.631326647255343598e-01
1.000000000000000000e+00
-1.000000000000000000e+00
-2.140174611934649862e-01
-1.000000000000000000e+00
1.000000000000000000e+00
-1.000000000000000000e+00
1.000000000000000000e+00
-1.460909934232541563e-01
7.939261129174637333e-01
1.000000000000000000e+00
1.000000000000000000e+00
1.000000000000000000e+00
1.000000000000000000e+00
3.676969601506551166e-01
-1.000000000000000000e+00
-1.000000000000000000e+00
1.000000000000000000e+00
2.377671272710181194e-01
-9.074606062204975121e-01
1.000000000000000000e+00
1.000000000000000000e+00
1.000000000000000000e+00
-4.506779084587375639e-02
9.790513864980930903e-01
4.744550403640192537e-01
2.482994633276307539e-01
-1.000000000000000000e+00
-9.458635627082349062e-01
-1.000000000000000000e+00
-1.000000000000000000e+00
-1.000000000000000000e+00
-1.000000000000000000e+00
-1.000000000000000000e+00
-1.000000000000000000e+00
1.000000000000000000e+00
1.000000000000000000e+00
1.000000000000000000e+00
1.000000000000000000e+00
-1.000000000000000000e+00
1.000000000000000000e+00
1.000000000000000000e+00
1.000000000000000000e+00
-1.000000000000000000e+00
-1.000000000000000000e+00
-7.862036122172715302e-01
3.908373021199229580e-01
1.000000000000000000e+00
-7.176368075271494229e-01
-1.000000000000000000e+00
-1.000000000000000000e+00
6.286370741555743491e-01
1.000000000000000000e+00
