4.026307927029373346e-01
-1.733468686219997723e-01
-1.000000000000000000e+00
5.094088943712029582e-01
-8.811854441678161898e-01
-1.000000000000000000e+00
1.536805120702953165e-01
3.369894963493111906e-01
-4.061965917002583470e-01
-1.000000000000000000e+00
1.000000000000000000e+00
-6.618469791941200553e-01
3.173681135486620120e-01
-1.000000000000000000e+00
1.000000000000000000e+00
1.000000000000000000e+00
-1.000000000000000000e+00
6.074553934199549143e-01
6.624337381603938590e-01
-1.000000000000000000e+00
-8.362153194955838087e-01
-3.963694741784686837e-01
-4.532135988611285526e-01
9.433167058719545972e-01
1.000000000000000000e+00
-1.000000000000000000e+00
-4.602405706094883087e-01
2.019212736633329563e-01
1.362108103020883698e-01
-2.424999880886427039e-01
-1.000000000000000000e+00
-1.000000000000000000e+00
-1.000000000000000000e+00
-1.794491124205861710e-01
5.156297266758356201e-01
-3.007019460721939152e-01
1.000000000000000000e+00
-7.395209862704976711e-01
6.929082949433635896e-01
8.596246909012966730e-01
-1.000000000000000000e+00
1.000000000000000000e+00
-8.657385981125206298e-01
7.530538873087317953e-01
4.079061771918782164e-02
5.750094743449480905e-01
-9.546501417181761928e-01
-1.000000000000000000e+00
6.654289496714793639e-02
-1.706374549547677866e-01
-4.192789073406956168e-01
-4.873736467766647817e-01
1.380490805295317425e-01
7.486618812002737711e-01
-7.363358033444524775e-01
-1.523427206590607652e-01
7.695780788862438548e-01
-1.000000000000000000e+00
4.759610893332282822e-01
7.249856357806505613e-01
-7.841145048683018093e-01
1.000000000000000000e+00
1.000000000000000000e+00
3.399271456684946346e-01
1.952902465529947618e-01
-2.174597147643286821e-01
-8.108819927172985498e-01
2.916465240201828735e-01
-2.025537715316727549e-02
8.600633142381765017e-01
7.154739203413472692e-01
-1.835315872363831868e-01
-2.406776019970384706e-01
-2.079854518083120718e-01
5.699199219463777499e-01
-1.231240798774557305e-01
3.166358024531266135e-01
-4.526567826019293195e-01
6.502448640965875493e-01
4.795272738801442669e-01
5.685122391424364263e-01
1.000000000000000000e+00
-7.322861081983963460e-01
-2.580854419870324823e-01
1.000000000000000000e+00
-5.373433952709740780e-01
-5.447105131513244602e-01
1.000000000000000000e+00
6.944529182196079731e-01
-4.823801660896742671e-02
-5.930354124860368614e-01
-8.853207404680105697e-01
-2.669412162791096055e-01
-6.989350708431375514e-01
-1.000000000000000000e+00
-1.000000000000000000e+00
2.285001874786575793e-01
-3.722644414788368605e-01
1.000000000000000000e+00
-9.557065277459172448e-01
8.798126394503169578e-03
6.225173467581933684e-01
-5.936272024698664440e-01
-9.990916435098236015e-01
6.993271177071896938e-01
6.864077418108468498e-01
2.965231035463761211e-02
-3.350381581053086255e-01
-6.855985719280776047e-01
3.791708897572151904e-01
1.000000000000000000e+00
3.609904525218551319e-01
-1.000000000000000000e+00
-7.978048340572589936e-01
1.747212572501848360e-01
-2.568041116687923564e-01
-6.797874419815147506e-01
-5.068096273285501718e-01
-1.000000000000000000e+00
8.200833340582736053e-01
4.818827058909352923e-02
-2.300163587380150698e-01
-1.000000000000000000e+00
-1.611416520225247284e-01
3.569327498795742959e-01
-1.645036285811335430e-01
6.150587776942664231e-01
-5.955655255320433383e-01
-8.878995077652795942e-01
5.169268697235194360e-03
-9.038123529965855774e-01
-3.211822765965853810e-01
-1.000000000000000000e+00
2.773936229991666447e-01
-1.620032687323973430e-01
1.000000000000000000e+00
2.240090827613122615e-01
-7.324552582078580620e-01
7.435660054655712781e-01
7.164519014899300986e-01
-7.308085478164773052e-01
8.524638561978373774e-01
1.000000000000000000e+00
-1.000000000000000000e+00
-4.724421556687535273e-01
5.125943399010668422e-01
1.000000000000000000e+00
-9.983771237393723741e-01
-1.000000000000000000e+00
-5.918777680933194896e-01
1.000000000000000000e+00
-3.213150083591939099e-01
-7.463326967516543675e-01
-6.364770518373175090e-01
1.000000000000000000e+00
-9.408112177603386028e-01
4.019200694610577385e-01
-6.494328554654333896e-01
-5.185883826983433975e-01
9.183771361451323889e-01
1.000000000000000000e+00
1.469932498947446042e-02
8.190878395280426494e-01
6.083906952591361383e-01
7.272177168501892108e-02
1.000000000000000000e+00
-6.480679425621431733e-01
4.057942736705159037e-01
-7.168449907370666452e-01
9.809167401687203247e-01
9.614347706316417330e-02
-3.398892053289278570e-01
-8.969213667125035538e-01
1.269991229607723149e-01
4.033368300762864012e-01
-8.394313557289513339e-01
-5.027075249868540041e-01
1.576649508680652012e-01
7.145501285907117639e-01
8.629662325992770722e-01
4.383206677305002130e-01
-1.427763886271156135e-01
-7.394088979781571203e-01
1.000000000000000000e+00
-1.000000000000000000e+00
-4.019284212473483997e-02
-9.305158237560251511e-01
8.557803490729782858e-01
1.000000000000000000e+00
-6.272356054456429408e-01
-7.592334594194192210e-01
-7.065355944292930346e-01
-3.234672246120673389e-03
-2.024237482672957000e-01
-2.460256051549520873e-01
6.678586853809120871e-01
4.495515674512042814e-01
-1.000000000000000000e+00
-1.000000000000000000e+00
-4.212152724515009217e-01
-7.360284615293580801e-01
1.000000000000000000e+00
1.179858473299718047e-01
-2.307981908325563714e-01
5.493408686066616475e-01
-1.000000000000000000e+00
-2.107904982521779935e-02
1.739421805102562835e-01
1.000000000000000000e+00
-1.000000000000000000e+00
2.085770335850326562e-01
3.466542905526892593e-01
1.000000000000000000e+00
2.902168439608920902e-02
9.996635192080587373e-01
9.350670812169963320e-01
-1.000000000000000000e+00
4.580481067015052532e-01
1.480963456781739795e-01
1.000000000000000000e+00
-8.959080504244907317e-01
-1.514961218560353373e-01
8.518642330868534396e-01
7.257654397694983661e-01
-9.814072410554131043e-02
5.827111079025378837e-01
-1.000000000000000000e+00
4.552644096249379713e-01
-6.473027282702412677e-01
5.609920399224632703e-01
-1.000000000000000000e+00
5.299181568030084666e-01
-5.831854093670088002e-01
3.037912790953694042e-01
-7.260885376105228328e-01
-1.000000000000000000e+00
-8.092870125641059564e-01
-1.000000000000000000e+00
1.000000000000000000e+00
7.294342461071205985e-01
7.755820905748844751e-02
-3.231263861703058127e-01
1.000000000000000000e+00
-1.739728932361199742e-01
3.005422778345256951e-02
8.517698774477133750e-01
1.000000000000000000e+00
-8.608626997588739727e-01
-1.000000000000000000e+00
5.243380294243185080e-01
1.000000000000000000e+00
-4.714641850127073708e-01
-7.775053773452245132e-01
-1.806716435622651995e-01
-6.583652279165089771e-01
-2.701195402332610129e-01
4.285459265149525465e-01
-1.000000000000000000e+00
1.000000000000000000e+00
1.000000000000000000e+00
-8.357893397276757730e-01
-7.336193041381466884e-02
-8.788952150530875418e-01
9.051947603624999061e-01
3.724717220003078699e-01
