2.752152996946058972e-01
3.963242709892456084e-02
-2.353315921022905988e-01
5.003097665474608435e-01
1.000000000000000000e+00
4.219599139489901840e-01
7.859202635746347365e-01
1.991948650176029734e-01
-1.000000000000000000e+00
5.084351268378728417e-01
8.254211794113867073e-01
-5.281558175816152279e-01
1.663499992537788019e-01
-9.051558872577216697e-01
6.963405139108223008e-01
-5.109576838359710660e-01
-2.387217370568905928e-02
-3.098390100152976778e-01
9.350062500507478891e-01
-7.260643555173759145e-01
-7.612571859624379655e-01
-3.184228887203107705e-01
-3.390267176293804141e-01
8.689346722125965705e-01
-4.186027727720829095e-01
-2.078204669950487471e-01
1.114928460392772547e-01
-6.398239317308621610e-01
7.708362885073822834e-01
-5.343242852910106144e-01
-5.551941893971901187e-01
-2.756876209422293167e-01
6.443152932407514299e-01
-4.394346892174054720e-01
2.499663737337136649e-01
9.558363699058696206e-01
-9.861437004218185365e-01
-1.000000000000000000e+00
7.325553335340991012e-02
5.819895318871415313e-01
-9.890393101206271798e-01
-1.000000000000000000e+00
1.000000000000000000e+00
1.161630302270903609e-01
-2.629089375484541802e-01
9.704766121790118216e-01
-2.860226694753600363e-01
-8.285590188866027717e-01
1.000000000000000000e+00
-6.678157420740487016e-01
-1.000000000000000000e+00
-8.507039697156326685e-01
-3.748800622486126444e-01
1.000000000000000000e+00
-8.564594502855442659e-01
-4.019768396551554601e-01
7.974308700491552493e-01
-1.000000000000000000e+00
1.000000000000000000e+00
1.000000000000000000e+00
-8.240474453472421690e-01
5.414638623328247302e-01
-1.000000000000000000e+00
1.203037396861949271e-01
3.562550880321539992e-01
-6.979951846808369886e-01
-1.000000000000000000e+00
-6.378665136229532129e-01
9.588249083192553757e-01
5.987359811789318975e-01
3.541126794470468298e-01
-6.865342765120167057e-01
-1.000000000000000000e+00
-9.435254750704713533e-01
-1.000000000000000000e+00
-6.289831244740453631e-01
3.067539930584942676e-01
6.924651392897864799e-01
-1.000000000000000000e+00
2.955408498026532715e-01
-1.022837780046753631e-01
-1.000000000000000000e+00
-6.990812401844951340e-01
-1.000000000000000000e+00
-1.000000000000000000e+00
-1.000000000000000000e+00
-1.000000000000000000e+00
1.000000000000000000e+00
5.261406538726655091e-01
-1.000000000000000000e+00
-1.000000000000000000e+00
-2.685520638444813257e-01
-4.882949205315012531e-01
-1.000000000000000000e+00
-6.561859142031323255e-01
2.495850070015053768e-01
1.000000000000000000e+00
-1.005359214015146413e-01
-1.000000000000000000e+00
-8.014633845890850594e-02
4.804520688002392736e-01
3.203215055891927010e-01
-7.989035055343225444e-01
1.000000000000000000e+00
-7.417834531573725965e-01
-4.955066962925278595e-01
8.476416274889218005e-01
-8.819128961109178322e-01
-9.252732769289977455e-01
-3.059608930048186570e-01
1.000000000000000000e+00
-9.809392953773927726e-01
-8.679582488849165722e-01
-4.477375410244210929e-01
-3.882742797683546021e-01
9.861425070984300989e-01
6.447927442892271710e-01
-2.765128646987898842e-01
-4.504278683491893531e-01
4.126677078883519978e-01
1.000000000000000000e+00
1.000000000000000000e+00
-1.000000000000000000e+00
-3.526344599733887142e-01
7.550953831405556871e-01
1.000000000000000000e+00
-3.393738236326898638e-01
5.503607051281448337e-01
-2.906119280299062080e-01
-1.000000000000000000e+00
-4.188619059862854765e-01
1.000000000000000000e+00
-6.330236324866542752e-01
3.557174577179108010e-01
-1.999761789795582168e-01
-5.492664435454138738e-01
8.233222589966738836e-01
5.617755372632005084e-01
9.752971810432657929e-01
-7.907275976837820908e-01
-5.292539058278800113e-01
9.941727279797955008e-01
3.270290668713476956e-01
3.322168785698110249e-01
-7.208804752319747378e-01
1.606497442796245290e-01
-3.901728814949889657e-01
2.734405056897623032e-01
6.484781646059911697e-01
-9.776863017639475517e-01
9.711811626656369212e-01
-1.000000000000000000e+00
2.310545111904387938e-01
-1.000000000000000000e+00
9.774291779619286302e-01
-1.000000000000000000e+00
-6.935755748398106380e-02
6.131638062809350309e-01
8.362476477246179318e-02
-1.000000000000000000e+00
-8.567605679931491469e-01
-4.369841784876664637e-01
-1.000000000000000000e+00
1.605103803679746588e-01
1.000000000000000000e+00
-1.000000000000000000e+00
-1.345218403556427689e-01
-1.760271101638397062e-01
-1.000000000000000000e+00
-7.237390522570261719e-01
-3.340442662451010847e-01
7.716689252909041397e-01
1.000000000000000000e+00
9.634898314416854292e-01
4.157924780281895827e-01
7.014118929736246066e-01
-5.087328864079647683e-01
-1.000000000000000000e+00
9.534295539513305551e-01
8.727708903834147103e-01
1.000000000000000000e+00
2.078204669950487471e-01
-5.074948793705548189e-01
1.591156521751024844e-01
-1.000000000000000000e+00
-7.198429426487807925e-01
-9.207095101123244918e-01
1.000000000000000000e+00
9.395233806629927908e-01
-8.803796024608636639e-01
-1.000000000000000000e+00
-2.006957926913557344e-01
6.502779750593292718e-01
-3.653538109672610501e-02
-1.000000000000000000e+00
7.431937520884757120e-02
-6.615022405769868108e-01
-9.733748031503459686e-01
-1.000000000000000000e+00
6.876110492131407015e-02
-1.000000000000000000e+00
9.550789124508340944e-01
3.087573808451082868e-01
-2.078204669950487471e-01
4.443781824798864744e-01
-6.779815775925566168e-01
1.000000000000000000e+00
3.070118964534234163e-01
-4.341369241158260506e-01
3.457383748362885534e-02
-4.184856827170342353e-01
9.543560603201525216e-01
3.954803833158259119e-01
9.476323329688253194e-01
1.000000000000000000e+00
9.823142841533573089e-01
-7.070907670763413311e-01
1.000000000000000000e+00
-1.409748269056756986e-01
-1.873136090477190985e-01
-1.000000000000000000e+00
5.007109946118740718e-01
-3.488433737340774776e-01
6.110041015784708485e-01
7.356999026359903882e-01
1.000000000000000000e+00
9.353551832998361348e-01
2.078204669950487471e-01
-4.659134581948783937e-01
2.293139722207916398e-01
-7.128459766286018295e-01
8.568506001203778366e-01
3.016909560278197011e-01
3.922308854052838356e-01
-1.000000000000000000e+00
-5.201292573629324734e-01
-1.000000000000000000e+00
-7.856633635197334264e-01
2.611100853409562550e-01
5.779041184825470800e-01
-7.406630420247666269e-01
-9.305821427233895715e-01
-1.000000000000000000e+00
-6.698333181200961661e-01
2.423503114880180831e-02
1.000000000000000000e+00
-5.512909501651011013e-01
-1.000000000000000000e+00
-1.000000000000000000e+00
1.000000000000000000e+00
1.042643656401369689e-01
-8.204176336703766781e-01
-1.370766447345272976e-02
-1.000000000000000000e+00
-5.846012185870700373e-01
-5.707964559306888397e-01
-6.695172915176430539e-01
-4.070587310890008137e-01
1.000000000000000000e+00
2.078204669950487471e-01
-6.672814990889465170e-01
9.442027676207384035e-01
-1.000000000000000000e+00
3.865479192130097941e-01
1.833877106649920985e-01
