6.223061007597058270e-01
-8.079283638478063079e-01
9.755870338621555060e-01
1.000000000000000000e+00
1.000000000000000000e+00
1.000000000000000000e+00
-1.000000000000000000e+00
-1.000000000000000000e+00
1.000000000000000000e+00
-1.000000000000000000e+00
1.000000000000000000e+00
-6.983062001904760674e-02
-1.000000000000000000e+00
9.933673669341555046e-01
-7.576504286185373749e-01
-1.000000000000000000e+00
3.755422327518488923e-01
-1.000000000000000000e+00
7.896809738118230060e-01
-1.000000000000000000e+00
-1.000000000000000000e+00
1.000000000000000000e+00
-8.032745657196369571e-01
1.000000000000000000e+00
-4.798364333668820314e-01
7.354834822169553643e-01
1.000000000000000000e+00
5.520236649068932522e-01
-9.929195486748135790e-01
2.613166849851672469e-01
6.570148001120383885e-01
-2.834600130703434084e-01
8.395154836896567829e-03
4.608840204796291751e-01
1.000000000000000000e+00
1.000000000000000000e+00
6.191479924035498961e-01
2.315648317560792258e-01
1.000000000000000000e+00
3.689418010209174481e-01
9.184632770622582765e-01
-3.850175556959339884e-01
-1.000000000000000000e+00
1.000000000000000000e+00
4.237529268852661124e-01
-9.020380599987560810e-01
9.230639986572660716e-01
-5.864357289441339827e-01
-1.000000000000000000e+00
-8.737373380675353962e-01
-1.000000000000000000e+00
-1.000000000000000000e+00
-6.014061678216688911e-01
1.000000000000000000e+00
1.000000000000000000e+00
5.712460004639017264e-01
8.537707965087860673e-01
-1.000000000000000000e+00
1.000000000000000000e+00
-7.192238678166484878e-01
-3.137762392083630059e-01
1.000000000000000000e+00
-9.776388679248440017e-01
-4.370402652363281071e-02
5.020794005357527290e-01
-2.081045587704598576e-01
1.000000000000000000e+00
7.573635198980844807e-01
-1.000000000000000000e+00
-8.611472704400240374e-01
-1.000000000000000000e+00
-6.251890363400338657e-01
-8.004007727146186246e-01
-1.000000000000000000e+00
-8.779697662049877893e-01
3.863034720877644435e-01
-1.000000000000000000e+00
2.065473385474684287e-01
4.713623606931181542e-01
9.189629707077521248e-01
-3.041674842026675929e-01
4.393658979613223048e-01
1.000000000000000000e+00
-1.000000000000000000e+00
-6.594816625635164797e-01
-6.837118742004216765e-01
-1.000000000000000000e+00
1.000000000000000000e+00
-1.000000000000000000e+00
1.000000000000000000e+00
-1.000000000000000000e+00
-7.120672839677738564e-01
5.697600708478929299e-01
-1.000000000000000000e+00
1.000000000000000000e+00
-4.353942498866578692e-01
-9.718838788228107983e-01
1.825199141685822368e-02
-1.000000000000000000e+00
-6.853424284102074826e-02
1.415093868632109064e-01
-1.000000000000000000e+00
7.134208312113112793e-01
-1.000000000000000000e+00
1.000000000000000000e+00
-1.000000000000000000e+00
1.000000000000000000e+00
-1.000000000000000000e+00
-6.014061678216688911e-01
9.539269709324791346e-01
1.000000000000000000e+00
-7.210044014273646606e-01
-1.000000000000000000e+00
-9.912342704853258635e-01
1.000000000000000000e+00
-1.000000000000000000e+00
6.861113737153969883e-01
8.115559895979753691e-01
9.857774127908459638e-01
7.476140811951009768e-01
1.000000000000000000e+00
3.084310608518392449e-02
-5.939865558614080276e-01
1.000000000000000000e+00
9.349624907081941494e-01
-1.000000000000000000e+00
1.000000000000000000e+00
1.090522905832248535e-01
-1.000000000000000000e+00
9.351499115118960814e-01
6.014061678216688911e-01
1.000000000000000000e+00
-1.000000000000000000e+00
6.826425628236416632e-01
1.000000000000000000e+00
-1.000000000000000000e+00
-3.686706717824789203e-01
7.648443776635326791e-03
1.000000000000000000e+00
-9.785723754153856646e-01
9.929729833817801943e-01
-5.318400412082513462e-01
-1.000000000000000000e+00
-1.000000000000000000e+00
6.014061678216688911e-01
-9.135844239402830524e-01
1.000000000000000000e+00
-9.000213424738512380e-01
-1.000000000000000000e+00
-9.677729312166133413e-01
-1.000000000000000000e+00
-6.014061678216688911e-01
-9.698863061366768124e-01
1.000000000000000000e+00
-1.000000000000000000e+00
1.000000000000000000e+00
1.000000000000000000e+00
-9.784584979302914931e-01
-1.000000000000000000e+00
-7.430573114742482499e-01
2.481597477478273972e-01
-1.000000000000000000e+00
-1.000000000000000000e+00
1.000000000000000000e+00
-4.865938525297696660e-01
5.749129330772349000e-01
-9.994894889708727526e-01
1.000000000000000000e+00
-1.000000000000000000e+00
-9.078862586320342043e-01
9.711746552890122564e-01
-1.000000000000000000e+00
8.766832967469315729e-01
1.426993841246911310e-01
1.000000000000000000e+00
-6.014061678216688911e-01
6.014061678216688911e-01
-1.000000000000000000e+00
1.000000000000000000e+00
-1.000000000000000000e+00
-1.000000000000000000e+00
1.000000000000000000e+00
-1.000000000000000000e+00
1.000000000000000000e+00
9.979259627681689171e-01
2.883754973518812270e-01
1.000000000000000000e+00
-5.392912319742287908e-01
-5.599679110440412000e-01
1.000000000000000000e+00
9.468213504872822206e-01
-1.000000000000000000e+00
-4.590010411467228546e-01
7.797274905652096244e-02
1.000000000000000000e+00
-9.810806346137499467e-01
-8.926221608610903635e-01
1.000000000000000000e+00
1.000000000000000000e+00
-1.000000000000000000e+00
-1.000000000000000000e+00
1.000000000000000000e+00
-1.000000000000000000e+00
-1.000000000000000000e+00
6.566308082096163901e-01
1.000000000000000000e+00
7.326432835371726737e-01
6.849845277926089882e-01
-1.000000000000000000e+00
9.613203328181594287e-01
-1.000000000000000000e+00
1.000000000000000000e+00
1.000000000000000000e+00
-6.359773384637659177e-01
-2.957654851254029049e-01
-1.718569404080021457e-01
4.156757093582914564e-01
8.878125139114512177e-01
-1.000000000000000000e+00
1.000000000000000000e+00
-1.000000000000000000e+00
1.000000000000000000e+00
7.475150167549317048e-01
1.000000000000000000e+00
9.751698198295899456e-01
1.000000000000000000e+00
1.000000000000000000e+00
1.000000000000000000e+00
6.014061678216688911e-01
-6.261158215510347347e-01
-3.161865860811336471e-01
-1.000000000000000000e+00
-2.639937585210596627e-01
1.000000000000000000e+00
-9.381094847380417878e-01
-1.308010772786735720e-01
-1.000000000000000000e+00
6.687450353427917271e-01
5.615612852278568656e-01
-7.413951164196777022e-01
-3.298210457253967220e-01
8.401239959667183843e-01
1.000000000000000000e+00
-1.000000000000000000e+00
-1.000000000000000000e+00
-1.000000000000000000e+00
-8.457278203598012079e-03
1.630610272822563267e-01
6.014061678216688911e-01
9.270038516369487613e-01
-1.735330843889533181e-01
-9.525717399995440315e-01
1.000000000000000000e+00
1.000000000000000000e+00
9.897040261366817360e-01
-1.608669948452696730e-01
-2.049702815666424316e-01
-1.000000000000000000e+00
-3.705459738714137474e-01
-1.000000000000000000e+00
-3.656203666801938201e-01
-9.018137460944690709e-01
1.000000000000000000e+00
-7.465245734395636878e-01
1.000000000000000000e+00
