5.301209225345098197e-01
-1.000000000000000000e+00
1.000000000000000000e+00
6.235337359892301201e-01
3.323873661243903488e-01
1.000000000000000000e+00
-1.000000000000000000e+00
1.000000000000000000e+00
1.000000000000000000e+00
-8.531821913929602541e-01
1.000000000000000000e+00
-8.403132323880815324e-01
-1.000000000000000000e+00
4.481270973797174539e-01
-7.626574200715015017e-01
4.313041568845251139e-01
2.247620137600026546e-01
-1.000000000000000000e+00
1.000000000000000000e+00
-1.941591529416513140e-01
-1.000000000000000000e+00
-7.174246469368716905e-01
-9.988931029143319762e-01
8.319449874353604946e-01
8.762759479304210730e-01
-6.770052276420310822e-01
8.560807853791430055e-01
1.000000000000000000e+00
-1.000000000000000000e+00
-4.097829395283741905e-01
1.000000000000000000e+00
-3.240133399472239217e-01
7.251038438275181353e-01
-4.267493378760263689e-01
1.000000000000000000e+00
-1.000000000000000000e+00
7.955436265646385063e-01
5.721319740929504682e-01
-3.158026864102081444e-01
3.539046446416628244e-01
3.247493747472093850e-01
6.232039400918112371e-01
1.000000000000000000e+00
1.000000000000000000e+00
4.557251132684492223e-01
-1.000000000000000000e+00
9.033394734122167646e-01
-1.000000000000000000e+00
1.000000000000000000e+00
-1.000000000000000000e+00
1.000000000000000000e+00
-5.609784950642948687e-01
1.000000000000000000e+00
3.869025674820300020e-01
7.289617328872534108e-01
-5.463629229421589073e-02
1.000000000000000000e+00
1.000000000000000000e+00
-9.061667499430845485e-01
-1.000000000000000000e+00
-1.000000000000000000e+00
-2.506936534048116449e-01
2.585800627950015640e-01
-3.033782708676849293e-02
7.146071550173130893e-01
1.687654974333010482e-01
1.000000000000000000e+00
9.279057957098225673e-01
2.195776895970136255e-01
-9.915200551976308674e-01
-4.563827245286070089e-01
1.000000000000000000e+00
6.026873901493214891e-01
8.418224704655068447e-01
-6.631579573686942064e-01
-3.456148275426877969e-01
1.787066587803458617e-01
6.682155678432608603e-01
1.000000000000000000e+00
-1.000000000000000000e+00
2.207911264530124651e-01
-5.606889024545036460e-02
1.000000000000000000e+00
-6.032745193642706782e-01
3.251155931971079771e-01
-4.868351242653180533e-01
1.000000000000000000e+00
6.235817424047609414e-01
-1.000000000000000000e+00
-1.000000000000000000e+00
-8.269563575301240865e-01
-9.530752099115485931e-01
1.000000000000000000e+00
-1.000000000000000000e+00
-1.000000000000000000e+00
1.000000000000000000e+00
4.793914038744007122e-01
3.138210027240554423e-01
-9.857249395641611844e-01
-1.000000000000000000e+00
-1.000000000000000000e+00
-1.000000000000000000e+00
7.949727414426654981e-01
1.000000000000000000e+00
9.726191925142383399e-01
1.000000000000000000e+00
1.000000000000000000e+00
1.000000000000000000e+00
1.000000000000000000e+00
1.808135594683489278e-01
1.000000000000000000e+00
-6.627245380707298406e-01
-1.000000000000000000e+00
-7.195522260478119936e-01
8.765489381439741656e-01
-1.000000000000000000e+00
1.000000000000000000e+00
-8.520932176167526073e-01
-8.030749098224887472e-02
-1.000000000000000000e+00
1.000000000000000000e+00
1.000000000000000000e+00
-9.928563026865325769e-01
-5.493712176061669172e-01
3.556140952449449166e-02
-1.000000000000000000e+00
1.000000000000000000e+00
-1.000000000000000000e+00
6.324558093558936278e-01
6.964567442307101341e-01
-1.000000000000000000e+00
1.000000000000000000e+00
-1.000000000000000000e+00
-5.502456017724186715e-02
-4.075631971091059347e-01
-1.000000000000000000e+00
6.695855336739450214e-01
-1.000000000000000000e+00
-4.042964741264633566e-01
3.879643357332226983e-01
8.671827109677647805e-01
-9.240948892457132580e-01
-1.000000000000000000e+00
-1.137168950415107238e-01
1.000000000000000000e+00
-1.000000000000000000e+00
2.309815086883403867e-01
-1.000000000000000000e+00
1.000000000000000000e+00
1.703426337792624673e-02
-1.000000000000000000e+00
-1.000000000000000000e+00
-4.894069186444904851e-01
-4.117885327375135351e-01
-1.000000000000000000e+00
2.244720116425391598e-01
5.847334853173093983e-01
-3.989378542621050960e-01
3.954532212043863071e-01
1.798588371407617570e-01
-1.000000000000000000e+00
1.571099844190677608e-01
-9.254602755532028713e-01
-3.349432291436351683e-01
1.000000000000000000e+00
1.000000000000000000e+00
-1.000000000000000000e+00
9.848527493108174546e-01
-1.032619273941396409e-01
1.000000000000000000e+00
6.049771209782895953e-01
-1.000000000000000000e+00
5.903538793831581977e-01
5.964112190576291717e-01
-1.000000000000000000e+00
-1.000000000000000000e+00
6.348921624531134178e-01
6.574183267106731288e-01
-1.000000000000000000e+00
1.000000000000000000e+00
-1.000000000000000000e+00
1.000000000000000000e+00
-5.585794074542422827e-01
8.571874639002050600e-01
1.000000000000000000e+00
-6.291189060406046085e-01
3.977441980768816610e-01
-1.000000000000000000e+00
-1.398121294996074182e-01
1.000000000000000000e+00
1.000000000000000000e+00
-3.117102688465624993e-01
-1.000000000000000000e+00
3.112461431141401169e-01
2.625655624813444389e-01
9.020102419807427552e-01
5.402926930305862463e-03
8.738588425219822042e-01
1.000000000000000000e+00
-1.000000000000000000e+00
-7.440185077606112918e-01
-1.000000000000000000e+00
-4.526519407875931322e-01
-1.000000000000000000e+00
5.733911780322935581e-01
8.130353400886141113e-01
1.300083211581080089e-01
3.637342730638060129e-02
-1.000000000000000000e+00
-2.329789671253043037e-01
-7.130535704554313847e-01
1.000000000000000000e+00
1.000000000000000000e+00
-8.276938180394215472e-01
-1.000000000000000000e+00
1.000000000000000000e+00
1.000000000000000000e+00
-1.000000000000000000e+00
1.000000000000000000e+00
1.000000000000000000e+00
-5.834554786323467024e-01
-8.942823102036114857e-01
-1.000000000000000000e+00
6.649166280552283315e-01
4.808211701468947941e-01
3.890157295367441259e-01
9.795734624932080914e-01
1.000000000000000000e+00
6.225758085101579242e-01
-7.255238484455274195e-01
7.873765686567317790e-01
-1.000000000000000000e+00
-5.679313017870046831e-01
3.559118274890893385e-01
7.895367492106954987e-01
-5.143276158564665801e-01
-1.000000000000000000e+00
1.000000000000000000e+00
2.706700324734951923e-01
2.564976688097978519e-01
3.962176044410981035e-01
1.000000000000000000e+00
6.177542042932149258e-01
-1.000000000000000000e+00
-1.000000000000000000e+00
-7.524417237583934659e-01
-1.000000000000000000e+00
8.724036117768851906e-01
1.000000000000000000e+00
8.592648757564743667e-01
2.880791152771444708e-02
-9.055793439724263427e-02
2.214298323191412621e-01
1.000000000000000000e+00
1.000000000000000000e+00
-1.506159997070405203e-02
1.000000000000000000e+00
-1.000000000000000000e+00
-2.712583716422742874e-01
-7.241985831438135790e-01
-1.000000000000000000e+00
-7.745259734696552378e-02
8.843893175079842184e-01
-1.000000000000000000e+00
-1.000000000000000000e+00
