5.496096500072378266e-02
1.000000000000000000e+00
5.065998048531794584e-02
-8.248019586265470382e-02
3.990596686357353873e-01
6.039331234692656425e-01
9.673335039815960101e-01
-6.991404953921426246e-01
8.554688096689944121e-01
-1.583387375761208249e-01
-1.000000000000000000e+00
6.935050574698736758e-01
-9.318652643211357001e-01
4.144969246427498977e-01
-7.019784139238446352e-01
-4.164930037409479979e-01
-1.612328944529333175e-01
-5.879967676495359008e-01
-9.921310124485419601e-01
7.268821861900887082e-01
-7.552237774201955300e-01
-9.950518191596227080e-01
1.000000000000000000e+00
-6.341126901273554939e-01
-9.842722888242478874e-01
4.882839370507365828e-01
1.772945353702963245e-01
1.000000000000000000e+00
-4.745955849449567943e-01
5.725843412549107558e-01
-8.120437968081408719e-01
-9.736364369468840652e-01
-9.962755523514379430e-01
4.507866354463566649e-01
-8.535590281074412200e-01
-3.412677608409950825e-01
7.978140641174069625e-02
-9.945814668034721473e-01
-2.845947297482420701e-01
8.587833355321964346e-01
-4.008358744608941926e-02
1.000000000000000000e+00
1.000000000000000000e+00
3.007430332247290616e-01
-2.829690214860792752e-01
-1.361000273042754227e-01
4.156776355048219518e-01
-6.426313087851063255e-01
-9.984420737620699482e-01
4.966062429021081970e-01
-4.147566468262731121e-01
-2.259615030552436232e-01
1.850420151248226563e-01
-1.000000000000000000e+00
7.447918636161842132e-01
5.350888861124869500e-01
2.286886476799875334e-01
-7.563225823591379626e-01
-9.292461297780385543e-01
-1.145405186075041937e-01
2.681463155443043478e-01
-8.108630034320405411e-01
-9.879934546699363773e-01
-4.164930037409479979e-01
-4.115448229005707059e-01
4.123868641070915775e-01
-6.685480278571500623e-01
5.823331953404342620e-01
4.465070281977193689e-01
-5.047119848783752083e-01
-4.496822147040141493e-01
-6.358428224867767042e-01
7.698920014835859416e-01
6.242866646575446765e-01
4.270467112984085434e-01
-8.533407486884314608e-01
-5.388669993293414562e-01
3.727625727309611392e-01
-7.662372777580697125e-01
1.320964795751351506e-01
-3.976600986203617794e-01
-4.164930037409479979e-01
-7.377859393158402446e-01
7.831750565394501873e-01
4.080125846762512332e-01
1.000000000000000000e+00
-7.833152445044079260e-01
-2.349241113835334183e-01
-4.164930037409479979e-01
-6.164152207977047215e-01
-4.115448229005707059e-01
1.960764256335525424e-01
-4.450733907514352605e-01
-4.964462775330650834e-01
5.356501846513914700e-01
9.950518191596227080e-01
4.164930037409479979e-01
-3.438334065485508795e-01
3.925850999347023640e-01
1.000000000000000000e+00
4.657754591656244614e-01
4.952092432657566601e-01
-2.928335059863427792e-01
-4.115571042773495947e-01
4.006076564624885261e-01
4.144790913775524555e-01
3.578180603270166849e-01
-6.800557771089484893e-01
9.989112689749738427e-01
5.935804761518646000e-01
-5.001681407534808166e-01
-1.974532982974588347e-01
1.000000000000000000e+00
7.424552293225585853e-01
4.492040281151786774e-01
-4.059803054225341601e-01
2.902819946123418315e-01
-2.894730619761487489e-01
4.164930037409479979e-01
4.164930037409479979e-01
-9.950518191596227080e-01
4.164930037409479979e-01
1.798367161896493593e-01
4.150334380113407384e-01
-1.000000000000000000e+00
-2.712532345151619229e-01
7.145757953434228593e-01
-4.350597591657630048e-01
-4.164930037409479979e-01
2.249613251617885168e-01
9.210238437964793912e-01
-7.031076392379732587e-01
-3.464539493686530358e-02
-1.000000000000000000e+00
-2.321015645920594395e-01
5.466239627897827580e-01
9.710507174619014137e-01
-5.001289381719712379e-01
-9.857483304151281045e-01
-1.268736731613147040e-01
6.833492384539023856e-01
-2.793317895861131550e-01
4.164930037409479979e-01
-3.257392099945043418e-01
1.000000000000000000e+00
3.082280056128650081e-01
-9.835873569322077792e-01
-9.479857310034645046e-01
-8.860617916620354695e-01
-1.000000000000000000e+00
4.128043217637822337e-01
6.914184408281482952e-01
1.000000000000000000e+00
-4.164930037409479979e-01
7.490796822053950033e-01
1.665529176294989755e-01
6.872719469392195579e-01
-3.170490522507611875e-01
-9.720856387613243665e-01
3.051548864511095527e-01
-3.176269777268500016e-01
-1.000000000000000000e+00
6.339966188207568631e-01
4.164930037409479979e-01
-2.044025026521960609e-01
-5.742718262999153556e-01
4.161602147997971457e-01
1.686296292530044261e-01
8.571067410681092458e-01
-7.779394656408791242e-01
-3.860171819178233044e-01
1.705120262309938184e-01
6.628807050407481416e-01
3.400895127777880944e-02
4.164930037409479979e-01
-2.150847469360974706e-01
-9.792064870243544217e-02
-1.000000000000000000e+00
2.060513961390879611e-01
-1.000000000000000000e+00
3.196429769719267844e-01
-1.000000000000000000e+00
-4.164930037409479979e-01
-4.161028202239296370e-01
-4.164930037409479979e-01
-5.883016254171277160e-01
-9.977606406874184319e-01
4.719938388090794135e-02
-1.000000000000000000e+00
2.620101746006879839e-01
3.023439432818795236e-01
-4.164930037409479979e-01
4.433511705463967223e-01
-1.290053919732088161e-01
7.208676538628683295e-01
-1.541113222055034981e-02
-7.682300096137169021e-01
-1.274141926334344532e-01
-8.798620237773145947e-01
-2.560391975850545565e-01
-7.067349692989208787e-01
-2.525106916059296491e-01
8.904760249097440905e-01
9.689083812891462477e-01
4.331932974475588560e-01
3.121371388291911964e-01
-2.424337384273523854e-01
-4.164930037409479979e-01
-5.141096411563108592e-01
6.146876205377711511e-01
-3.278165726920976297e-01
-4.083102787582093551e-01
3.717261688785820084e-01
8.796115289217141253e-01
-8.087250652298180742e-02
-6.633320948278632612e-01
4.161935154419240668e-01
-2.775384997705253598e-01
4.164930037409479979e-01
-8.614542251700572084e-01
4.149155287897474675e-01
8.204182334728034043e-01
1.000000000000000000e+00
5.623035710855293079e-01
-3.698400982238029266e-01
-4.143903591926572094e-01
-4.492503221436429106e-01
3.736511324886616636e-01
-5.368220889661350359e-01
-4.154349451940717586e-01
-8.887495538745477930e-01
-7.814356594673461665e-01
8.905249572801942071e-01
-5.849728275829713109e-01
9.378009284944917034e-01
-1.000000000000000000e+00
7.534021959539231039e-01
-2.541252281291813686e-01
-4.164930037409479979e-01
-6.893837053331186571e-03
-7.086854479045373578e-01
7.874971148043506952e-01
9.491070728798500777e-01
5.398820915757651662e-02
5.680699663781496600e-01
4.164930037409479979e-01
-9.917932652964625007e-01
8.386485301750604693e-01
4.115448229005707059e-01
6.424270239719394038e-01
1.551685104495712508e-01
6.466163096145838285e-01
1.717197061510366551e-01
9.950518191596227080e-01
-1.000000000000000000e+00
4.687553743792706173e-01
4.164930037409479979e-01
4.164930037409479979e-01
-7.585164371041416276e-01
-5.775395285570630310e-01
-8.243751430616641507e-01
-9.973858161634766573e-01
9.950518191596227080e-01
5.760701157984189358e-01
-9.958724077180428624e-01
