-4.877706024707282317e-01
2.049813067396882849e-01
5.614377084837732790e-01
7.335253975913047508e-01
1.000000000000000000e+00
-1.194456505618620989e-01
-9.277327683402902814e-01
-6.055890675035359161e-01
2.478341040273877860e-01
1.114209533196441892e-01
5.518560217079100383e-01
-6.753847486864270611e-01
7.906693362316999374e-02
3.004804991890221988e-01
-5.091741991436559145e-01
1.245812749240328560e-01
-1.556633049804254931e-01
-8.685759634901406567e-01
3.023632932235467141e-01
8.805530018057117214e-01
4.426165928674251349e-02
-7.779534240831431635e-01
-9.987187760855494867e-01
-4.663397073544235383e-01
2.103641027615650305e-01
1.492954212554306048e-01
-2.757210979061645029e-01
-4.252561857034518611e-01
6.209054118139252232e-01
-4.124932453242095010e-01
9.140807612270418492e-01
8.436897318086471476e-01
-9.588414182789741780e-01
-1.960354982685468539e-01
-6.433071668140347144e-02
-1.000000000000000000e+00
7.685378451615418882e-01
-5.749778616843440604e-01
4.994547729751630527e-01
5.607718406544632828e-01
-3.644524690095737873e-01
-2.581274379414978948e-01
-9.688625033591253821e-01
-9.118337365528123017e-01
-1.963716653300139336e-01
4.951817109838068109e-01
-5.622778337457945419e-04
2.623446315085287139e-01
1.000000000000000000e+00
-9.092084160452491570e-01
-6.863272429997624435e-01
2.540905624436423094e-01
-9.798113055209077549e-03
3.791605032539162035e-01
4.952426315234061405e-01
2.772433894420880396e-01
-4.544962078603620448e-01
-7.772444753775895609e-01
3.276759254539108879e-01
-1.689256029225609246e-01
-8.169023263732958506e-01
5.269769381340053682e-01
-3.681175242020240379e-01
5.135435503078298325e-01
-2.958738853214537556e-01
-1.163852205707213150e-01
-1.000000000000000000e+00
9.595401103472248616e-01
6.327939747928339465e-01
-9.186254915153374556e-01
1.128280658944297299e-02
-2.797108572880647737e-01
6.731656707849154042e-02
9.947466677204731544e-01
9.767215821696969558e-01
2.727308567309595366e-01
-4.498370658161849889e-01
3.098361217700780490e-02
-3.179189288952499193e-01
3.481190335304951838e-02
-3.174876369087015759e-01
4.791776049100526791e-03
5.264581672016439562e-01
8.962232191975616491e-01
-2.167392287089561775e-01
8.158711149640412996e-02
4.323842565554206763e-01
-9.412502116064305202e-01
9.102113727636566010e-01
-8.251545837332621147e-01
-1.000000000000000000e+00
-1.465949218356855099e-01
7.826169346653243375e-01
9.917210115473378274e-01
-8.196181006738316732e-01
-9.513835264466141695e-03
-2.387810367339872064e-01
-2.017376237177835596e-01
2.276021455646856650e-01
-1.000000000000000000e+00
-1.713996474584660867e-01
3.677716457966373476e-01
-7.085240877851533003e-01
-7.907216572646145192e-01
6.158469743052282785e-01
6.908712854206103815e-01
6.055426053449175505e-02
1.000000000000000000e+00
-3.419477789032601134e-01
-2.535077827524110372e-01
-1.513994051968892141e-03
5.143610533305366106e-01
2.497965387003032445e-01
9.956202174103170321e-01
2.106392418743343459e-02
9.338593859471960856e-01
-5.076308772087206878e-02
3.503132334769409190e-02
-2.001268766629379636e-01
7.642656311531412783e-01
-9.935034706246010927e-01
1.000000000000000000e+00
1.545828119389912325e-02
7.912324648547955919e-01
2.866992892364655932e-01
-8.249835135147188803e-01
-2.135996128855170706e-01
-2.963194574214674804e-01
-3.096356193834455262e-01
-7.296603789898611359e-01
-2.167150257982026207e-01
2.970883311176621966e-01
-8.290907429579565946e-01
8.775085509670375039e-01
2.626366336695031833e-01
2.188451748796111374e-01
-6.922970813225177711e-01
6.848080839785922191e-02
-8.421928028262362087e-01
-2.102565927726427752e-01
2.708425891994236667e-01
9.430553292518562003e-02
6.252355934068694054e-01
-8.468789667618703554e-02
8.198350025312849121e-02
8.811543436033944521e-02
6.352603355848362998e-01
-6.195941064326663250e-01
6.527856774899155612e-01
-4.485506405489786408e-01
-1.838636776441107124e-01
4.535906163169863836e-01
3.022570955290432293e-04
6.272326390206421909e-01
1.066199081555529449e-01
-3.439124134152978796e-01
7.852066599880718201e-01
-4.845468781634088007e-01
-6.599529585098322659e-01
-9.422516644498293847e-02
-9.821901070725742589e-01
-2.602240585176217591e-01
-3.797971889188375694e-01
-3.795675754729377349e-01
-1.111239089544666520e-01
1.000000000000000000e+00
-1.230529293134854929e-01
-6.696657562124350149e-02
-8.082886192525126079e-01
-9.250545333969846240e-01
4.826327089077295240e-01
1.000000000000000000e+00
6.283280723215255437e-01
3.726199396054930002e-02
7.321924752275020820e-01
3.609524862576451443e-01
9.944695631949341807e-01
-3.889011823218431751e-01
-1.716291239657165291e-01
8.870863670904322040e-01
-6.341921791496684113e-01
-2.361782504561905083e-01
3.072393203953067142e-01
5.757351450294094786e-01
1.433525448986738837e-02
-1.584253663103666887e-01
4.729809057194452881e-01
5.617323929231229362e-01
-8.815371336769753929e-01
-7.458462311618355711e-01
-4.183991249858193817e-01
5.628431772775247532e-01
9.341684537450550829e-01
7.514364656077640037e-01
6.548324799251326045e-01
-9.375168838223555401e-01
-4.732682024787491781e-01
-8.842569320405110345e-01
3.133685233850357355e-01
-5.009159168399377610e-02
1.679973807653052376e-01
-3.689245344206991684e-01
8.087744726634803483e-01
-2.602050397380934466e-01
1.025848299794682728e-01
-2.205750708000338289e-01
-4.926127968713592264e-01
-3.475552054677174540e-01
1.000000000000000000e+00
1.047161679965051828e-01
-1.299802000920768918e-01
-3.917126971047149020e-01
3.815178929055351720e-01
-4.261453203906832021e-01
-5.951990934578553494e-02
-6.785227541346552371e-01
2.625420076124139745e-01
-5.073609792840200194e-01
-4.974168179554802061e-01
7.434132713045085161e-01
-6.414038898178456849e-01
3.659844378947085808e-01
7.692255816288006143e-01
5.682121454899249358e-01
-3.270871483638484456e-01
-4.679683740632156752e-01
-2.492491842857047502e-03
4.420768842414841138e-01
-9.710562445446359048e-01
8.047633482412162031e-01
-3.379011519612732939e-01
-3.453521577557069899e-01
-3.097895314872823880e-01
4.942837452069955284e-01
-6.190673608619112755e-01
4.008245069790569715e-01
-1.482571868364090939e-02
9.562322281493059739e-01
9.184437311305446716e-01
-1.072444176841193808e-01
2.141778534113678578e-01
8.062245191203551986e-01
4.225711626585395564e-01
3.353986244691971597e-01
2.990626930877224865e-01
-8.492897552577236553e-01
9.453762545597760303e-01
-2.185182015557571855e-01
5.532339899957199325e-01
-1.743455632339661887e-01
-3.114725775565054811e-01
4.601611826179539677e-01
-3.179351145010113067e-01
4.044957772089727843e-01
1.000000000000000000e+00
-5.799389609845672089e-01
-4.035388120795906086e-02
5.955239802459778853e-02
4.173929126217838098e-02
6.822464951701497915e-01
-1.117439224330812886e-01
-3.263773019546001297e-03
-9.594601010240652039e-01
-6.872806093928756077e-01
3.424427211569484597e-01
