-2.789840276804251840e-01
8.594666045455433556e-01
-5.319986586665693684e-01
5.715296413836502554e-01
-7.206971652009599438e-01
6.974189169477765793e-01
-2.552368141219326647e-01
-1.804616870169641896e-01
-2.989258875628244549e-01
-9.356879190945584235e-02
-5.621369316882098705e-02
6.651325161280202680e-02
-3.078878414706534006e-01
-1.491557150974424650e-01
-1.295768996233574999e-01
2.965607133599454381e-01
7.126452838357838493e-01
-8.506005924113576588e-01
-8.993219548029404153e-01
-1.000000000000000000e+00
8.097691946688420073e-01
-6.527624130808119540e-01
-8.943172821239347980e-01
-3.888816568064422108e-01
1.796120637563553002e-02
-3.417126231499671013e-02
-3.410077501906317310e-01
-6.633009361334899490e-01
3.708185505220012446e-01
3.367963355431881634e-01
3.923601068600439667e-01
-8.084133757588867208e-01
-1.731100741071991134e-01
-3.835659735139391180e-01
-5.872925087816265322e-01
4.664328793435575382e-01
1.590761327436093220e-01
-9.798768919437386149e-01
2.752084215724273641e-01
4.933526822611808971e-01
-2.771096216210559016e-01
4.964759935821516645e-01
-5.080455779751273937e-01
-8.241945966363956044e-01
7.092109020476334846e-01
-2.376539314827174343e-01
-6.893507301562380729e-02
5.318157869544754002e-01
-3.203732142288689966e-01
1.493983173555238908e-01
5.431332421434904578e-01
-8.857914817251311135e-01
3.641278175167284581e-01
4.726519788496999497e-01
8.392163252209121627e-01
-7.474533738351089029e-01
-7.154043027664612753e-01
5.847650330854754497e-01
-6.777592726201565609e-01
-6.132894506065159623e-01
-1.462888109399546055e-01
-8.641218637961294302e-01
-1.058873724051395265e-01
-8.203116379490009435e-02
-1.190688417170408381e-01
6.524897995963726549e-01
-2.400181023014477666e-01
-2.435955657277995845e-01
-5.769593404716559792e-01
1.000000000000000000e+00
4.138432086434380708e-02
-4.778472857189958178e-01
-2.103443483111735457e-01
6.367148069675034883e-01
1.011278091902645671e-01
-4.870472364614900629e-01
-4.225657470775046609e-01
-6.726441763655426342e-01
2.986006553298282684e-01
6.258838789087450838e-01
4.319461665902344927e-01
2.148130094822874037e-01
-5.455265676788045165e-02
-2.530972742031836198e-01
-1.000000000000000000e+00
2.886616971782278718e-01
6.352051883420990475e-01
5.713618382897818204e-01
9.135173886250216313e-01
-2.862214543802041322e-01
-3.959304822090372600e-01
-1.000000000000000000e+00
8.327654700040073577e-01
-6.608023543187635518e-02
-3.903413556364496717e-01
-2.977981982808781125e-01
1.727289401405619762e-01
-8.462834280385599373e-01
-1.002370545258595286e-01
-9.333599239929126767e-01
-1.000000000000000000e+00
-5.526078119992239301e-01
8.295347059640396925e-02
-4.006943366442698995e-01
8.224217222056274812e-01
2.346388149855212768e-01
-2.944499777887673586e-01
-2.650590782607538665e-01
6.538902957911643665e-02
-4.175674895339789305e-01
9.076406698017078778e-01
7.662811828370592604e-01
-5.548927769397716814e-01
-9.450055981399402283e-01
-5.544074167323730373e-01
6.213090515051806761e-01
-1.839624885162396695e-01
-1.000000000000000000e+00
-6.793565599786876019e-01
-7.561206533199840152e-01
9.938487515302827369e-01
-8.974578036934124370e-01
5.864834944367416369e-01
7.427964078797657521e-01
7.084591373672515235e-01
-4.248563773995409076e-01
-4.722414875416101054e-01
8.204680769235046522e-01
1.349719676403391411e-01
2.647456553069053031e-01
-7.286131774290979246e-01
6.264165012702583857e-01
-3.445645116137462938e-01
-6.554999949354137767e-01
5.297119273342199008e-01
-4.116584693935823047e-01
-4.356285032301041582e-01
-3.786894416492103121e-01
-1.645042381772769957e-01
-9.113589983710958242e-02
-8.511010536883162336e-01
-2.227996255861770455e-02
6.095682490368821149e-01
-6.175896702169677566e-01
4.077807622776542518e-01
-7.663239765168297080e-01
1.943985468441689346e-01
7.737633902319753787e-01
4.806901855162735299e-02
1.293625323681950878e-01
2.070889141594391691e-01
3.664213052388564651e-01
3.441038833435384192e-01
-8.173947781860614326e-01
8.486662068292903927e-01
1.810473355258600814e-01
-3.304360357390846020e-02
1.000000000000000000e+00
-9.751295066090552577e-02
3.928532939686802949e-01
-8.402616846838880660e-01
1.681860550384179642e-01
-1.195648837621330896e-01
8.018446050134985237e-01
-2.168418483411614917e-01
-2.699060223629073940e-01
-1.094736164383807581e-01
-7.062778389373359778e-01
-5.436992926500039403e-01
3.173549917273629090e-02
-8.045145235833526254e-01
-4.087757472921222379e-01
8.152759580759161295e-01
1.941811496311779961e-01
2.672678391268801801e-01
-2.668340778474257435e-01
3.843481839379100373e-01
7.077019608220885827e-01
5.208068314769225271e-01
4.899289349372164537e-01
9.248261708230343103e-02
3.429970859658128535e-01
-4.533577925121641261e-01
-1.437895394018960105e-01
7.553951963751476262e-01
3.852235146724417580e-01
-6.584440016475840984e-01
-5.102108860514401600e-01
1.912295847063275600e-01
6.980506726891784197e-01
4.234826221029890370e-01
5.907203145388673082e-01
-4.336403528621246561e-01
-3.981529259003679933e-01
2.499297467686519836e-01
5.535224214435365830e-01
1.000000000000000000e+00
4.765180275977888291e-01
3.243448551316785444e-01
7.110464418078284998e-01
4.854022744508843523e-01
-2.810483644536829195e-01
1.879075204602528165e-02
1.373171860174034198e-01
-4.764114908470779564e-01
-2.909318480183056832e-01
-2.098874728899791098e-01
-5.971035542107788752e-01
5.628104117186319977e-01
4.407071305915177817e-01
9.452703943085539739e-01
8.606401282460436619e-02
5.311578803390483161e-01
7.914125580694960638e-01
-3.350046848557306500e-01
-7.780529372890632178e-01
7.625948263077583222e-01
-6.395178791365827564e-01
-2.565816849674401254e-02
8.299211400756725809e-02
9.626750761904855347e-01
-7.559349889255541077e-01
-4.075038997651624917e-01
7.697820384219080658e-01
2.243285450195495745e-01
-4.218122804611307286e-01
2.602653754032426825e-01
-9.411724559976276661e-01
-3.654209766794626058e-01
-8.479639032761944473e-02
7.518871669128152080e-01
-9.387741395274606937e-01
-6.482145065443886134e-01
9.786040077245607982e-01
9.091698634933965684e-01
-1.000000000000000000e+00
2.212918453869762159e-01
1.000000000000000000e+00
7.708093644734751448e-01
5.034703364087022015e-01
-1.089572175996889880e-01
-2.979812828616497378e-02
8.027027772334998090e-01
-9.215092895501505454e-01
2.496050308972874443e-01
8.653823596410163965e-01
8.023608963562692820e-01
-7.083306013342020035e-01
2.834266779840126649e-01
-2.769175060396439347e-02
3.782576359527995424e-01
7.440930020706016945e-01
3.222444124030965917e-01
8.365124057179135209e-01
2.827083663010913628e-01
-7.309466671412816474e-01
-2.736661932666949459e-01
-4.991959180969169907e-01
3.267792609476815047e-01
4.700770518592004565e-01
-2.947220094522052802e-01
6.832825029634561620e-01
-2.797010754497815041e-02
1.688048099926815482e-01
7.237848306883554184e-01
