-2.771023730929316198e-01
-7.216571808134399080e-02
3.967624076517440312e-01
-7.369405834299308511e-01
6.211941918222245729e-01
-5.383813943429662796e-01
1.845606000181774231e-01
1.127546713244343135e-01
6.474565082209576827e-02
-3.787839090363630534e-01
7.922699885841848477e-01
-1.000000000000000000e+00
-9.300097702639373853e-01
4.622136028187855822e-02
6.301025557061873394e-02
-1.131598107356276972e-01
1.920351431987381563e-01
-2.441167196938121287e-01
1.740946868510736267e-01
-6.648150973398962715e-02
8.585639625128148600e-01
6.712973000789556055e-01
2.071758519017569689e-01
5.565065368762249776e-01
3.587101438220268723e-01
5.357570252902011942e-01
-9.500728693463861285e-01
7.118414617357918805e-01
-1.075251526158309323e+00
7.972672219205986233e-01
-6.295506604013662022e-01
1.836453154251775355e-01
-8.033557784231212251e-01
-1.039052907750706578e-01
-2.079042573211715983e-01
-5.510066004759754943e-01
2.937453671141327383e-01
5.743289983519014319e-01
2.283260204089355705e-01
7.530105282183798820e-01
4.903948895425161436e-01
7.442355794953263715e-01
1.807285102289315770e-01
7.072899669531821365e-01
5.063558182752146974e-01
-3.381416811144985490e-02
1.140178584370074688e+00
-1.407230013410492919e+00
1.076764704278760226e-01
-8.406316612683558676e-01
9.351147199154017375e-01
5.831845826078008166e-02
3.186856718543425449e-01
8.629126164573178714e-01
5.802707698666970115e-01
-1.000000000000000000e+00
-4.564532427329319741e-01
9.912677013292097161e-01
7.697911730230168059e-01
-4.669382679148619819e-01
5.843082337036134000e-01
6.424488534428810516e-01
7.631203587258553744e-01
-2.647147935416986342e-01
7.005071071981511244e-01
-4.425401347802602747e-01
-1.012048154118702081e+00
7.403249545383714381e-01
4.512165743312948063e-01
2.492315351242646582e-01
-8.407549364402966408e-01
-5.262869319625749220e-01
2.354948848434852346e-02
-7.659540990113206105e-01
-7.951868914874858918e-01
3.658466516852053041e-01
-8.295466068395382364e-02
1.073465853088531180e-01
2.944579710482959634e-01
3.215741843787417453e-01
-1.000000000000000000e+00
-4.977384156655264014e-01
5.281156768505554933e-01
-5.903701056709227402e-01
1.053386318733048332e+00
3.852405383133022942e-01
4.027266416584633357e-01
-9.873810337447859187e-01
-5.339400582084730118e-01
4.308956476300911942e-01
-7.485459856197164419e-02
-9.848253938880958680e-01
-7.102647672054215322e-01
3.613936990566911645e-01
1.024474494368860178e+00
-9.882670452511130854e-01
-6.211877947390592042e-02
8.101044202391072258e-01
-7.180678543593026486e-01
-7.453309474181717409e-01
-1.069287468894020376e+00
-2.380229977036651678e-01
-5.794398997057520484e-01
-2.301183575817837557e-02
2.202011993832604375e-01
4.908734202120789702e-01
-1.158288909013740708e+00
-5.862150846405499438e-01
1.669661013548747741e-01
1.000000000000000000e+00
-5.461253433060668794e-01
1.000000000000000000e+00
1.020833648548110512e-01
6.369083990974692133e-01
1.262199766183336402e+00
-1.629213076886383060e+00
9.137705500669871528e-01
-6.545716574626196660e-02
-2.839557691889900148e-01
-1.674663159921554179e-01
-8.785831063499593974e-01
-1.672206048494026820e-01
-5.889395603041233107e-01
5.855410102016189722e-01
5.906916334145968506e-01
-7.026814411872150945e-01
-3.385288506695544597e-01
4.085609013994837002e-01
1.237156691680280085e+00
-2.557972088229232277e-01
-4.851556157133679048e-01
4.925515208548317259e-01
3.953629400629444235e-01
6.653703569470666990e-01
-8.053971424349470887e-02
-1.422447026550799631e-01
-8.010291252040262489e-01
-3.126636246851775547e-01
8.950634912814601218e-01
-2.566217657350483017e-01
1.641610770899076810e-01
5.416448059072924703e-01
2.149627042594507431e-01
-1.300152599229008388e+00
2.661631617576176168e-01
-8.572947713064292818e-01
-4.683051691735179434e-01
-1.657150515819153069e+00
1.939880714657460370e-01
6.306101362166108837e-01
-2.049663973754590751e-01
-2.062177912956876802e-01
-1.946361413100491655e-01
9.478299118268066481e-01
7.294382620734944922e-01
1.577329804160058913e-01
2.835727849641175302e-01
-3.432485659950524903e-01
-1.262086523210629030e-01
-5.945434114983638718e-01
-4.704393204347109836e-01
6.566962124630635333e-01
-9.629060429870536786e-02
-4.348766635481791099e-01
2.999394159608463339e-01
5.353756690403344010e-01
1.180415274657795055e-01
2.421474952554831805e-01
-8.444404423771763035e-01
2.781673371621965971e-02
1.000000000000000000e+00
5.522138300364312080e-01
1.004540767448306671e+00
-6.911307709865182058e-01
-4.492791130832058388e-01
8.579230198470479962e-01
6.796712741826705928e-01
-8.295793436997846992e-01
-2.298041318201096694e-01
-9.245717110766130675e-01
1.420084277654225957e+00
1.308289963643196330e-01
-2.948009559613090080e-01
-7.985893859677720696e-01
-5.902938352857353133e-01
2.417823533819111192e-01
-1.154459636902058328e+00
-3.174821628740286117e-02
-4.173914549489355363e-01
4.384454061898626076e-01
-1.515823616861699738e-02
1.041787963152615015e+00
-9.063302883146927558e-01
-3.433507191842191664e-01
-2.747386621516904048e-01
3.554597990031972965e-01
7.837399566374759763e-01
-3.334587877664549893e-01
2.348617204794266611e-01
-9.856942813022564476e-01
-8.175239847608921639e-01
4.774266394595940710e-01
6.399581734917123566e-01
-1.000000000000000000e+00
5.635176272692400679e-02
-1.630529765822413824e-01
-6.288673436286453811e-01
4.327162556251876735e-01
2.651864108335604264e-01
1.658396287518567047e-01
3.075498311341836599e-01
8.707957445832537058e-01
-9.107349332733501168e-03
6.340072130286823482e-01
-9.653191448911581096e-01
3.812951332484503797e-01
1.103164243958879576e+00
-2.869315585351145392e-02
-5.107509188842087600e-01
1.442709727980823198e+00
-9.100776876990325226e-01
1.511689346468179762e+00
-8.311118214365000867e-01
3.224125163310519876e-02
-2.125616691994379748e-01
-9.891858810284023251e-01
5.655323122139391812e-01
-6.530904737135980742e-01
-5.809335332519030004e-01
-3.067340602433655805e-01
6.564888535206375719e-01
-1.074590906522569951e-02
-1.783888979550994347e-01
6.387564074365439382e-01
9.850857901946067363e-01
1.362806787137443333e-02
-4.779340027335708396e-01
5.706812913139953647e-01
4.230889935099205190e-01
8.798717626485281773e-01
9.150825074129306236e-01
2.200429034543548712e-01
-4.224297806868478888e-01
-4.618407333887763477e-01
5.793016469145201297e-02
7.613992627224773768e-01
-9.205789162575280793e-01
-4.365061333240450869e-01
8.958673796215654850e-01
8.821595563395419060e-01
3.696446747483375095e-01
6.637872937837091536e-01
8.408666177058005120e-01
-3.117802504922098095e-01
3.499688570990563963e-01
-9.105588967269825362e-01
1.131846618095537355e-01
1.000000000000000000e+00
1.004535141896646805e-01
-1.594921616733431247e-01
1.360550838921467109e+00
-3.242644882344921653e-01
-7.012756005654809111e-02
1.339386674286129786e+00
-1.237360523274805502e+00
