-2.692763622258420586e-01
-3.661939923738994906e-01
8.116717817008735070e-01
1.280276029302271912e-01
-6.917979919101167052e-01
-1.000000000000000000e+00
6.841729152676534476e-02
-1.000000000000000000e+00
-6.778863186085126724e-01
1.000000000000000000e+00
1.728004212849148236e-01
-6.983515630193282142e-01
1.000000000000000000e+00
-1.000000000000000000e+00
-1.000000000000000000e+00
-1.000000000000000000e+00
8.320881316160493313e-01
8.022581428536416093e-01
-8.361535938379592858e-01
-7.488800497976109138e-01
1.000000000000000000e+00
4.649774139749748847e-01
-1.000000000000000000e+00
-3.946200761884048891e-01
-1.000000000000000000e+00
-1.000000000000000000e+00
-7.939215479896402083e-01
-1.137376878398151381e-01
4.215319886322296816e-02
-2.900646398311788055e-01
4.316114646559608969e-01
-5.438090502672356941e-01
-1.000000000000000000e+00
-4.094513156842760626e-01
-6.240616738540701869e-01
1.000000000000000000e+00
-5.542684668783647295e-01
-4.371614252080034402e-01
-1.837964936460472209e-01
4.385764153530713472e-01
9.871607441128061877e-01
-4.255459911494081648e-01
-7.797395151577420913e-01
1.000000000000000000e+00
3.909334401441720841e-01
-5.489021052128860712e-01
-1.000000000000000000e+00
-1.000000000000000000e+00
4.522518029367510461e-01
-1.000000000000000000e+00
-7.791051928894219269e-01
-6.785469722343252519e-01
-6.472000130030943765e-01
1.000000000000000000e+00
-8.004734827822397314e-01
1.000000000000000000e+00
6.271625653632579844e-01
1.000000000000000000e+00
-1.000000000000000000e+00
-1.000000000000000000e+00
-2.321476657438310554e-01
1.000000000000000000e+00
1.000000000000000000e+00
3.576661440801265357e-01
-4.733173245437365395e-01
7.627220082032125648e-01
-1.000000000000000000e+00
6.398237552506624848e-02
2.645449730343353290e-01
1.200106603727108534e-01
-5.253355688317942196e-01
-1.000000000000000000e+00
-1.000000000000000000e+00
-1.000000000000000000e+00
-5.461524598396967356e-01
-5.438090502672356941e-01
-2.049086553245555997e-01
-1.000000000000000000e+00
7.151978422422313741e-01
-5.190326514587968454e-01
3.290399317230078280e-01
5.633142899568700512e-01
7.447590196574872534e-01
-4.084536112077079562e-01
2.651000531084569678e-01
-2.989359232605292571e-01
3.006798965086903141e-01
-1.245396390027575517e-03
4.106344994915998026e-01
-9.566194670256286114e-01
2.938061457353934314e-01
5.438090502672356941e-01
-4.317555893528258193e-01
-7.630337155776341085e-01
7.000215637965895299e-02
1.000000000000000000e+00
7.555252862745492903e-01
9.328433541934999518e-01
9.310760896121295094e-01
4.930184785728362051e-01
-6.321282413225448593e-02
7.160679614425893291e-01
4.756760111887688991e-01
-2.604882741494443099e-01
6.059838042998688667e-01
-1.000000000000000000e+00
6.090645018254378096e-01
2.057819108908364725e-01
9.322902947325274470e-01
-1.000000000000000000e+00
1.000000000000000000e+00
-1.000000000000000000e+00
-4.465015966426679750e-01
-8.525824405929131045e-01
-9.016451303511044957e-01
-1.606462054971438125e-01
-8.963563552371710541e-01
1.000000000000000000e+00
2.735595988757646424e-01
-8.317090532141284687e-01
-3.533165256352410744e-01
1.000000000000000000e+00
-1.000000000000000000e+00
-1.000000000000000000e+00
-1.000000000000000000e+00
-3.763169932968390974e-01
-5.600951612427577109e-01
-3.116902432189445626e-01
-1.000000000000000000e+00
2.551560548580709131e-01
5.967104365442774672e-01
1.030294214981642975e-01
-7.937596632743442182e-01
1.000000000000000000e+00
-6.336533385042171229e-01
-1.000000000000000000e+00
8.712335388920334767e-01
-1.126941577923668003e-01
-1.000000000000000000e+00
1.000000000000000000e+00
1.000000000000000000e+00
1.000000000000000000e+00
1.000000000000000000e+00
-1.059439333230323688e-01
-2.860720243284359809e-01
6.324937201143772114e-01
-1.000000000000000000e+00
-3.991199990155406274e-01
8.765098483463272805e-01
1.000000000000000000e+00
-8.364593140605058874e-01
1.000000000000000000e+00
8.536331160426229303e-01
-4.670963970727546322e-01
1.000000000000000000e+00
1.796074301486820790e-01
1.000000000000000000e+00
6.370148604026897310e-01
1.000000000000000000e+00
7.679467029414691615e-01
8.404240008730625711e-01
7.115351525049038450e-01
-7.874277301244446692e-01
4.490829699492909777e-01
-9.792097501785125280e-01
1.000000000000000000e+00
5.174274960012106295e-01
2.505725049300793206e-01
9.672714261126716950e-01
4.049366481186763567e-01
8.421501789657627191e-01
3.225450422918034743e-01
-6.929127385186226729e-01
5.438090502672356941e-01
-9.857885343609023021e-01
5.743375181098548943e-01
8.116664077298115787e-01
-1.000000000000000000e+00
-2.494724333224903334e-01
-2.412857475775341265e-01
4.733219597002972234e-01
2.147936114711990196e-02
4.390833850979994346e-01
-9.796863291498272286e-01
-8.695132800971228093e-03
-4.014691587685171315e-01
5.438090502672356941e-01
-4.438651743507885383e-01
8.026867225313827348e-02
-1.000000000000000000e+00
1.000000000000000000e+00
-3.494904120136022585e-01
-4.222773527478214106e-01
4.971466504754542548e-01
2.508912831551799449e-01
-3.536782469074681856e-01
-1.000000000000000000e+00
6.571642477011079286e-01
-1.000000000000000000e+00
1.000000000000000000e+00
7.657953399022708885e-01
1.000000000000000000e+00
6.909351595177655181e-01
-1.000000000000000000e+00
1.000000000000000000e+00
-5.438090502672356941e-01
5.438090502672356941e-01
-9.807224220728585351e-01
-1.000000000000000000e+00
6.089644126031084070e-01
5.356932245068222187e-01
-5.390416200145540238e-01
6.421595370244732592e-01
1.000000000000000000e+00
9.095971984054116444e-01
-7.380945401987423216e-01
1.837408179062693936e-01
7.683038946785252232e-01
-6.359423375332735606e-01
1.000000000000000000e+00
-5.438090502672356941e-01
-5.058790249716736964e-01
-5.086118089737023951e-01
6.945045067702342312e-01
4.297708747773737459e-02
8.682412788994653408e-02
6.217952779292136301e-01
5.937652095640952865e-01
-7.596238542397126814e-01
5.657761264581433469e-01
-1.959484058196721001e-01
1.000000000000000000e+00
1.000000000000000000e+00
6.532401272009794591e-01
1.000000000000000000e+00
-1.000000000000000000e+00
7.746644175560877255e-01
1.000000000000000000e+00
-8.431780475239736283e-03
-2.197339924759907914e-01
7.119065402041362400e-01
-1.000000000000000000e+00
-2.817550104661343813e-01
1.000000000000000000e+00
1.000000000000000000e+00
-1.647803811371589267e-01
9.226315775919331497e-01
9.822608710032429968e-01
-5.379604602860826867e-03
-5.198320342007496653e-02
-3.553730979712257376e-01
-1.000000000000000000e+00
-8.082157290703912977e-01
3.472376296379938165e-01
1.000000000000000000e+00
1.479469551953274120e-01
-1.000000000000000000e+00
3.597807108979646507e-01
1.984427688057165406e-01
2.943647456874466661e-02
-1.000000000000000000e+00
-1.398424663638237198e-01
-1.000000000000000000e+00
-1.000000000000000000e+00
-4.581210791354481948e-01
