-7.369168154883882771e-01
7.031073367186033707e-01
-1.000000000000000000e+00
5.496683580914815126e-01
-8.663460848796136204e-01
1.000000000000000000e+00
-1.000000000000000000e+00
-8.812441052954134157e-01
7.836145508819463146e-01
-5.116421697250245204e-01
-8.121657022089102673e-01
-3.099857068943827620e-01
-1.688287945569822146e-01
-3.623961781956370753e-01
-9.839323582694754489e-01
1.688833110372425228e-01
5.073563759912846916e-01
1.000000000000000000e+00
5.088220825096401168e-02
1.000000000000000000e+00
6.313851904900613654e-01
2.130994661906190357e-01
-1.663789324614320386e-01
5.671146502880296536e-01
4.665077763823202717e-01
-1.000000000000000000e+00
8.891000515009299665e-01
-9.411336391153362069e-01
8.099772726845949622e-02
7.184713436059175784e-01
2.489696506242124185e-01
-4.396030777410682155e-01
1.719508304548374999e-01
4.149022390044961317e-01
9.479131300805732074e-01
-8.143200106439729691e-02
8.197985349168745994e-01
-6.706744112685880665e-01
8.452005703855324237e-01
-2.464123322981536524e-01
-1.113975285616819466e-01
-8.097366196747463052e-01
1.000000000000000000e+00
4.858802749336869065e-01
-5.851869516549259576e-01
4.759680325563698799e-01
1.000000000000000000e+00
1.000000000000000000e+00
1.000000000000000000e+00
-1.000000000000000000e+00
1.431280083934960423e-02
-8.075641151339388868e-01
7.423314371173790616e-02
1.000000000000000000e+00
2.836319852054530744e-01
1.000000000000000000e+00
-4.763721819390313028e-01
-1.000000000000000000e+00
-1.000000000000000000e+00
1.000000000000000000e+00
-1.044617224209601347e-02
-7.951112059675687904e-01
-1.239200917400351543e-02
6.572332684754829124e-01
3.009266586558622669e-01
-8.683828247534984834e-01
-7.704942362999978034e-01
4.369759942146533849e-01
2.196784054718506352e-01
4.694242019787528974e-01
7.795243877520338094e-01
-1.000000000000000000e+00
1.015247449644633149e-01
1.000000000000000000e+00
-1.000000000000000000e+00
-1.689160790573408233e-01
1.000000000000000000e+00
4.624585329461308181e-01
-1.000000000000000000e+00
5.722145748791231945e-01
1.000000000000000000e+00
-4.634201276129569225e-01
-2.991607630383110727e-01
-1.000000000000000000e+00
-1.000000000000000000e+00
1.000000000000000000e+00
1.000000000000000000e+00
2.417299325668974819e-01
4.652685739267974352e-01
-8.971130114336665073e-01
-3.081758083618549859e-01
-9.912410318104268869e-01
2.100246041642641615e-01
1.000000000000000000e+00
6.137699210048567222e-01
4.372059345060949065e-01
9.044689672962114013e-01
-4.224661031712125814e-01
-7.241654412767950522e-01
-2.974147767276591470e-02
3.516774025875459841e-01
-1.000000000000000000e+00
-1.000000000000000000e+00
3.873778035031760214e-01
-3.305589512766887172e-01
-9.725903227024873532e-01
1.000000000000000000e+00
1.000000000000000000e+00
-2.024435164151773825e-01
7.992382689893558212e-03
-1.000000000000000000e+00
3.323635118374201891e-01
1.000000000000000000e+00
-9.571305454129025447e-01
-3.619182529935925929e-01
-4.176128163811923533e-01
1.000000000000000000e+00
7.525315129446149554e-01
6.487215381413549142e-01
-6.899212040282413083e-01
1.000000000000000000e+00
-1.000000000000000000e+00
6.455917518506828490e-01
1.000000000000000000e+00
-1.000000000000000000e+00
-7.637841270646610337e-01
8.925093490607820534e-01
1.000000000000000000e+00
-9.749252350558559321e-01
-3.531063064467617196e-01
-1.000000000000000000e+00
4.462193027538318701e-01
-1.000000000000000000e+00
-4.791470231476705477e-01
9.010585916811007789e-02
1.000000000000000000e+00
-2.273537919890369075e-01
-1.549252492887798205e-02
-1.000000000000000000e+00
-8.322985743192208297e-01
-6.959103053966124719e-01
-9.967029258347815945e-01
-5.312145809134648511e-01
-8.579334992561163942e-01
1.000000000000000000e+00
-1.734143392080828017e-01
1.000000000000000000e+00
-8.220351323611527761e-01
-5.724865999795141214e-01
-3.087920334256268884e-01
8.810372192241462674e-03
1.000000000000000000e+00
-1.000000000000000000e+00
-3.472842071944406417e-01
3.784267196707322700e-01
-8.720401338529850666e-01
-4.728880572534894799e-01
2.224747359700613436e-01
-4.628795095196055476e-01
9.018535401654939054e-01
-1.000000000000000000e+00
8.189353314519290383e-02
-1.872900435057365809e-01
2.327840925387529847e-01
1.000000000000000000e+00
3.477968504590112087e-01
-1.000000000000000000e+00
-5.247092026507387263e-01
-1.000000000000000000e+00
1.000000000000000000e+00
9.349667116339156481e-01
5.908602994463477698e-01
-7.128654274691155202e-01
-9.513750292542518805e-01
1.000000000000000000e+00
-1.000000000000000000e+00
-5.080685632923680473e-01
-6.210066088912637172e-02
-1.000000000000000000e+00
5.086751809045209072e-02
3.742386298456377713e-01
1.000000000000000000e+00
2.922315957436123490e-01
7.603769556598894974e-01
6.694872883005400510e-01
8.361619448985280201e-01
-6.067480565405989346e-01
4.782826998746378955e-01
1.000000000000000000e+00
1.000000000000000000e+00
8.336051739012086959e-01
-6.840398420014467407e-01
3.496449602414741786e-03
-5.795065222373597669e-01
-1.000000000000000000e+00
-1.400423490879652844e-02
-3.999551654701890557e-01
1.000000000000000000e+00
-6.349378300430066346e-01
5.351787979228234127e-01
-4.227351375543313972e-01
3.870400052892796205e-01
-9.522291739392075849e-01
-1.000000000000000000e+00
7.356019543596485910e-01
4.107705496484731489e-01
-9.792510909569578370e-01
-2.175009514298359425e-01
-9.084726443721735656e-01
1.000000000000000000e+00
-1.000000000000000000e+00
4.669726342274109765e-01
-9.315768972010363136e-02
8.300275949668227682e-01
1.000000000000000000e+00
-1.000000000000000000e+00
-6.278491751631409823e-01
4.711177813049290120e-02
-5.885355354609328460e-01
-6.664943360281458951e-01
-6.841349141621172469e-01
1.585300127086627930e-01
5.900985238944922440e-01
-8.895272010503415538e-01
-2.215302498723423774e-01
-1.000000000000000000e+00
6.981739934626856048e-01
7.974910397014978169e-01
-3.555366303912483872e-01
4.740032692267839853e-01
7.100722254961011615e-01
-8.962964699463166207e-01
-2.193948209323068332e-01
3.340179269732007628e-01
-1.811751471166384853e-01
-8.510732898271972102e-01
-7.536678465352812939e-01
1.546440533927699312e-01
1.000000000000000000e+00
8.165267679083163532e-01
7.273672297669231401e-01
-5.874509262686589128e-01
7.256275758741883575e-01
8.920409221331313532e-01
4.189507425092403037e-01
-2.062825764812158680e-01
3.180228026664174701e-01
7.500826291407850510e-01
-7.093479556706823175e-01
-8.090917936741117700e-01
-7.529588869406416141e-01
1.000000000000000000e+00
7.735439362471336899e-01
-5.181561535751320058e-01
-4.819066301321794921e-01
-3.221322619228753070e-01
-9.314839842785888058e-01
9.486275829507831991e-01
5.210508636579175290e-01
-9.640845810544078631e-01
-6.667270643924980700e-01
3.069883429830222443e-02
8.206073343994280123e-01
1.000000000000000000e+00
1.000000000000000000e+00
