-1.000000000000000000e+00
-6.664347572267976805e-01
-7.173317881861798195e-01
-1.000000000000000000e+00
-1.000000000000000000e+00
3.869857086018587689e-01
-7.224138845519778585e-01
-1.000000000000000000e+00
8.835679623649748127e-01
9.525066707341419692e-01
1.000000000000000000e+00
1.000000000000000000e+00
5.876299881955731053e-01
-7.661729924493064781e-01
2.065285500896120452e-01
4.676440336805143261e-01
-3.610500991054081954e-01
-1.000000000000000000e+00
-8.723092688328237809e-01
9.997823722992538187e-01
-1.000000000000000000e+00
-5.866593973168362508e-01
-7.571562102807947170e-01
5.027436286912345675e-01
7.823362624617791194e-01
8.452085464210623567e-01
1.538703036868922513e-01
1.000000000000000000e+00
-1.000000000000000000e+00
2.104111458068324836e-01
-1.283424555697147973e-01
-9.732597971224898892e-01
-7.168916983386816044e-01
-3.539131131275594089e-01
7.741751527604610050e-01
2.705560780872502402e-01
-8.550647724008716422e-01
1.000000000000000000e+00
-8.219156987990627883e-01
5.776760711916966162e-01
-8.096137612542657624e-01
-1.000000000000000000e+00
-9.075054213191212638e-01
-1.000000000000000000e+00
7.398445941620457322e-01
-1.000000000000000000e+00
6.426114335365866737e-01
4.954404085778059685e-01
-8.008276636705912166e-01
8.572331491518474511e-01
4.676440336805143261e-01
-2.610327761377757572e-01
-1.000000000000000000e+00
-5.944980356622450723e-02
-1.000000000000000000e+00
8.531386479180848026e-01
5.303511609457389753e-01
6.127701745810948397e-01
-4.826667176939170023e-01
9.866011313144927852e-01
1.025468582124821060e-01
1.000000000000000000e+00
7.590296115555752454e-01
-7.911354154659622218e-01
2.477066253689799713e-02
-7.708092081603699075e-01
5.564182573169418333e-02
-9.312277321992531443e-01
3.860111787757045665e-01
1.000000000000000000e+00
-2.825250504833984877e-01
9.789958295665562860e-01
6.553748396980966229e-01
-1.000000000000000000e+00
4.225079023366540287e-01
9.279727840927980420e-01
4.783343273275498797e-01
4.676440336805143261e-01
-9.983514434728548714e-01
-6.479552937843002791e-01
1.626333002579168630e-01
8.535376915613973603e-01
1.000000000000000000e+00
1.057318483745718907e-01
-5.520875676974095203e-01
-1.000000000000000000e+00
-1.000000000000000000e+00
8.962636238027528179e-01
1.000000000000000000e+00
-2.006819341663872436e-01
1.161706518920981313e-01
-2.268305388515298449e-01
-7.840736306295051916e-01
-9.971376681600532255e-01
7.523526379352983851e-01
6.612479094049352746e-01
-1.000000000000000000e+00
1.000000000000000000e+00
-3.956682003204460840e-01
4.472449469109189835e-01
-9.431104693844414300e-01
5.703815504253362256e-02
-7.291659200873013003e-01
6.118737608341142664e-01
-7.196436860348875975e-01
3.590544142607526856e-02
-4.676440336805143261e-01
-6.988592292772218828e-01
-1.000000000000000000e+00
-5.915956519107425926e-01
5.054998891986886012e-01
1.000000000000000000e+00
8.906427611786564835e-01
1.000000000000000000e+00
-3.877482385101400642e-01
9.846317500601015071e-01
3.095379432844885814e-01
3.963810880297776729e-01
-1.000000000000000000e+00
-9.272396098000293962e-01
-7.786212624833129814e-01
-4.676440336805143261e-01
7.925739236042906866e-01
-9.490422922155464791e-01
4.676440336805143261e-01
8.954779619417696512e-01
-3.777166763166830976e-01
-5.696407201808852960e-01
-3.652346985157415848e-01
-6.991743266966250481e-01
-1.000000000000000000e+00
-1.000000000000000000e+00
3.617689059933287266e-01
1.366564057362399387e-01
-1.000000000000000000e+00
8.882408108734356489e-01
6.888957628156626711e-01
-1.000000000000000000e+00
-7.662764959479362314e-01
-1.000000000000000000e+00
7.604707103821268799e-01
2.723552962385391574e-01
1.834919390673159234e-02
2.373646130659905484e-01
2.985486363526034248e-01
9.008693052892200459e-01
-1.926620580360323964e-01
8.674139220120069549e-01
-6.853906975291166326e-01
-7.366373745672486484e-01
6.221971584542250744e-01
-6.209761414370823518e-02
-1.000000000000000000e+00
8.418420122334672184e-01
-1.966190431784655690e-01
-1.000000000000000000e+00
1.000000000000000000e+00
4.198735334121517226e-01
-1.000000000000000000e+00
1.000000000000000000e+00
1.000000000000000000e+00
1.000000000000000000e+00
5.040991718862890547e-01
-6.778096253896209733e-01
9.169508340817404957e-01
-6.971419067863444674e-01
4.676440336805143261e-01
-8.852148093342178115e-01
3.737458701471828570e-01
-6.816558806035343254e-01
-2.601523233225245813e-01
-9.375878162368791457e-01
1.000000000000000000e+00
1.374254063926677594e-02
9.982957227738742390e-01
-1.013909391695016343e-01
-1.000000000000000000e+00
8.635696302293571769e-01
-9.629530030694122278e-01
5.530021711774221194e-01
-1.000000000000000000e+00
-3.175354613686692806e-01
4.676440336805143261e-01
6.668860269037344413e-01
8.896563848754546200e-01
-1.000000000000000000e+00
-3.819926145291319131e-01
-1.000000000000000000e+00
-6.632350395965991297e-01
3.759800264619531096e-01
3.109410627139298500e-01
8.867303049031552975e-01
1.000000000000000000e+00
1.000000000000000000e+00
-6.784754440307965151e-01
-1.000000000000000000e+00
2.907224450153713668e-01
6.289843153455185742e-01
-1.000000000000000000e+00
1.000000000000000000e+00
-7.051936653693969825e-01
3.043348526627609463e-01
6.356138507834442342e-01
1.000000000000000000e+00
-9.522080785679741810e-01
-7.870863664214254873e-01
-7.021710625241611714e-02
-4.351802260183909032e-01
-8.692552505839902244e-01
-4.676440336805143261e-01
-1.000000000000000000e+00
-7.763297998322420401e-01
8.569334350226975872e-01
5.173473277480672428e-01
-1.909596837555821991e-01
7.160858827124464421e-01
-7.563060578281828317e-01
7.369524283066466452e-01
-9.398823104251017302e-01
-7.210889371368272016e-01
-7.419670004061721391e-01
6.395869551436837996e-01
2.453066448095075902e-01
9.063383969082435820e-01
4.358051144648227293e-01
-1.000000000000000000e+00
-1.754825754762349976e-02
1.000000000000000000e+00
1.593394336778574116e-01
1.000000000000000000e+00
-8.739937768014396924e-02
1.000000000000000000e+00
8.864940656990174528e-01
1.528243411009694297e-01
-3.909104019782643769e-01
7.849208872192620090e-01
-1.000000000000000000e+00
-8.526717075607695984e-01
1.461368004196692549e-01
-1.000000000000000000e+00
7.800159880557884229e-01
2.342541336158677212e-01
1.000000000000000000e+00
1.000000000000000000e+00
-1.000000000000000000e+00
4.184544729664408935e-01
5.410582119974562954e-01
8.661310106856735525e-01
-1.000000000000000000e+00
1.000000000000000000e+00
-7.875711949164166947e-01
-4.728354603902139575e-01
5.357362947818645749e-01
9.104837308221326309e-01
1.000000000000000000e+00
-4.676440336805143261e-01
4.784433055559565995e-01
5.643501526104459654e-01
-8.608124003710777572e-01
1.574527484973446412e-01
2.345264208106816184e-02
1.135265972490112074e-01
4.676440336805143261e-01
1.000000000000000000e+00
8.547151574214573166e-02
