-8.579196807430563565e-01
2.187788203086080130e-01
7.260050001454132484e-02
-5.952434991631194716e-02
-1.000000000000000000e+00
2.164418633941856407e-01
-9.308655455140081303e-01
-1.000000000000000000e+00
-8.640145063016210214e-01
-1.315124773579393336e-01
9.850087378885463707e-01
8.280891923780797637e-01
5.492235082952681147e-01
-1.000000000000000000e+00
1.000000000000000000e+00
5.849885126311107353e-01
-3.841219565511617695e-01
-6.835114161431814495e-01
1.000000000000000000e+00
-9.436786297434468507e-01
-5.613535434782898070e-01
1.074801867140610656e-01
1.000000000000000000e+00
9.533378362476534473e-01
8.236880585887026429e-01
-7.341049942790240923e-01
7.570537446326766062e-01
1.000000000000000000e+00
-5.399085048256304642e-01
2.299491152832246754e-01
3.902091823951809868e-01
-1.000000000000000000e+00
1.000000000000000000e+00
5.417453854232676669e-01
-8.028096419952761575e-01
-1.000000000000000000e+00
-1.929864496010574304e-01
-4.522710598368618884e-01
-1.000000000000000000e+00
-1.000000000000000000e+00
1.000000000000000000e+00
-1.000000000000000000e+00
-6.841686369124340139e-01
-6.741795189037680380e-01
-1.000000000000000000e+00
5.230128193847722873e-01
-7.185023849543310526e-01
1.000000000000000000e+00
-9.439888991865263979e-01
-1.000000000000000000e+00
-5.264428870961058715e-01
-6.529158081047956586e-01
1.803584852881322947e-02
-9.535699489869537970e-01
-4.898757368450049610e-01
-1.000000000000000000e+00
7.795447260949406321e-01
4.006794918461265009e-01
7.912174318124187700e-01
6.050016092307147764e-01
1.000000000000000000e+00
-6.507269875517512903e-01
8.576001348822054338e-01
2.370257389720406005e-01
-1.000000000000000000e+00
-3.476950763327212868e-01
1.000000000000000000e+00
7.220365742658985120e-02
-2.333080656732432201e-02
-7.720449260164621297e-01
-8.550495089433879370e-01
-1.000000000000000000e+00
-1.000000000000000000e+00
1.000000000000000000e+00
1.000000000000000000e+00
-3.691103251122934692e-01
1.000000000000000000e+00
-5.275214944200574685e-01
1.298937938088198241e-01
-1.000000000000000000e+00
-4.973340412872764293e-01
-1.060702815037068980e-01
1.000000000000000000e+00
1.000000000000000000e+00
4.453736109095731699e-01
2.347679301025146215e-01
7.852120637892705535e-01
-8.373049650501671604e-01
-4.675976094604720190e-01
1.000000000000000000e+00
9.167072753117407879e-01
-4.494666323104635208e-01
-9.417629905852957783e-01
-6.331121759229373092e-02
3.453701064080751948e-01
9.244984759153326292e-01
-6.740089821260818459e-01
-7.030026043982698924e-01
-2.829940668401791926e-01
-9.394982419229249704e-01
2.518548722691784092e-01
8.255323732862100972e-01
-6.096527736592216584e-01
-4.070571637371456220e-03
4.456669738992280472e-01
8.227881468560866995e-01
2.262758010542573195e-01
1.000000000000000000e+00
4.915637869465191989e-01
1.000000000000000000e+00
-1.000000000000000000e+00
-4.929983032437860735e-01
-1.000000000000000000e+00
-2.423532150303634447e-01
-3.807289683856935336e-01
-1.000000000000000000e+00
-7.678562379782175595e-01
4.986845909954130684e-01
1.000000000000000000e+00
1.000000000000000000e+00
2.413913155723710346e-01
-3.588008429739472094e-01
9.720962255878854430e-01
-4.611729500006976623e-02
1.000000000000000000e+00
-9.756060008708982156e-01
1.000000000000000000e+00
-9.485409802987126993e-02
1.000000000000000000e+00
-1.000000000000000000e+00
-5.491172616713795307e-01
9.270070620262023109e-01
-1.000000000000000000e+00
1.000000000000000000e+00
-1.000000000000000000e+00
1.340699080004310595e-01
-1.000000000000000000e+00
-2.877677287034720033e-01
-6.480885366260867864e-01
-1.000000000000000000e+00
2.645383328778773135e-01
-7.660011840483563761e-01
4.098515479814969220e-01
8.905212714950339059e-01
-7.151763609796776278e-01
1.000000000000000000e+00
8.086504672536595217e-01
2.461467345532810658e-01
-1.803140575566687942e-01
-7.809402509870329023e-01
-1.000000000000000000e+00
8.511242944331777194e-01
-9.650900878605126465e-01
-8.806374742328010319e-01
5.107228587821707189e-01
-5.929612170778860714e-01
2.165391032145787820e-01
-8.440722143826313584e-01
1.000000000000000000e+00
-7.238374265073643787e-02
8.835987641969546003e-01
8.901051593559267117e-01
3.682562923155613399e-01
-1.000000000000000000e+00
-8.461836230389778724e-01
1.000000000000000000e+00
3.726414668010328279e-01
1.000000000000000000e+00
4.777784939446886314e-01
-1.000000000000000000e+00
-1.000000000000000000e+00
-1.219948373342358838e-01
-5.481090388110669842e-01
2.574724470931145093e-01
-7.834661278269507978e-01
-9.653888008061948245e-01
-6.208984432754240945e-01
2.553567109203536689e-01
-9.665577664687287074e-01
-3.503408328754124001e-01
-1.000000000000000000e+00
-4.132664277660036412e-01
7.770147655455627023e-01
8.562985293194561587e-01
9.864918370621338362e-01
7.424031743899777158e-01
-3.538052591001116243e-01
7.490940547277904482e-01
-1.000000000000000000e+00
-6.068091217839369778e-01
-4.797444646352260200e-01
2.998570770668418373e-01
-7.947002303186753158e-01
-3.269525362418770342e-01
6.420015568208261580e-01
-8.878922735982893721e-01
-3.079388434292422705e-01
-1.000000000000000000e+00
-1.000000000000000000e+00
-9.760599866721179074e-01
-1.000000000000000000e+00
-4.727590721306447197e-01
-4.962877924428606979e-01
-2.846765690456668496e-01
-6.719664443424996358e-01
1.000000000000000000e+00
-4.131447534044456749e-01
-1.000000000000000000e+00
5.640308469235990607e-01
-1.000000000000000000e+00
-1.000000000000000000e+00
1.000000000000000000e+00
6.874250272233589643e-01
5.602072993173817794e-01
9.576302387191494292e-01
4.406923624507927961e-01
-6.552220083306532494e-01
9.283220218360265230e-01
-8.475519021402247999e-01
-9.400327480173669148e-01
-1.000000000000000000e+00
4.990951540801846220e-01
3.568128543123313956e-01
1.000000000000000000e+00
1.000000000000000000e+00
-1.000000000000000000e+00
-6.355596729372775533e-01
-2.205688560637976414e-01
1.000000000000000000e+00
-1.000000000000000000e+00
-9.690695848773221988e-01
-7.594230879224327380e-01
1.479061060403158434e-01
1.000000000000000000e+00
-1.000000000000000000e+00
5.676079212286501141e-01
-1.000000000000000000e+00
-4.259536696051884341e-01
-8.718161608751026082e-01
1.000000000000000000e+00
-1.536718005484065119e-01
-1.000000000000000000e+00
-4.623608292361494065e-01
8.576663894748310923e-01
4.034545094488353190e-01
-7.470372865890827496e-01
7.607894525907318295e-01
1.150222246964202888e-01
-1.000000000000000000e+00
1.000000000000000000e+00
1.172584551691637778e-01
-2.701534586554135142e-01
3.861962337100089959e-01
9.829693232495917421e-02
-1.000000000000000000e+00
-9.739061341207507772e-01
-1.000000000000000000e+00
-1.000000000000000000e+00
2.352102725935614203e-01
-6.234806325829289619e-01
1.202765172819772882e-01
-1.000000000000000000e+00
2.787746070695527045e-01
-8.432500289568676255e-01
1.000000000000000000e+00
