2.157465042943049194e-01
-1.000000000000000000e+00
8.636108868500760316e-01
-1.000000000000000000e+00
-2.629025167569198906e-01
1.000000000000000000e+00
1.000000000000000000e+00
-1.000000000000000000e+00
1.000000000000000000e+00
1.000000000000000000e+00
1.140124442905067897e-01
-1.000000000000000000e+00
1.000000000000000000e+00
-1.000000000000000000e+00
-1.000000000000000000e+00
6.107746868307135230e-02
1.000000000000000000e+00
1.000000000000000000e+00
-1.000000000000000000e+00
-8.292976331746199081e-01
5.132103588018748219e-01
-6.342454119119408373e-01
1.000000000000000000e+00
2.397354971534552126e-01
-7.200640149884954822e-01
-8.755979246519400849e-01
1.000000000000000000e+00
9.738665676641974356e-01
1.000000000000000000e+00
1.000000000000000000e+00
-1.000000000000000000e+00
-1.000000000000000000e+00
1.000000000000000000e+00
-9.779705867474385306e-01
-9.763054337938114058e-01
-2.460918921500299394e-01
1.000000000000000000e+00
-1.000000000000000000e+00
-4.000169083788266411e-01
-1.000000000000000000e+00
-1.000000000000000000e+00
1.000000000000000000e+00
1.000000000000000000e+00
1.000000000000000000e+00
-1.000000000000000000e+00
5.228926646116318633e-01
-1.398992102282407002e-01
1.000000000000000000e+00
3.649025051096905781e-01
-1.000000000000000000e+00
-1.000000000000000000e+00
1.000000000000000000e+00
-1.000000000000000000e+00
-9.833917980249521351e-01
1.000000000000000000e+00
-9.386261271787459393e-01
-1.000000000000000000e+00
-1.000000000000000000e+00
1.000000000000000000e+00
-1.276024872474282867e-01
1.000000000000000000e+00
-3.418772573008609927e-01
-1.000000000000000000e+00
-1.000000000000000000e+00
1.000000000000000000e+00
1.000000000000000000e+00
-1.000000000000000000e+00
8.972290764880996861e-01
1.000000000000000000e+00
-1.000000000000000000e+00
6.144490657630394814e-01
1.000000000000000000e+00
1.012162472035449123e-01
-1.000000000000000000e+00
-1.000000000000000000e+00
1.000000000000000000e+00
6.530129046557975325e-01
-1.000000000000000000e+00
1.000000000000000000e+00
1.000000000000000000e+00
1.000000000000000000e+00
-1.000000000000000000e+00
-6.049495162628634182e-01
-1.000000000000000000e+00
-1.000000000000000000e+00
-1.000000000000000000e+00
1.000000000000000000e+00
-1.000000000000000000e+00
-5.137026164856919319e-01
1.000000000000000000e+00
-1.000000000000000000e+00
-1.000000000000000000e+00
-1.000000000000000000e+00
7.667340208687809522e-01
2.332385489413367763e-01
1.000000000000000000e+00
-8.478691730521186187e-01
1.000000000000000000e+00
1.000000000000000000e+00
4.134140401891313044e-01
-1.000000000000000000e+00
-4.504866714989717025e-01
-1.000000000000000000e+00
2.483607891094749553e-01
-1.000000000000000000e+00
1.000000000000000000e+00
7.705509310495353148e-01
-2.687400421146365348e-01
1.000000000000000000e+00
-4.189724341476684377e-01
4.654968387782629224e-01
6.050724531071584034e-01
-1.000000000000000000e+00
1.000000000000000000e+00
1.000000000000000000e+00
-1.000000000000000000e+00
-1.000000000000000000e+00
1.000000000000000000e+00
1.000000000000000000e+00
1.000000000000000000e+00
1.000000000000000000e+00
-1.000000000000000000e+00
2.682822605298005314e-01
2.633149196248453228e-01
-1.000000000000000000e+00
-1.967712322798125801e-01
1.000000000000000000e+00
9.290958827702300304e-01
-1.000000000000000000e+00
-1.000000000000000000e+00
-1.000000000000000000e+00
4.009817591066877629e-01
1.000000000000000000e+00
1.000000000000000000e+00
-1.560159783203531325e-01
-1.000000000000000000e+00
7.826389993537608003e-01
-8.517384214159753331e-01
-2.182886012541367382e-01
1.000000000000000000e+00
5.512202888698095604e-01
-1.000000000000000000e+00
1.000000000000000000e+00
-1.000000000000000000e+00
-9.167514961031270060e-01
1.000000000000000000e+00
1.000000000000000000e+00
1.000000000000000000e+00
1.000000000000000000e+00
1.000000000000000000e+00
4.907643304182744970e-01
-7.661479158680699619e-01
9.645246954682955565e-01
4.548015402928719531e-01
-7.642062340300587175e-01
-1.000000000000000000e+00
-7.666515073682306225e-02
2.998663733542826781e-01
5.366951828126397261e-01
1.000000000000000000e+00
8.416443704300732298e-01
-1.000000000000000000e+00
1.000000000000000000e+00
3.256709490271526564e-01
9.688635450265533633e-01
-3.474256429809725599e-01
1.000000000000000000e+00
1.000000000000000000e+00
-1.000000000000000000e+00
-6.493342084470390407e-01
1.000000000000000000e+00
1.000000000000000000e+00
1.000000000000000000e+00
1.000000000000000000e+00
2.131974251356324734e-01
-7.228685800543177553e-01
-8.283449913982405821e-01
-1.000000000000000000e+00
1.000000000000000000e+00
1.000000000000000000e+00
-7.550936579728002584e-01
-1.000000000000000000e+00
-8.869277328699782803e-01
-1.000000000000000000e+00
1.000000000000000000e+00
1.000000000000000000e+00
-1.000000000000000000e+00
1.000000000000000000e+00
-3.334246870837918042e-01
7.894642334536917661e-01
-3.425487118599078173e-01
1.000000000000000000e+00
-9.436754151434800786e-03
-1.000000000000000000e+00
-1.000000000000000000e+00
-1.000000000000000000e+00
-7.647370899926650978e-01
1.000000000000000000e+00
-1.000000000000000000e+00
-5.067161974442757622e-01
-3.446473921818040687e-01
-1.000000000000000000e+00
6.641007312394294759e-01
5.491009772859734017e-02
1.000000000000000000e+00
-8.903988635296360421e-01
-3.649380668283463969e-02
-1.000000000000000000e+00
3.415277766222413192e-02
-1.992490846078623368e-01
1.000000000000000000e+00
1.000000000000000000e+00
-1.000000000000000000e+00
-2.045788422444293486e-01
7.422192399030050902e-01
1.000000000000000000e+00
1.000000000000000000e+00
-8.702688087421700525e-01
1.000000000000000000e+00
-1.000000000000000000e+00
-8.403084893595846872e-01
7.848124286414644157e-02
-1.000000000000000000e+00
-4.323867715002249201e-01
1.000000000000000000e+00
7.484489910932881074e-01
-1.000000000000000000e+00
1.000000000000000000e+00
2.388068044563229353e-01
-3.191592543109456059e-02
1.000000000000000000e+00
-1.000000000000000000e+00
-1.000000000000000000e+00
-7.961090678072004767e-01
-1.000000000000000000e+00
3.056784724784478158e-01
3.529568208106411697e-01
-1.000000000000000000e+00
7.065049329228187958e-01
-4.691243770367335697e-02
4.986850008141496260e-01
-1.000000000000000000e+00
4.613625020037233071e-01
1.000000000000000000e+00
4.824608103691306327e-01
-8.016672889396282420e-01
1.000000000000000000e+00
-1.000000000000000000e+00
2.763182234859643538e-01
9.530381863562148448e-01
-7.324116124753650148e-01
1.000000000000000000e+00
1.000000000000000000e+00
6.840128528441427047e-01
-1.000000000000000000e+00
-1.000000000000000000e+00
-1.000000000000000000e+00
4.964183706032195831e-01
-8.610744487094834643e-02
-2.011031888127824963e-01
-1.000000000000000000e+00
-1.000000000000000000e+00
1.000000000000000000e+00
-4.320448377333320766e-01
1.000000000000000000e+00
