-5.488010687615823002e-01
-1.000000000000000000e+00
-1.000000000000000000e+00
-9.287907136837010302e-01
-6.326109133423132302e-01
1.000000000000000000e+00
-4.984760249649655695e-01
2.140727957469807929e-01
-1.000000000000000000e+00
-1.000000000000000000e+00
-1.000000000000000000e+00
5.257965939033906189e-01
-4.100308879151735586e-01
9.152741934708855664e-01
9.902124095279998262e-01
-1.000000000000000000e+00
1.000000000000000000e+00
-9.313620027565465698e-01
-5.426762981615980141e-01
1.000000000000000000e+00
1.000000000000000000e+00
1.000000000000000000e+00
-1.000000000000000000e+00
2.004547907537659879e-01
-1.072401690909758898e-01
-1.000000000000000000e+00
-1.000000000000000000e+00
7.368083602540239641e-01
-5.053688138779985906e-01
1.000000000000000000e+00
-1.000000000000000000e+00
1.000000000000000000e+00
4.308476629647043366e-01
7.727791610694572100e-01
-1.000000000000000000e+00
-1.224730926446260248e-01
1.986756755591608803e-01
1.000000000000000000e+00
-3.350947204599528106e-01
1.000000000000000000e+00
9.803480902443864053e-01
-1.000000000000000000e+00
1.109969041370882925e-01
1.000000000000000000e+00
-1.000000000000000000e+00
1.547637537276509434e-01
7.599587849948469254e-01
1.000000000000000000e+00
1.000000000000000000e+00
1.000000000000000000e+00
-2.828770744243648827e-01
-1.000000000000000000e+00
1.898166408923066539e-01
7.427133351203785150e-01
-1.000000000000000000e+00
-1.000000000000000000e+00
-4.854392427231467577e-01
7.621147218870879536e-01
-1.000000000000000000e+00
-1.000000000000000000e+00
1.000000000000000000e+00
1.000000000000000000e+00
-1.000000000000000000e+00
-8.632011628563436290e-01
1.000000000000000000e+00
9.319756833676029473e-01
-8.089495626526005401e-01
-3.574342757083237565e-02
-5.366156978870341154e-01
-8.154654802529718305e-01
-1.000000000000000000e+00
1.000000000000000000e+00
-1.000000000000000000e+00
-5.755166664801715237e-01
1.000000000000000000e+00
-1.529485868904996160e-01
1.000000000000000000e+00
8.023235203703230622e-01
1.000000000000000000e+00
1.000000000000000000e+00
-1.000000000000000000e+00
1.000000000000000000e+00
1.000000000000000000e+00
7.458806533724887666e-01
1.000000000000000000e+00
2.489119534148348523e-01
4.197079766583163285e-01
5.410437567522662361e-01
1.000000000000000000e+00
-1.000000000000000000e+00
-1.750006317008017676e-01
-1.000000000000000000e+00
5.595844763670254629e-01
-7.665234547307704371e-01
-1.000000000000000000e+00
-1.000000000000000000e+00
-2.466059593138719974e-01
1.000000000000000000e+00
-1.000000000000000000e+00
-1.000000000000000000e+00
-1.000000000000000000e+00
-5.571056378484449123e-01
1.000000000000000000e+00
-1.000000000000000000e+00
-1.000000000000000000e+00
1.000000000000000000e+00
1.000000000000000000e+00
1.000000000000000000e+00
-1.000000000000000000e+00
-1.000000000000000000e+00
1.000000000000000000e+00
9.600811281050867230e-01
-1.000000000000000000e+00
4.923955656630590316e-01
-2.449049501323355971e-01
-5.133398217507838535e-01
1.000000000000000000e+00
-1.000000000000000000e+00
7.655274893615398035e-01
1.000000000000000000e+00
4.926968136405744936e-01
-1.000000000000000000e+00
-1.108288705217683745e-01
9.219399809600448137e-02
-7.526367911992637438e-01
-1.000000000000000000e+00
-1.081392468494581927e-01
1.000000000000000000e+00
-5.696490730884440357e-01
1.000000000000000000e+00
-9.125532246934751068e-01
8.055513399124748508e-01
1.000000000000000000e+00
8.461092147568727295e-01
2.292639163424849136e-01
5.040852361714847074e-01
-6.964658082946089124e-01
1.000000000000000000e+00
6.229952474225861625e-01
-1.000000000000000000e+00
-8.531700743952763677e-02
-5.573462386464576035e-01
9.533097547283020390e-01
-1.000000000000000000e+00
-9.603615910697029801e-01
-1.000000000000000000e+00
7.416627418138735939e-01
-3.875048525805174782e-01
-3.939743515748149183e-01
1.000000000000000000e+00
1.000000000000000000e+00
-9.787850049238184802e-01
-1.000000000000000000e+00
-1.000000000000000000e+00
1.000000000000000000e+00
1.000000000000000000e+00
4.534616802752775566e-01
-1.909809451028090521e-01
-1.000000000000000000e+00
-1.000000000000000000e+00
-5.874551781871948375e-01
1.000000000000000000e+00
-1.000000000000000000e+00
-1.000000000000000000e+00
-1.000000000000000000e+00
-1.000000000000000000e+00
1.000000000000000000e+00
1.000000000000000000e+00
1.000000000000000000e+00
-1.000000000000000000e+00
1.000000000000000000e+00
-4.339305367453466511e-01
1.000000000000000000e+00
-9.590938226001244349e-01
1.000000000000000000e+00
1.000000000000000000e+00
9.754987022674578290e-01
-4.323492698124845601e-01
9.645731257728694663e-01
-1.000000000000000000e+00
6.588485544991893317e-01
-1.000000000000000000e+00
1.000000000000000000e+00
-8.512241002977546378e-01
1.000000000000000000e+00
-7.011493773585202316e-01
1.000000000000000000e+00
-1.000000000000000000e+00
-5.217278385419514830e-01
-2.757688950336656397e-02
1.000000000000000000e+00
-1.000000000000000000e+00
7.726651451951749294e-01
-1.000000000000000000e+00
1.000000000000000000e+00
-1.000000000000000000e+00
1.000000000000000000e+00
-1.000000000000000000e+00
1.000000000000000000e+00
-1.000000000000000000e+00
-1.000000000000000000e+00
-1.000000000000000000e+00
-6.310966663777602959e-01
4.657484922743344580e-01
-8.868689877538410427e-02
1.000000000000000000e+00
1.000000000000000000e+00
1.000000000000000000e+00
-4.979367136579482267e-01
-1.000000000000000000e+00
-1.000000000000000000e+00
1.000000000000000000e+00
1.000000000000000000e+00
1.000000000000000000e+00
1.000000000000000000e+00
1.000000000000000000e+00
3.964703449478690356e-02
3.953041648322215273e-01
8.873878836152833127e-01
1.000000000000000000e+00
9.752626074343293539e-01
1.000000000000000000e+00
-3.358679601828746808e-01
-1.000000000000000000e+00
-9.195452302930913202e-01
6.324686064968088051e-02
4.933315692613071679e-02
7.827548408384332745e-01
3.588788078580107399e-01
-1.000000000000000000e+00
-1.000000000000000000e+00
1.000000000000000000e+00
7.099371881905325310e-01
1.000000000000000000e+00
-1.000000000000000000e+00
-1.000000000000000000e+00
-1.000000000000000000e+00
-3.519525994043479211e-02
6.982029011511903249e-01
-1.000000000000000000e+00
-6.689968883344410422e-01
-1.000000000000000000e+00
-1.000000000000000000e+00
1.000000000000000000e+00
7.414656494653355523e-01
-5.787718886383014238e-01
-1.000000000000000000e+00
4.749016534122980637e-01
-1.676414797128576994e-01
-1.000000000000000000e+00
-4.436366286947932558e-01
-1.000000000000000000e+00
2.363174183648088234e-01
1.000000000000000000e+00
-8.148997294452037243e-02
-8.184534524554971657e-01
1.000000000000000000e+00
1.000000000000000000e+00
1.000000000000000000e+00
1.000000000000000000e+00
-3.695404063462481847e-01
9.387967657333082805e-01
5.225836049886820600e-01
7.772091306430185531e-01
-1.000000000000000000e+00
