,gen,best,mean,sd,med,worst
0,0,-70.0,-98.46666666666667,5.743015081141806,-100.0,-100.0
1,1,-60.0,-96.3076923076923,9.041652464563148,-100.0,-100.0
2,2,-60.0,-95.91836734693878,9.565748281843236,-100.0,-100.0
3,3,-60.0,-96.04060913705584,9.535313773862288,-100.0,-100.0
4,4,-30.0,-94.26395939086295,11.840366752378838,-100.0,-100.0
5,5,-30.0,-93.65,12.416823265231733,-100.0,-100.0
6,6,-30.0,-94.321608040201,11.96380997730241,-100.0,-100.0
7,7,-30.0,-93.81909547738694,12.460487790040903,-100.0,-100.0
8,8,-30.0,-93.76884422110552,12.813577682912547,-100.0,-100.0
9,9,-30.0,-93.01020408163265,13.50056302526554,-100.0,-100.0
10,10,-30.0,-93.93939393939394,12.53827931247103,-100.0,-100.0
11,11,-30.0,-93.73737373737374,13.49042747679943,-100.0,-100.0
12,12,-30.0,-93.3502538071066,13.402937871616219,-100.0,-100.0
13,13,-30.0,-93.68686868686869,13.10574433747746,-100.0,-100.0
14,14,-30.0,-93.3,13.568714014231416,-100.0,-100.0
15,15,-30.0,-93.43434343434343,13.383361912616465,-100.0,-100.0
16,16,-30.0,-94.1919191919192,13.069493175799051,-100.0,-100.0
17,17,-30.0,-93.5204081632653,13.60351814626833,-100.0,-100.0
18,18,-30.0,-92.52525252525253,14.69167525866019,-100.0,-100.0
19,19,-20.0,-92.82828282828282,15.11173228345701,-100.0,-100.0
20,20,-20.0,-92.41206030150754,15.505261071029595,-100.0,-100.0
21,21,-20.0,-84.29530201342281,19.772363383466537,-100.0,-100.0
22,22,-20.0,-83.10810810810811,19.23718778091128,-90.0,-100.0
23,23,-20.0,-83.70860927152317,19.483934425954143,-90.0,-100.0
24,24,-20.0,-83.20261437908496,19.458472448467457,-90.0,-100.0
25,25,-20.0,-81.53333333333333,20.42014256126098,-90.0,-100.0
26,26,-20.0,-77.97297297297297,20.890947847626315,-70.0,-100.0
27,27,-20.0,-80.87248322147651,21.6417718730876,-90.0,-100.0
28,28,-20.0,-84.16107382550335,21.113330219102302,-100.0,-100.0
29,29,-20.0,-80.52980132450331,21.555045182235414,-90.0,-100.0
30,30,-20.0,-82.0,21.786846184490923,-90.0,-100.0
31,31,-20.0,-82.86666666666666,21.208069742959214,-90.0,-100.0
32,32,-20.0,-83.53333333333333,21.20178189576422,-100.0,-100.0
33,33,-20.0,-79.66666666666667,22.43261514452165,-90.0,-100.0
34,34,-20.0,-77.91946308724832,22.85863083691957,-70.0,-100.0
35,35,-20.0,-80.73825503355705,23.14512022530198,-90.0,-100.0
36,36,-20.0,-78.05369127516778,23.76274938189115,-80.0,-100.0
37,37,-20.0,-77.86666666666666,23.482948896782297,-80.0,-100.0
38,38,-20.0,-77.4496644295302,23.719681811873446,-80.0,-100.0
39,39,-20.0,-80.53333333333333,23.91057413688671,-90.0,-100.0
40,40,-20.0,-78.93333333333334,24.55325278292516,-100.0,-100.0
41,41,-20.0,-76.06666666666666,23.885746563356335,-75.0,-100.0
42,42,-20.0,-79.53333333333333,24.720751516803762,-95.0,-100.0
43,43,-20.0,-77.86666666666666,25.048929895085116,-90.0,-100.0
44,44,-20.0,-77.38255033557047,24.642299344536042,-80.0,-100.0
45,45,-20.0,-72.86666666666666,24.9622826591551,-70.0,-100.0
46,46,-20.0,-77.91946308724832,24.69342677487718,-90.0,-100.0
47,47,-20.0,-79.6,24.464395898257262,-90.0,-100.0
48,48,-20.0,-80.06622516556291,22.713204396617964,-90.0,-100.0
49,49,-20.0,-82.05298013245033,23.084006699249503,-100.0,-100.0
50,50,-20.0,-83.17880794701986,22.14853114072336,-100.0,-100.0
51,51,-20.0,-80.46979865771812,22.144600155948712,-90.0,-100.0
52,52,-20.0,-79.73154362416108,23.40040465217815,-90.0,-100.0
53,53,-20.0,-80.73333333333333,22.630264887731403,-90.0,-100.0
54,54,-20.0,-81.32450331125828,23.23720175242926,-100.0,-100.0
55,55,-20.0,-79.53333333333333,22.929941609655753,-90.0,-100.0
56,56,-20.0,-77.6158940397351,22.893609660198642,-70.0,-100.0
57,57,-20.0,-77.41721854304636,21.483509035430355,-70.0,-100.0
58,58,-20.0,-81.25827814569537,21.50941995275772,-90.0,-100.0
59,59,-20.0,-81.73333333333333,22.47210616643566,-90.0,-100.0
60,60,-20.0,-78.6092715231788,23.8105028609055,-80.0,-100.0
61,61,-20.0,-81.0,23.08679276123039,-90.0,-100.0
62,62,-20.0,-78.8,23.09170125102667,-80.0,-100.0
63,63,-20.0,-79.46666666666667,20.80982673856005,-70.0,-100.0
64,64,-20.0,-82.5503355704698,20.105572449237886,-90.0,-100.0
65,65,-20.0,-84.42953020134229,20.01283314234434,-100.0,-100.0
66,66,-20.0,-85.50335570469798,19.087795799169417,-100.0,-100.0
67,67,-20.0,-82.93333333333334,21.056959788999823,-100.0,-100.0
68,68,-20.0,-88.4,18.764505500190158,-100.0,-100.0
69,69,-20.0,-81.32450331125828,19.383733765378516,-70.0,-100.0
70,70,-20.0,-83.93333333333334,18.543522379047143,-90.0,-100.0
71,71,-20.0,-81.8,18.940960904874917,-70.0,-100.0
72,72,-20.0,-83.73333333333333,19.375127239725565,-100.0,-100.0
73,73,-20.0,-81.06666666666666,18.444390896843288,-70.0,-100.0
74,74,-20.0,-82.66666666666667,18.64284193881275,-85.0,-100.0
75,75,-20.0,-80.06666666666666,19.74830513121457,-70.0,-100.0
76,76,-20.0,-83.93333333333334,18.864310806976814,-90.0,-100.0
77,77,-20.0,-83.33333333333333,20.612833111653742,-95.0,-100.0
78,78,-20.0,-80.93333333333334,20.144367837079315,-80.0,-100.0
79,79,-20.0,-79.13333333333334,20.196919457074525,-70.0,-100.0
80,80,-20.0,-80.66666666666667,18.92675942210452,-70.0,-100.0
81,81,-20.0,-82.93333333333334,22.99410552487069,-100.0,-100.0
82,82,-20.0,-82.4,21.312906887611554,-100.0,-100.0
83,83,-20.0,-84.06666666666666,21.32593621756277,-100.0,-100.0
84,84,-20.0,-81.4,21.940221815955585,-90.0,-100.0
85,85,-20.0,-84.46666666666667,20.993226420813823,-100.0,-100.0
86,86,-10.0,-82.73333333333333,20.813350416392733,-90.0,-100.0
87,87,-10.0,-81.06666666666666,20.75722096578013,-75.0,-100.0
88,88,-10.0,-80.8,20.08382433701311,-70.0,-100.0
89,89,-10.0,-80.8,20.86528216919196,-70.0,-100.0
90,90,-10.0,-81.93333333333334,21.093337547407923,-90.0,-100.0
91,91,-10.0,-80.13333333333334,21.384937585963527,-70.0,-100.0
92,92,-10.0,-80.06666666666666,20.083049790529547,-70.0,-100.0
93,93,-10.0,-77.86666666666666,21.12144776182626,-70.0,-100.0
94,94,-10.0,-80.86666666666666,22.179169406349633,-85.0,-100.0
95,95,-10.0,-81.46666666666667,19.744591383183618,-70.0,-100.0
96,96,-10.0,-79.73333333333333,22.38888613178919,-70.0,-100.0
97,97,-10.0,-81.6,21.231423252653915,-80.0,-100.0
98,98,-10.0,-78.13333333333334,20.145691571372993,-70.0,-100.0
99,99,-10.0,-80.33333333333333,22.521594575478492,-75.0,-100.0
100,100,-10.0,-83.86666666666666,19.690494040413398,-100.0,-100.0
101,101,-10.0,-82.4,20.352886773133683,-90.0,-100.0
102,102,-10.0,-83.33333333333333,20.741798914805393,-95.0,-100.0
103,103,-10.0,-83.0,19.75685535031659,-90.0,-100.0
104,104,-10.0,-80.53333333333333,22.473292791419972,-80.0,-100.0
105,105,-10.0,-80.66666666666667,23.22833518691246,-95.0,-100.0
106,106,-10.0,-76.73333333333333,22.37548261428616,-70.0,-100.0
107,107,80.20000000000019,-78.86533333333333,23.800689028308035,-70.0,-100.0
108,108,80.20000000000019,-79.19866666666667,25.241199091080357,-75.0,-100.0
109,109,80.20000000000019,-77.93066666666667,27.445188884190426,-70.0,-100.0
110,110,80.20000000000019,-77.53066666666668,28.132239978754324,-70.0,-100.0
111,111,80.20000000000019,-76.196,29.633489793362752,-70.0,-100.0
112,112,80.20000000000019,-75.93066666666667,27.048617824617637,-70.0,-100.0
113,113,80.20000000000019,-79.39733333333334,27.175184627809912,-80.0,-100.0
114,114,80.20000000000019,-75.99733333333333,26.723881820490757,-70.0,-100.0
115,115,80.20000000000019,-76.264,28.732609302556114,-70.0,-100.0
116,116,80.20000000000019,-79.264,27.75449820599658,-90.0,-100.0
117,117,80.20000000000019,-79.53066666666668,29.279690223012203,-90.0,-100.0
118,118,80.20000000000019,-77.46266666666666,30.20225277837549,-80.0,-100.0
119,119,80.20000000000019,-76.864,28.04198109977255,-70.0,-100.0
120,120,80.20000000000019,-81.39733333333334,28.651375642754452,-100.0,-100.0
121,121,80.20000000000019,-79.06400000000001,26.857235598624083,-75.0,-100.0
122,122,80.20000000000019,-77.264,27.9887150592282,-70.0,-100.0
123,123,80.20000000000019,-74.32933333333334,29.424326776023666,-70.0,-100.0
124,124,80.20000000000019,-76.39733333333334,27.274065695373626,-70.0,-100.0
125,125,80.20000000000019,-81.19733333333333,27.118633069451644,-90.0,-100.0
126,126,80.20000000000019,-77.93066666666667,27.783179435686556,-75.0,-100.0
127,127,80.20000000000019,-76.664,29.58138441655496,-80.0,-100.0
128,128,80.20000000000019,-79.264,29.1829659904541,-90.0,-100.0
129,129,80.20000000000019,-78.79733333333334,27.750209480690824,-80.0,-100.0
130,130,80.20000000000019,-77.33066666666667,27.911679626198712,-75.0,-100.0
131,131,80.20000000000019,-78.12933333333334,29.940742691003678,-80.0,-100.0
132,132,80.20000000000019,-77.464,30.10685255330865,-90.0,-100.0
133,133,80.20000000000019,-74.26266666666666,31.817665002671447,-70.0,-100.0
134,134,80.20000000000019,-78.59733333333334,27.608327117415552,-80.0,-100.0
135,135,80.20000000000019,-77.39733333333334,29.167561769122155,-80.0,-100.0
136,136,80.20000000000019,-75.864,28.066837560841574,-70.0,-100.0
137,137,80.20000000000019,-76.596,31.00043414749759,-70.0,-100.0
138,138,80.20000000000019,-77.06400000000001,28.755876570421812,-70.0,-100.0
139,139,80.20000000000019,-76.33066666666667,29.258443673958855,-75.0,-100.0
140,140,80.20000000000019,-79.59733333333334,28.554481134996827,-90.0,-100.0
141,141,80.20000000000019,-76.79733333333334,28.634422051478932,-70.0,-100.0
142,142,80.20000000000019,-79.464,26.618913776986982,-80.0,-100.0
143,143,80.20000000000019,-80.464,27.47068566065775,-90.0,-100.0
144,144,80.20000000000019,-75.73066666666666,26.807212827064962,-70.0,-100.0
145,145,80.20000000000019,-76.26266666666666,32.093298462797854,-80.0,-100.0
146,146,80.20000000000019,-77.264,29.609145614151057,-80.0,-100.0
147,147,80.20000000000019,-75.06400000000001,30.383489551618887,-80.0,-100.0
148,148,80.20000000000019,-74.264,31.64309567662432,-80.0,-100.0
149,149,80.20000000000019,-76.33066666666667,30.08969690036037,-75.0,-100.0
150,150,80.20000000000019,-75.79733333333334,29.18660867970486,-70.0,-100.0
151,151,80.20000000000019,-77.864,28.82634276722134,-80.0,-100.0
152,152,80.20000000000019,-78.864,27.692899884266378,-80.0,-100.0
153,153,80.20000000000019,-80.19733333333333,28.310450241719746,-90.0,-100.0
154,154,80.20000000000019,-76.464,28.278682854758294,-70.0,-100.0
155,155,80.20000000000019,-79.53066666666668,28.118207497792064,-90.0,-100.0
156,156,80.20000000000019,-74.72933333333333,31.614883724108335,-70.0,-100.0
157,157,80.20000000000019,-76.39733333333334,28.703216885142968,-80.0,-100.0
158,158,80.20000000000019,-77.46266666666666,31.286462560595705,-85.0,-100.0
159,159,80.20000000000019,-75.864,29.683003621601383,-70.0,-100.0
160,160,80.20000000000019,-74.59733333333334,30.314986275584715,-70.0,-100.0
161,161,80.20000000000019,-76.664,29.1042660790476,-70.0,-100.0
162,162,80.20000000000019,-75.264,29.058977453906863,-70.0,-100.0
163,163,80.20000000000019,-73.72933333333333,31.56938716893667,-70.0,-100.0
164,164,80.20000000000019,-74.73066666666666,28.851712708645618,-70.0,-100.0
165,165,80.20000000000019,-76.19733333333333,29.33246653264757,-70.0,-100.0
166,166,80.20000000000019,-77.33066666666667,29.53633682244448,-85.0,-100.0
167,167,80.20000000000019,-76.39733333333334,28.329160351521594,-70.0,-100.0
168,168,80.20000000000019,-77.864,28.360031217660314,-80.0,-100.0
169,169,80.20000000000019,-81.33066666666667,28.80537900385198,-100.0,-100.0
170,170,80.20000000000019,-76.264,28.358940459756262,-70.0,-100.0
171,171,80.20000000000019,-78.73066666666666,29.708180571837275,-90.0,-100.0
172,172,80.20000000000019,-77.264,28.69439266941657,-80.0,-100.0
173,173,80.20000000000019,-74.864,29.288371480845445,-70.0,-100.0
174,174,80.20000000000019,-76.664,28.267619355014684,-70.0,-100.0
175,175,80.20000000000019,-77.53066666666668,28.368226232099115,-75.0,-100.0
176,176,80.20000000000019,-76.864,29.069216891183487,-80.0,-100.0
177,177,80.20000000000019,-78.86266666666667,30.298304785728362,-80.0,-100.0
178,178,80.20000000000019,-76.86266666666667,32.04327188176779,-90.0,-100.0
179,179,80.20000000000019,-77.19733333333333,27.80285823835785,-70.0,-100.0
180,180,80.20000000000019,-73.06400000000001,30.034631744038425,-70.0,-100.0
181,181,80.20000000000019,-74.92933333333333,31.041410076791887,-70.0,-100.0
182,182,80.20000000000019,-74.79733333333334,28.852258020627946,-70.0,-100.0
183,183,80.20000000000019,-73.93066666666667,28.413911960321297,-70.0,-100.0
184,184,80.20000000000019,-79.06400000000001,27.519286037250325,-80.0,-100.0
185,185,80.20000000000019,-81.59733333333334,27.682167416748456,-100.0,-100.0
186,186,80.20000000000019,-74.864,28.852649283326954,-70.0,-100.0
187,187,80.20000000000019,-76.196,31.23262798207458,-80.0,-100.0
188,188,80.20000000000019,-77.99733333333333,29.13491364134944,-90.0,-100.0
189,189,80.20000000000019,-76.13066666666667,28.152243123575243,-70.0,-100.0
190,190,80.20000000000019,-79.19733333333333,29.124038059460258,-90.0,-100.0
191,191,80.20000000000019,-73.13066666666667,30.304006218467052,-70.0,-100.0
192,192,80.20000000000019,-76.79733333333334,28.912456246784412,-80.0,-100.0
193,193,80.20000000000019,-78.664,28.502671874755894,-90.0,-100.0
194,194,80.20000000000019,-78.33066666666667,28.56688980076217,-80.0,-100.0
195,195,80.20000000000019,-75.33066666666667,29.355031247735987,-70.0,-100.0
196,196,80.20000000000019,-82.53066666666668,27.539963560050143,-100.0,-100.0
197,197,80.20000000000019,-79.13066666666667,28.8345532227492,-90.0,-100.0
198,198,80.20000000000019,-76.79733333333334,28.564490652245542,-70.0,-100.0
199,199,80.20000000000019,-78.53066666666668,27.928986010157196,-80.0,-100.0
