-6.655408733191824355e-01
-1.539727900993573262e-01
-4.815539695058045355e-01
2.769214086791492169e-01
4.675394739840437741e-01
-3.586373205942207099e-01
-1.087527337516524251e-01
-1.308230860331562051e-01
9.727812548611977639e-02
1.595628473907318989e-01
7.114178590334879759e-01
1.404402400990094613e-01
-4.732174841449267588e-01
-3.705144776882014490e-01
-2.977472280070455612e-01
-5.729869164799780146e-01
9.687905646948995475e-01
-5.830637972024508286e-01
-9.260516989644630437e-01
1.165553533500129496e-01
-2.446161046931310812e-01
-7.383719975390302670e-01
-9.622889112411866508e-01
5.747557683604688217e-01
3.843969219343837951e-01
1.145884424178153366e-01
7.471002316057308024e-01
2.906210299737251868e-01
-1.752285440319356069e-01
6.488009623245000190e-01
-8.584231987425153809e-01
-9.407453042020049727e-01
1.231655452760570396e-01
6.882847840576288290e-01
4.965006393825910358e-03
-8.120877916407289732e-01
-7.261366719402391201e-01
-8.152705439415354194e-01
2.042877798709148152e-01
-1.387625239533915034e-01
4.344232255679045807e-01
8.128811747918516240e-01
-1.583567750935876428e-01
-5.370029923959467322e-01
-2.897205354880185713e-01
-3.682184142768402113e-01
4.330923017980237155e-01
9.970161378205771863e-02
6.364231382863279052e-01
8.254887279419390045e-02
-5.355755490165432786e-02
3.363975924619206359e-01
7.063563113036247509e-01
9.995724517300221823e-01
-7.927742685802823264e-01
-1.000000000000000000e+00
-6.996022135747188564e-01
-5.901597608814651563e-01
2.326564109805724367e-01
4.931240462444501094e-01
7.989229361015827147e-01
-1.416670310977111713e-01
-8.579151859225893073e-01
-1.970207241163888512e-01
-2.631746708189450223e-01
-6.976168091216866651e-02
-4.650673485893461190e-01
4.984587082113691725e-01
-1.856842202896725746e-01
-2.179681844004353053e-01
-1.987704970125469539e-01
-1.174983780429435104e-01
6.706007325975574807e-01
9.276864231298694863e-01
-3.582707452555208283e-01
1.002211919851502819e-01
-2.552367223849512645e-01
7.305878828366518807e-01
3.347407399935020678e-02
4.719276664361847506e-02
-1.587899964600903435e-01
-3.577495599355126621e-01
7.203385488838024431e-01
2.900421180487192108e-01
-1.663918948177043888e-01
1.841985851051021750e-01
-1.866677003121012812e-01
9.116158788874295649e-01
-5.220118665438875372e-01
9.021198163600057107e-01
3.258644802977245791e-01
-1.074893082647039311e-01
-7.836771512933599082e-01
7.393461535220501313e-01
-3.679398656822042701e-01
-1.444064907843170265e-01
-7.802568895918415848e-01
1.428790979921432114e-01
-9.315146969264498367e-03
-8.167681974119248567e-01
-6.567890104466039825e-02
-6.174681239327010074e-01
1.997995861623557134e-01
2.606497426213275070e-01
-9.316464796675200111e-01
5.912848093618178202e-01
7.682988171235130004e-01
4.119365705201235572e-01
4.883456395059877497e-01
-1.414390380515068851e-02
-4.223435692318332491e-01
-5.918392618066545818e-01
-6.962767934710150097e-01
5.296003906796488137e-01
-5.308112126575288414e-01
7.585768568465758310e-01
1.239884169349651788e-01
-1.467664284058428081e-01
-3.595428976344745564e-01
-9.595408169573912405e-01
2.444288246407717857e-01
9.849045178674697976e-01
-8.450573002264891720e-01
2.884391902551111109e-01
5.569187731888902704e-02
7.346768022366566564e-01
8.440858256961794037e-01
3.049411421012587775e-01
8.339665645109233250e-01
-3.045092880808564217e-01
-1.991863115967922870e-01
7.151621827613116045e-01
7.012879229436911332e-01
-2.091993829060904420e-01
5.638359894208957446e-01
9.646831103235875560e-01
-8.183817727545968923e-01
-7.618022375127750934e-01
1.919427513033583887e-01
2.512222623394760879e-01
-7.635640881423315651e-01
8.267066280008920909e-02
-4.451342325886584739e-01
6.138217210068480645e-01
2.665568654919964198e-02
5.201629195743947554e-01
3.185777270061265765e-01
7.958813809706991593e-01
-1.544836031916124175e-01
8.190142310000886328e-01
4.786119249967746292e-01
-7.078213177040179049e-01
6.480641281846171164e-01
4.402717886725763252e-01
2.361311901718944617e-01
5.236567840949808428e-01
-8.206184934501039585e-01
-1.952760393255329463e-01
3.870139935274375942e-01
8.877398095509779763e-01
-6.635782167003362320e-01
2.058268836606454433e-01
-7.484775713627946914e-01
9.825351010580329891e-01
6.737337392770482714e-01
-8.227032302469193814e-01
-1.585753743077816802e-01
3.597889062078657441e-01
6.034057313123279975e-01
-7.957864801941457733e-01
-7.233613099278066727e-01
-8.779906579135694500e-01
6.784682955191452258e-01
-6.400326518694547939e-01
-7.520382726423393560e-01
-8.092139941395284364e-01
-9.973374579504948323e-02
-5.714339989442720480e-01
6.696731602590884069e-01
4.141540218941590357e-02
-9.441458320875718568e-01
7.428416267371561466e-01
-1.432231885023524665e-01
7.600403787088155783e-01
-9.828467272755457840e-01
-8.633698780493026526e-01
-6.900686129886295372e-01
-3.811136637306178354e-01
-3.680632905121028475e-01
-9.297840384944343617e-01
2.670055521202187032e-01
-5.403912737263016908e-01
-1.548027663531957310e-01
-4.687318877377195103e-01
1.000000000000000000e+00
-1.658795579144067833e-01
5.441735286422031415e-01
-1.122367612144485050e-01
-7.607624413426129495e-01
-2.281531805572419025e-01
-6.953703645324328386e-01
-4.501356005782571890e-01
7.690378928146707205e-02
-9.217658686101647403e-01
1.000000000000000000e+00
-8.587863067556069652e-01
1.745925993762550282e-02
-5.199375609348126925e-01
-1.000000000000000000e+00
4.926537882447201699e-02
-9.713772433522719352e-01
-6.588527955872701680e-01
-2.919798440466660483e-01
8.674137790117666391e-01
8.529685218180029782e-01
8.359410226570468394e-03
-6.818857497909792675e-01
7.199849677793320746e-01
7.722200272962280732e-01
3.462774116758376985e-01
-3.619607471081984912e-02
-2.799839911924845159e-01
-8.539966791649264977e-01
-2.038065043633341400e-01
-5.393563174350796130e-02
4.285958876959520825e-01
-9.555949495278691641e-01
-1.007936847365217270e-01
6.267355650221976271e-01
-5.453377720510870219e-01
-1.062289858937801312e-01
9.580951336253209494e-01
-4.174768455006271084e-02
9.659936318614028572e-01
6.048446750620144474e-01
-6.536866229215353430e-01
3.435641676526923205e-01
-2.260328281625884062e-01
2.558185818198915884e-01
6.552936189130567080e-01
-4.159890736153613044e-01
-3.136553229571706902e-01
-4.072757868217834198e-03
-2.042729715176040683e-01
6.636122033079702165e-01
6.135561350266077740e-01
-1.297910232334823499e-01
9.044560119275629750e-01
8.987495957512243727e-01
9.391903090003120846e-01
-1.216445915017755619e-01
3.680371364292743808e-01
7.856364297148284992e-01
4.655744559141980488e-01
-4.728831140907032160e-01
1.731501417196514292e-01
-9.960632407194087712e-01
7.294139394512036967e-01
2.799874088034680075e-01
-1.187304747725487220e-01
-6.325972348883786012e-01
7.730875822906587702e-01
5.319524693237437374e-01
-1.800126515314333098e-01
4.299171381114025858e-01
