8.742399697505209843e-01
-9.652748316749887314e-01
1.000000000000000000e+00
-6.167618215357133504e-01
8.314693278997267178e-01
-7.822245171375952211e-01
-4.877005091953078297e-01
2.380495050565258064e-01
1.569403772244986339e-01
-1.000000000000000000e+00
-7.009303217493567661e-02
-7.787597827859618071e-01
-4.240447044222225292e-01
-6.620823960130010066e-01
-1.000000000000000000e+00
4.845559922788577056e-01
-1.067606591755987377e-02
8.473935640818675008e-01
-1.000000000000000000e+00
-1.293658703689122280e-01
-8.032406565554132127e-01
6.182825384844262695e-01
4.051136958718580816e-01
-4.347429833834883794e-01
1.434257221226825640e-01
-3.492274169713986964e-01
-8.418478404304727825e-01
7.590670009756799175e-01
6.036030408236134903e-01
1.811636501074987693e-01
4.893921295226604240e-01
3.282735072473935700e-01
5.117783617286839615e-01
-6.841990439855771822e-02
-3.936759219020358191e-01
-5.397802952719209513e-01
4.086346841199826052e-01
7.812573583528020782e-01
4.346312415706102272e-02
9.432090473430203570e-01
1.000000000000000000e+00
-3.395571442595476386e-01
-5.203549006093325380e-01
1.899330111822772338e-02
-7.112314556165626467e-01
-5.416364678917034992e-01
3.280007060807569319e-01
1.101393494552861396e-01
-5.814045211041245498e-01
3.527246148323416319e-01
4.240131226565785338e-01
1.000000000000000000e+00
3.154547749717970806e-01
-4.954803078037735009e-01
9.454090668818647680e-01
-9.915777873415410060e-02
-2.344246240312237994e-02
-7.200622614481978490e-01
3.851384393165493414e-01
-1.622994888749663689e-01
3.224962666835446967e-01
-1.524630627830965146e-01
-8.787904726660322741e-02
8.317877608177960402e-01
7.828656650608867285e-01
-3.851384393165493414e-01
-4.521271672961304500e-01
1.000000000000000000e+00
2.616206250175438508e-01
-9.000673863972846744e-02
6.118924904377864848e-01
4.304843732548490065e-01
7.156272650378380229e-01
-5.808124284411121385e-01
-5.334881230731924884e-01
-2.463340741786761434e-01
3.160100181812611209e-02
-7.143493691001971957e-01
-3.765809893805872610e-01
1.885646958397918516e-01
5.968859432602635628e-02
5.099275557911862045e-01
-3.851384393165493414e-01
5.253089535695025791e-01
7.046482786638907925e-01
-2.546362638438696702e-01
-6.105202043837397730e-01
5.991842631135800845e-01
3.995435574167759407e-01
-1.678814283991221235e-01
1.000000000000000000e+00
-3.246281491359427895e-01
-2.312241826294651470e-01
4.056697392024771753e-02
-5.264101271801615578e-01
-1.300411355224863064e-01
2.110705923370497783e-01
7.169434883145422432e-01
-4.297612789538318157e-01
5.520587427001391045e-01
-4.236207807865994823e-01
-1.427083180261505824e-01
-3.172908922553016042e-01
5.671906922900417092e-01
-4.630464338424723492e-01
-8.569941152345846858e-01
-3.906324208162038625e-01
2.726343857343931365e-01
6.126621277942021493e-01
2.322603298571748742e-02
1.155171702033249703e-01
-7.318425124699381445e-01
8.408929526976813840e-01
8.531666224846384816e-02
1.000000000000000000e+00
-6.345019398826856616e-02
-3.014191328615491994e-01
-1.616405687601195074e-01
2.023978361154231131e-01
1.000000000000000000e+00
1.850238688336570680e-01
1.000000000000000000e+00
-6.095920518925643794e-01
-2.264700270880778132e-01
3.851384393165493414e-01
-6.690361369399659974e-01
-2.495935440077845235e-01
-5.803255372039435311e-01
4.436712970316436522e-02
3.987916813031193719e-01
6.957017064954430507e-01
1.000000000000000000e+00
3.364215051419540137e-01
-6.387481699532233659e-01
-1.239118664665625480e-02
6.021615946169142086e-01
-6.462183267289206556e-02
1.877732295316273392e-01
8.136261771871267090e-03
-2.082373367928384567e-01
1.288636673584262760e-01
7.805961888340321453e-01
-3.129894047729347428e-01
-9.427436633743300209e-01
2.763683513224473587e-01
1.011470489651927207e-01
6.343273354897991378e-01
5.335612246781907819e-01
1.000000000000000000e+00
-3.304268620263526440e-02
-4.168525640312661373e-01
-1.000000000000000000e+00
3.589920517600743155e-01
7.454100763884445868e-01
2.199066386948005380e-01
-1.000000000000000000e+00
1.706751398343179793e-01
6.638989407224592521e-01
-1.429757192929924647e-01
1.719130749903821087e-01
9.858339580956038128e-01
-1.000000000000000000e+00
4.544405599216841396e-01
-1.846176496545973711e-01
-9.782125150659867208e-01
-1.000000000000000000e+00
-1.000000000000000000e+00
8.313420177351718010e-01
2.276092248138296137e-01
-6.053993962338344303e-02
-8.339910194440385283e-01
8.622058159041612324e-02
-2.700432051976302539e-01
1.000000000000000000e+00
1.000000000000000000e+00
3.434051397846618059e-01
-2.109722638018046714e-02
6.273588660489637370e-02
3.309756176586290954e-01
4.533500771214009628e-01
-1.609901665621252254e-01
-4.076191153730363004e-01
6.267342926515061530e-01
-8.799671092214017554e-01
1.920732522878240700e-01
-6.344488455239998270e-01
6.486416722226723275e-02
4.161266621876111849e-01
7.416006740432027344e-01
-1.840175214091679945e-02
1.000000000000000000e+00
-3.794320098248649686e-01
3.622757820442824017e-01
-1.000000000000000000e+00
-1.000000000000000000e+00
-1.000000000000000000e+00
-9.855653269507755332e-02
2.679289206793794564e-01
1.000000000000000000e+00
-2.690117510509111853e-01
1.000000000000000000e+00
1.000000000000000000e+00
-1.032295175425715916e-01
-3.851384393165493414e-01
-9.377264518174278640e-01
5.584378557208218297e-01
1.000000000000000000e+00
2.339241767643204795e-01
-1.795115053013780493e-01
2.521681298458774423e-01
2.671046487914474632e-01
-1.000000000000000000e+00
8.092845015449574575e-01
3.089890001578832757e-01
7.820175197666519029e-01
-3.645664218444119031e-01
3.695318537364771228e-01
-9.625975488996196816e-02
5.233625021421111079e-01
2.516574491320257012e-01
-1.554730671333296246e-02
5.745657551004965669e-01
-1.562896598687006922e-01
-3.828859567114295537e-02
-5.431640916755842152e-01
-1.000000000000000000e+00
-3.646283641488033411e-01
-2.574243973728240764e-01
1.000000000000000000e+00
-2.396000639910016161e-01
-8.327814655341119199e-01
-5.296261145345882992e-01
3.038136744391342070e-01
3.304251590433189278e-01
-6.334093765618190597e-01
-8.550427877426136636e-01
-4.943215920287907794e-01
6.510098178443607386e-01
7.408867253218875959e-01
-1.541496334521813560e-01
5.560756992593214321e-01
3.851384393165493414e-01
-1.000000000000000000e+00
5.349437286009171011e-01
-3.851384393165493414e-01
-3.527716453222971005e-01
3.344759397333166850e-01
-3.416649018130620830e-01
-6.092230535060161323e-02
1.000000000000000000e+00
-2.020780693903426184e-01
5.369763853063969083e-02
3.322673194303409905e-01
5.440444177648240398e-01
-5.987958631356867789e-01
-1.538025023455899531e-01
2.651170315797066745e-01
3.557207558254447122e-01
6.122678770059849507e-01
-2.075585739512536554e-02
4.486867139299838270e-01
-6.669834352266078292e-02
-9.211920374000189815e-01
9.042593730175231270e-01
1.774118094253418765e-01
