-4.923707926398118717e-01
8.691844572423103044e-01
-2.252642314828934636e-02
-3.028484347478606065e-01
6.934250667728139028e-01
-2.679247896240556370e-01
9.644909441564109009e-01
-1.000000000000000000e+00
-1.000000000000000000e+00
9.665327474731025825e-01
-8.118166457814804948e-01
8.860758752285408102e-02
7.182673043845936300e-01
-7.301803101706429988e-01
-9.865365231813673086e-01
-3.503258617934467134e-01
-1.123972312578874200e-01
3.966830819693304422e-01
1.000000000000000000e+00
4.456762418926971669e-01
6.823337945696430484e-01
-1.186461531563598459e-03
6.025980312152088292e-01
-8.374180063709671940e-01
3.626357542013476376e-01
7.643829310408278843e-02
-1.000000000000000000e+00
2.437774627889804369e-01
-6.621843934820559330e-02
-1.000000000000000000e+00
-9.460027720338913815e-01
7.041192454411688839e-01
-9.409168580829724293e-01
-5.183578435525971750e-01
-3.272969675846563176e-01
1.925574446103119342e-01
1.273998788039513996e-01
1.000000000000000000e+00
-5.940479403002512093e-01
-6.341548751679876306e-02
-6.176058573538308893e-01
9.167437071277253491e-01
1.000000000000000000e+00
-1.000000000000000000e+00
1.000000000000000000e+00
8.458618424591879403e-02
-1.000000000000000000e+00
4.241312828361712972e-01
-1.000000000000000000e+00
-2.284803588247024675e-01
6.509601530251674095e-01
-8.827586628534019875e-01
-1.535535619314962741e-01
3.417673854094899211e-01
8.745684538555169585e-01
-2.153691730513251912e-01
-7.091222876951550624e-01
-7.777095259944859507e-01
4.542383498382083218e-01
-6.414059271671034290e-01
1.000000000000000000e+00
-8.968559252344194821e-01
6.264278911325360522e-01
1.500862902387170017e-01
2.464056998595648418e-02
6.002794473115938279e-02
9.464590443692108002e-01
1.804540441582687671e-01
6.442309526126268615e-01
8.701077750817197698e-01
3.030071443421128996e-01
5.702874020109236497e-01
1.442446863572995897e-01
-3.718041946895783156e-01
6.602904277848028469e-01
3.381398971982881863e-01
-4.680388537432626506e-01
9.149372750986572989e-02
-4.988497949213404614e-01
2.247077845057610102e-02
6.734954388458129770e-01
-1.163736793271561432e-01
6.514739217232189405e-01
7.695288246804311560e-01
-7.260255002249447198e-01
-1.000000000000000000e+00
-6.884671189695571458e-01
5.348340471614307368e-02
-6.436882038126374717e-01
4.825776817057772505e-03
3.493137599101736601e-01
-5.560280847698058082e-01
4.412739700515176666e-02
-3.258346722663273409e-01
5.799349235564319471e-01
6.725466064590079895e-02
-1.423084263939717875e-01
-4.332768811991621893e-01
-1.500862902387170017e-01
-8.004689975636164467e-01
-1.464695380370867328e-01
-1.000000000000000000e+00
2.065975214644664437e-01
8.515320436919123770e-01
3.075485780752966747e-01
1.986977783542720477e-02
6.914862959585248436e-01
-6.267289791749722783e-01
6.539099609679014380e-01
-1.500862902387170017e-01
2.764104686274861944e-01
1.133791988190679945e-02
1.000000000000000000e+00
-8.403783875939963011e-02
-4.533537017447419881e-01
6.155481219187266539e-01
-4.707287848230297667e-01
-3.586022413184586366e-01
7.847514977855383211e-01
-2.319357068463145932e-03
1.000000000000000000e+00
-6.116275851340235992e-01
-2.135281181958417762e-01
-1.000000000000000000e+00
-9.578830343377088274e-01
3.668377991339714095e-01
-1.000000000000000000e+00
-9.713585673144848887e-01
2.299053205786147636e-01
-7.054284823247103375e-01
-2.047862565643196464e-01
-6.884244650481902150e-02
-9.778664462190467255e-01
-2.871210876912807519e-01
-3.255339533380910422e-01
9.711802147847928834e-01
-2.953800567847861269e-01
-4.661177115364421863e-02
2.085679086961284845e-01
3.272847565085597044e-01
-8.183089199711001127e-01
-2.974149546195676841e-01
-8.073689710938010133e-01
-4.805631021166307804e-01
-6.917346110540438797e-01
-6.975236597009679684e-01
5.012964079629678160e-02
4.855557573698334739e-01
-1.735277978800803256e-01
-8.094581421669300170e-04
2.708203109278345400e-01
1.000000000000000000e+00
6.464943896716171534e-02
8.275668184358063728e-01
-1.107654781294314938e-01
-5.138694250414315157e-01
-2.257831226542634795e-01
1.000000000000000000e+00
1.000000000000000000e+00
-5.228409721786952957e-02
-9.946312881670602568e-01
-4.068095927797371614e-01
-4.887778417128391673e-01
1.000000000000000000e+00
-1.271189084634022359e-02
9.442028635206209941e-01
1.000000000000000000e+00
-9.942763533559192402e-01
-1.000000000000000000e+00
-3.008264862155463626e-01
-1.502377832207243413e-01
5.341219767134214313e-01
-3.347013881893047271e-01
-1.869713251288156464e-01
9.125534408589072721e-02
-4.448394878396508823e-01
5.300440240424534322e-01
7.977020580964641061e-01
-1.177889041591504982e-01
-7.219836669421894060e-01
1.111263312266703163e-01
-1.022327497747716474e-01
5.662703235204036289e-01
4.616129109428466215e-01
-2.954890772661536991e-01
5.275836987574225034e-01
-2.720586121447924333e-01
5.927039120561077290e-01
-1.000000000000000000e+00
5.532146102613639815e-01
-1.000000000000000000e+00
1.778935964768118272e-01
8.199264991668091529e-01
6.968731404864672019e-01
-5.442159575929406135e-01
-1.500862902387170017e-01
8.862797104907338408e-01
1.656075546467856707e-01
-3.235729215742367826e-01
-6.555618947140728903e-01
9.908456723562850677e-01
1.447852111242518003e-01
-6.960185652733644757e-01
2.691473307590053765e-01
1.671926191381138405e-01
4.304171563888731789e-01
-6.406982929334159582e-02
1.000000000000000000e+00
-6.430080471702848133e-01
1.000000000000000000e+00
-4.571429699185047824e-01
-8.846841174318904599e-01
7.843374341809506989e-01
-5.770613350777520356e-01
4.130403996969176372e-01
-1.773800393862985936e-01
-1.850159045137926284e-01
5.861404609170777213e-01
7.465462907890029198e-01
6.847070268380730518e-01
-8.704526732029133074e-01
7.739155920695905966e-01
1.000000000000000000e+00
1.000000000000000000e+00
8.470839842382917872e-01
-7.815102281677954732e-01
-7.674175481972167479e-01
2.880711095512523690e-01
6.054633692869763051e-01
-3.021874859639152033e-01
-1.363540535220408301e-01
-7.940044463711346534e-01
3.187333077570494999e-02
-1.000000000000000000e+00
-1.686286789923685525e-01
1.000000000000000000e+00
-7.613966283817773517e-01
1.000000000000000000e+00
9.344449878134283294e-01
-2.868815877898348576e-01
-1.000000000000000000e+00
3.599840558198753593e-01
1.000000000000000000e+00
1.000000000000000000e+00
-2.397600630966258972e-01
-4.727402000011230454e-01
7.311412674362425257e-01
-5.852113238895374492e-01
5.774749704260215832e-01
6.276553286206337789e-01
-3.975335280954425121e-01
8.012021779869034077e-01
-6.425431127137746223e-01
-5.724518880325836223e-01
-4.931811616283736099e-01
2.102735528221387762e-01
-2.500753089751337477e-01
1.000000000000000000e+00
8.903917113374824055e-01
-1.000000000000000000e+00
2.149680782911472798e-01
8.942040797014935705e-02
-1.000000000000000000e+00
1.000000000000000000e+00
-1.000000000000000000e+00
