6.306501086062544781e-01
-4.741543947454233132e-01
-7.097172523397742294e-01
-4.638610200528602290e-01
1.643877344784583083e-01
1.789131656881666477e-02
-6.833160224786712922e-01
9.257818703959372897e-01
-4.810187502422043071e-01
-1.512812400779227628e-01
-5.004182121228544812e-03
6.887628039928721524e-01
1.378816943191282784e-01
1.433045984088688884e-01
-6.462627299777192746e-01
-8.567461512858098871e-01
-5.309537926999469137e-01
-1.024640686089600961e-01
1.350711554112779822e-01
3.819073346785062384e-01
-8.187764348162208938e-02
1.000000000000000000e+00
-5.398582620290113265e-01
5.740912308608923098e-01
-4.410253927674745444e-01
1.001200323702444300e-01
-6.094038263255208143e-01
-5.757024425556704628e-02
-5.702935836506954903e-01
4.554938560443468343e-01
-9.867820659272572570e-01
5.469191130431216852e-01
-5.089044859520986952e-01
-2.246975802333648631e-01
8.098788692546627921e-01
1.972997938956570774e-01
2.034601467838558497e-01
-2.120186483651427256e-01
-4.301122901431047030e-01
-8.937449731455970880e-02
-1.000000000000000000e+00
-6.482281057085114151e-01
2.680990127919667954e-01
-5.586100863822818230e-01
-1.062002489820904616e-01
1.000000000000000000e+00
6.175409401237145213e-01
6.615249304073022030e-01
2.870185900447721483e-01
-1.000000000000000000e+00
-2.672638253037817879e-01
-4.289775962664263420e-01
-6.000626227136932611e-01
-2.309784509536840502e-01
-8.594182203512434892e-01
4.601851563597676442e-01
-6.149705166327147365e-01
4.516902206615331927e-01
-1.000000000000000000e+00
-9.582897222331107079e-01
2.134391617422451426e-01
-4.481344525694312964e-01
2.135557115711002596e-01
2.477569271016623609e-01
4.150958361129927776e-01
-6.666263198807696397e-03
6.236901209638222587e-01
1.669063673779444812e-01
-7.151893950246182019e-01
4.517154670761019397e-01
-9.459591451897284009e-02
7.194165135228915986e-01
-4.295700043750468738e-02
-3.832837009030075626e-01
-9.682176701085638826e-02
9.576531391425736617e-01
9.427550419404956417e-02
9.349703143000596128e-01
7.911644511901807508e-01
5.129208987953011167e-01
5.763083465413049167e-01
-9.551690996763559371e-02
-3.502434226903429204e-01
7.828180430167154258e-01
-4.770957247088857822e-01
4.039383114896566984e-01
-7.780385022774274351e-01
-2.500134637338879973e-01
3.897467588959915297e-01
-1.803372370349812792e-01
-4.869343945283392538e-01
4.604624953139336285e-01
-6.782596862122843850e-01
8.955969746057840242e-02
-2.506675747997175185e-01
-2.903836092382012790e-01
-3.352875836267181775e-01
1.299784286714854853e-01
1.687976729507388585e-01
-4.445744323636171419e-02
7.687103214952024643e-01
-4.794626130793793184e-01
1.000000000000000000e+00
-2.837326927546438560e-01
1.000000000000000000e+00
2.635717076311119844e-01
-9.351780770672931675e-01
1.998386752776127595e-01
-5.666731830563137562e-01
4.252338294800437901e-01
-6.735959063304141070e-01
8.513447964222476960e-01
9.220474893021377572e-01
-2.314650971447400618e-01
-3.653297685829427766e-02
5.794377527033891528e-01
-7.535074178721558325e-02
3.458514305471652728e-01
-5.877220015723262359e-01
-3.401548912936225855e-01
6.865646927401526378e-01
-8.754541909325768145e-01
-3.585311037704156933e-01
-9.733356928110223905e-01
-6.229338832649583546e-01
-1.000000000000000000e+00
7.762867641109768568e-01
-1.825960662176982496e-01
-2.504088227922796062e-01
4.053094005046092851e-01
1.169388744803267904e-01
3.913506168319756950e-01
-6.511359589622126576e-01
-9.733986076532155640e-02
2.746221265237129838e-01
1.134228017062049593e-01
9.244450037565240530e-01
-4.280121764570272713e-01
-8.887923383767023511e-01
-2.886779589785357647e-01
-1.671698563318642083e-01
6.655971471994822641e-01
-9.407115104264075489e-01
2.396030442473416344e-01
-2.054845186976500537e-01
3.097103963662485304e-01
2.849141183510870978e-01
2.799633657745009829e-01
8.701974799880409783e-01
9.215574247783032968e-02
-4.455813332088182088e-01
-3.960655911464894263e-01
9.806865395349571024e-01
8.954268801213393081e-01
3.366902325270267893e-01
-7.113029349397698153e-01
5.698268746645972216e-02
-2.325291531844683179e-01
-6.671736543825217414e-01
5.344564486215446220e-01
-3.366417342122011713e-01
8.360202532751997984e-01
4.590237731564719148e-01
-1.099406343363280997e-01
6.799858996301129110e-01
5.394159852491197116e-01
3.380719612436398069e-01
2.364223324605677357e-01
2.564343788374798261e-02
-2.627988068274289546e-01
-1.690957449559558901e-01
5.420807561946673347e-01
-1.000000000000000000e+00
-1.000000000000000000e+00
2.917337941537493928e-01
3.067022190655386282e-01
-1.000000000000000000e+00
9.921212165506702041e-01
-7.834348322507019846e-01
-7.331048710744374475e-01
-1.909670110062917647e-01
-1.000000000000000000e+00
-4.593653933356089264e-02
-1.000000000000000000e+00
5.223532853319744484e-01
3.610405932487033009e-01
5.581522199560365882e-01
-3.647448569994695133e-01
-4.877169381999812980e-01
8.303000041651897867e-02
-3.520901779872363524e-01
2.318751356286234411e-01
-8.771378806825879115e-01
-7.006888631888115171e-01
-4.300171619144757540e-01
1.000000000000000000e+00
5.897290061833103669e-01
-7.323774010169219473e-01
-8.163579892002731375e-01
-3.024263418229321543e-01
5.952327092516015439e-01
-4.006914461687102746e-01
4.620457120720496969e-01
6.113331857053434099e-02
-5.887023455386652948e-01
5.782584439868784232e-01
-2.271814988243967548e-01
2.021360923682643806e-01
-2.309675521030548836e-02
6.707777563050411063e-01
-1.000000000000000000e+00
-1.163154400130506777e-01
-3.882040207010886701e-01
2.718113237798114867e-01
5.621244051678096765e-02
7.512293467580742901e-01
6.261687744586863502e-01
2.946945456911945760e-01
-5.893411603450353642e-01
4.937664140838585736e-01
7.274918011642976523e-02
6.396037770162424363e-02
-3.481325179862831409e-01
1.538329170002921131e-01
-1.285843684572671175e-01
6.209214111752096033e-01
2.937990205170675287e-02
-1.494692341569935357e-01
9.813520065913441393e-01
9.226564144502592546e-01
8.850336862717675945e-01
-2.374303106437801805e-02
6.020610208608550007e-01
4.639307451945554051e-01
2.523665554161110824e-01
-2.608015151264950204e-01
-2.952347574086028326e-01
-5.498165459611641381e-01
8.804008391050924254e-02
-2.868471459866859807e-01
-1.000000000000000000e+00
9.148080201699053671e-01
1.000000000000000000e+00
2.694767587926822916e-01
6.348676561375193872e-01
4.741763209673218182e-01
2.984166846480018065e-01
6.592151381574669344e-02
-4.419352834771225758e-01
-2.419095897839877718e-01
7.372847452578792371e-01
-4.107854388464777240e-01
-2.899276487298632077e-01
9.845502539984416490e-01
-7.042146526683140673e-01
-5.269211811827283487e-01
-2.224237782137444830e-01
-1.152158290620995257e-01
8.547424227850040079e-01
4.636530807581371039e-01
1.000000000000000000e+00
5.541524149633811902e-01
3.392964066493289188e-01
3.241774854909099668e-01
-9.569870667301326739e-01
