3.747793139232074022e-01
1.614879498246095113e-01
-1.000000000000000000e+00
-1.000000000000000000e+00
1.000000000000000000e+00
-2.500220333900330938e-01
1.872670981444307658e-01
-4.562658206401293270e-02
1.577235344294374841e-01
-9.394573397516584601e-01
-3.377957274709565971e-01
-1.000000000000000000e+00
-1.542421750326311014e-01
6.447817206611903273e-01
-4.772756401550177774e-01
-3.859158691780917305e-01
-1.000000000000000000e+00
-1.449877707602046373e-01
-1.645519471856323745e-01
-3.134309738039590121e-01
5.908196393340068298e-01
5.640706129998149798e-01
3.282398955161653364e-01
-1.667105362893793463e-01
5.150112137769383702e-01
1.000000000000000000e+00
1.000000000000000000e+00
-5.332538499325065878e-02
1.000000000000000000e+00
-6.812917607673596443e-01
5.763755255079849177e-02
-1.000000000000000000e+00
-3.197853322911688445e-01
2.229996800708127225e-01
-1.000000000000000000e+00
2.102351205936897616e-02
-8.736483871962191783e-01
-1.000000000000000000e+00
-4.304715346762074679e-01
2.252900693147896760e-01
1.000000000000000000e+00
-4.799450561269864579e-01
1.000000000000000000e+00
-9.338655683142165209e-01
9.073139440589776950e-01
-1.907742364338382846e-03
1.967653532868771371e-01
1.000000000000000000e+00
6.127888183069516437e-01
2.153364345744057107e-01
8.104359239303173812e-01
5.240913585594692004e-01
6.928883142262323158e-01
1.000000000000000000e+00
9.734197995391871139e-01
5.243113161085061202e-01
1.408137376353366943e-01
1.713686544714740634e-01
-7.423875113134974502e-01
5.984930129957644063e-01
3.975610506618344475e-01
-6.607600120881267358e-01
-7.567705815578434914e-01
4.366209443731984274e-01
-9.168545392790675708e-01
5.662348596495520026e-01
8.382457555403822758e-01
-1.000000000000000000e+00
-2.682894415474214589e-01
1.000000000000000000e+00
-6.625886747488325401e-01
7.003366964421929852e-01
1.000000000000000000e+00
-7.355657448010093358e-01
1.782589363433499385e-01
-5.845350458240177183e-01
-2.185722943997525092e-01
5.340610467628750246e-01
-3.000938254000680150e-01
-3.342619919055996314e-01
-2.780506158718534793e-01
-8.081894273840461995e-01
7.688860086627823387e-01
-4.340082776103031947e-01
-8.353595972488540022e-01
-4.333216255378051496e-02
4.352238821514287093e-01
-8.238226582054257729e-01
-4.841382093012014942e-01
-5.156327404882860010e-02
-6.053831372979002756e-01
-6.682987881668267516e-02
1.000000000000000000e+00
1.000000000000000000e+00
-1.000000000000000000e+00
5.728636606240535833e-01
-1.000000000000000000e+00
2.620588957316373202e-01
-2.122544565192954480e-01
6.560230615620018524e-01
-3.720341989067881272e-01
1.000000000000000000e+00
-5.624522845218677958e-01
4.391977934610213907e-01
-7.290196118627233490e-01
-3.113071213545255400e-01
1.871847516300571557e-01
1.064382190258361949e-01
-6.819766938499077780e-01
4.305180700689348883e-01
1.000000000000000000e+00
1.000000000000000000e+00
-1.000000000000000000e+00
-1.000000000000000000e+00
4.761246467363233204e-01
-1.000000000000000000e+00
1.191302846231884760e-01
-1.000000000000000000e+00
1.000000000000000000e+00
-1.000000000000000000e+00
-1.000000000000000000e+00
-2.109627785932324251e-01
9.634026128557575674e-01
-8.501097146815692618e-01
-5.802894017309719876e-01
-6.391470888343399048e-01
1.188941078235414006e-01
-1.000000000000000000e+00
6.545902469860314099e-01
-1.000000000000000000e+00
7.964987951745297057e-01
8.910833002080619236e-01
1.000000000000000000e+00
1.000000000000000000e+00
-4.260747937580794953e-01
5.504855165190534194e-01
-7.821262581560508576e-01
-5.164784771947673603e-01
-4.277636578367702835e-01
-1.391072298111713235e-01
-1.376380941567363903e-01
-2.955828222478805722e-01
1.000000000000000000e+00
1.000000000000000000e+00
-1.000000000000000000e+00
-3.874736385066162025e-01
-1.000000000000000000e+00
7.092772259656143774e-02
-8.144405281307310895e-01
4.396342663992583999e-01
9.211293952023352771e-01
-6.494707401499274502e-01
-7.604991776231265765e-01
-1.714692071774283344e-01
-1.000000000000000000e+00
-1.000000000000000000e+00
4.743856563496245404e-01
1.000000000000000000e+00
5.598049600454942931e-01
4.426257476285491016e-02
3.071315676861728905e-01
-2.660018663955650009e-01
-1.000000000000000000e+00
1.942538977932427580e-01
1.000000000000000000e+00
9.107746704388854919e-01
-5.906426740404556730e-01
-1.000000000000000000e+00
-4.566930474410373364e-01
-1.000000000000000000e+00
-7.265884465461730501e-01
1.000000000000000000e+00
3.055356844579678460e-02
-7.257044473583087463e-01
-5.505132091195032995e-01
-2.027799304867710095e-01
1.807943293925017569e-01
6.506402399602573272e-01
1.000000000000000000e+00
-5.020444292286542209e-01
-3.032700226306126456e-01
1.000000000000000000e+00
-2.350453090513333204e-02
1.560851412841491592e-01
1.244988953274975552e-01
6.643716213329874387e-01
-9.056301638366531792e-02
-2.627331950758565737e-01
1.000000000000000000e+00
-1.000000000000000000e+00
6.908725155254111794e-01
1.000000000000000000e+00
7.575048607606251760e-01
-2.475727772815928263e-01
3.719778975096283968e-01
3.903670809294335631e-01
-7.909713612213886691e-02
-2.923668898439102382e-01
-6.187213941894024183e-01
3.617200361163920297e-01
-9.573814025598647026e-01
-2.291811365626152952e-01
8.530617060402534424e-01
-1.000000000000000000e+00
-7.557771789908526716e-02
-9.739246934377000509e-01
-7.620222641903875438e-01
-8.559093791989318412e-01
6.386692443162748922e-02
1.000000000000000000e+00
-9.954521998389195270e-01
-1.000000000000000000e+00
3.246272795941679834e-01
4.191783397643462084e-01
3.139625792598844667e-01
-2.245134594642915760e-01
5.462990942758904067e-01
8.620901536744224325e-02
1.000000000000000000e+00
9.559296365978990906e-01
-1.000000000000000000e+00
-8.629676041583022039e-01
8.818405865681939737e-01
-1.000000000000000000e+00
-3.706154394196430890e-01
5.273724285220017238e-01
7.803772728722523366e-01
7.182363736070329630e-01
1.000000000000000000e+00
-1.000000000000000000e+00
-8.238632147298515784e-01
-1.000000000000000000e+00
1.000000000000000000e+00
8.701003529576073481e-01
-1.014664659678651271e-01
-7.706619126156181165e-01
1.910667208049146026e-01
1.000000000000000000e+00
1.000000000000000000e+00
-1.000000000000000000e+00
5.171448229118909001e-01
-3.799912773435596414e-01
7.516601194173895273e-01
-4.803470737817202574e-01
1.954662920689769212e-01
-4.062696072790565327e-01
1.000000000000000000e+00
6.956637712236182214e-01
-5.886173398014384883e-01
-8.575979922957970292e-01
1.000000000000000000e+00
-1.000000000000000000e+00
1.000000000000000000e+00
1.709756804737180003e-01
1.000000000000000000e+00
-6.489365299275169363e-01
5.666415622517881889e-01
-1.000000000000000000e+00
-7.564845649067177824e-01
5.089007950531668767e-01
-3.543841411191359647e-01
7.376228320282253170e-01
9.805230119578389747e-01
1.000000000000000000e+00
1.000000000000000000e+00
