1.321348711149309407e-01
-3.859239849349228590e-01
5.222630218596846507e-01
8.471959277268860111e-01
-1.000000000000000000e+00
-5.055920100945885398e-01
-1.127627872378453022e-01
1.000000000000000000e+00
5.090484069420651014e-01
5.096356386810434458e-01
3.886315777763591495e-01
-1.314161959916100852e-01
7.853474848952212151e-01
-5.472353403311202014e-01
-1.626604319396921516e-01
-9.113476552260978414e-01
8.620190578664173042e-01
1.710796017474705000e-01
-4.278432330689463381e-02
-6.859633772610751468e-01
3.959263010290507423e-01
1.746188986600053228e-01
-5.862393351910260009e-01
8.565043178115693268e-01
-6.471897534796311469e-01
8.766012026621158304e-01
-4.071112077033511301e-01
-2.076025966602964568e-01
5.091950156351081613e-01
1.000000000000000000e+00
-7.847743158579556511e-01
-9.349537693558392926e-01
-2.374429741180541786e-01
-3.400312117533470513e-01
-6.473591204218694939e-01
-6.294084750761503866e-01
1.000000000000000000e+00
-1.000000000000000000e+00
5.574619240472158399e-01
8.355971638590690143e-01
1.000000000000000000e+00
-5.827255462172760136e-01
5.512564688009650160e-01
-4.676448023511321495e-01
7.847743158579556511e-01
5.348087053306909144e-01
5.777885944178527966e-01
2.128222329678617630e-01
-3.027391602131906945e-01
1.831824949198546104e-01
-4.205600884028104502e-03
1.000000000000000000e+00
-1.000000000000000000e+00
-4.782684255202437340e-01
4.934958199256695988e-01
2.463467208164815681e-02
1.416211377011647454e-01
-7.762976805892827237e-01
8.002027557312496597e-01
-1.000000000000000000e+00
6.609484996882580843e-01
-3.552745249923521254e-01
-7.914120511286986126e-01
-5.353953159536579687e-01
-6.207289882923729962e-01
-1.000000000000000000e+00
8.413934744980076097e-01
3.739550264563723525e-02
3.075481245346952108e-01
1.988482451534064332e-01
-7.498564257461957094e-01
-1.000000000000000000e+00
-3.475226049629550618e-01
5.807194615724008413e-01
-4.050203967644225855e-01
2.599034691417293486e-01
-2.064433999509807660e-01
-2.584362237741681945e-01
9.400007260031209566e-02
2.210915489946766455e-01
5.384513838480046166e-01
3.771816016516170156e-01
-9.151953546999026523e-01
8.666088872543251109e-02
-1.000000000000000000e+00
8.227209885257379396e-01
-1.227759653919687777e-01
-8.208818410914926478e-01
9.649941831760294741e-02
2.184892130908509811e-01
-2.049286232404530783e-01
-4.159336045029796702e-01
-3.584265413295236735e-01
7.874778973981529928e-01
6.594683486072639989e-01
7.313552321669397616e-01
1.260484246170374134e-01
4.498018084830834318e-01
7.370413695833402112e-01
1.657575159928836861e-01
1.624184832246832189e-01
9.266503951923883431e-01
-4.584656549012945392e-01
-2.545445740634387222e-01
4.707069804982523253e-01
3.076972048718000785e-01
-6.603838073020111832e-01
-4.749536609451932012e-02
1.443682334252978650e-01
-6.280998890659931222e-01
-5.956223550294518221e-01
-6.916788363783470395e-01
1.000000000000000000e+00
9.082598331799237590e-01
4.564004970273531914e-01
8.455152175622190902e-02
7.311380680986394598e-01
1.592344270573959886e-01
1.000000000000000000e+00
-2.674786014076446783e-01
5.241150234642499850e-01
4.432631953330767316e-01
3.028696340725562930e-01
2.071812893200503103e-01
-9.294098068054930106e-01
6.943815455128461434e-01
1.330603752537780071e-01
-4.048930848898312784e-01
-5.815628005522430755e-01
-1.000000000000000000e+00
-5.568431724706157659e-01
4.211829643328805495e-01
-3.144332313271877011e-01
-9.097541326121017999e-03
4.029263341628555595e-01
-5.480742469538824047e-01
4.757272836562954632e-01
4.204920438677175465e-01
-8.382807295965830630e-01
-4.327397461320310335e-01
7.249406801054999461e-01
1.059223982526374397e-01
-6.522340943495613663e-01
4.509881626093882323e-01
-6.380744169694559931e-01
-2.587658641451329178e-01
-1.000000000000000000e+00
-6.958773200471427556e-01
-3.946238896412346819e-01
-3.405761643003857309e-01
7.938346746937653409e-01
6.046285306265423154e-01
-5.987503075559108545e-01
5.702531280160187954e-01
8.978394151051984906e-01
-2.340603664533422723e-01
8.115709155400657737e-01
-7.015755760291191301e-01
3.111912567550918496e-01
3.958131972989942238e-01
1.000000000000000000e+00
1.000000000000000000e+00
5.858131626223712640e-01
-4.536297210961554027e-01
-3.937451082908534072e-01
3.486217204258963975e-01
8.403055329849582478e-01
-7.918319829642874730e-01
-3.477800008454620118e-01
1.000000000000000000e+00
-3.635649918206945719e-01
-1.139864521327688118e-02
4.162268288990552678e-01
2.310518558173094150e-01
-4.507786482000064598e-01
5.338643297273728550e-01
-1.432712772157683501e-01
4.119533101025740773e-01
-6.769653867481160159e-01
5.369213525752135618e-01
4.327397461320310335e-01
3.083990357464169718e-01
2.394054062921622261e-01
-3.901335877687533982e-01
-6.486736774823209650e-01
-1.000000000000000000e+00
-4.071208727457524823e-01
-4.449037151347657870e-01
-1.000000000000000000e+00
-4.696286775526095081e-01
-4.438937119680106402e-01
-1.000000000000000000e+00
7.973335261272328500e-01
-3.257961632244665839e-01
1.000000000000000000e+00
-1.000000000000000000e+00
9.541431237292617995e-01
4.403956317674742049e-01
-8.268035321865202514e-02
1.000000000000000000e+00
4.844950996600955184e-02
-1.266593443004602193e-01
-9.104187642205068265e-01
6.758844130738839162e-01
-4.327397461320310335e-01
-7.753884240867027211e-01
-3.218388708848707314e-01
9.529012197379398419e-01
-4.815214852893490161e-01
1.012594589510107390e-02
-1.000000000000000000e+00
7.508146493026642831e-01
2.506664434590766266e-02
-2.429825285394120876e-02
4.659563041881207845e-01
-6.716026884543037090e-01
-7.802696212025996836e-01
9.248758669553702738e-01
-4.561314154567120971e-01
7.896795050241544045e-01
1.883385053959044375e-01
4.048926631951682564e-01
-6.720097543078078495e-01
7.736444286798981329e-01
-8.009917852454631060e-01
-1.000000000000000000e+00
4.128414179295420983e-01
-5.169673754123771392e-01
-2.810755208178594144e-01
-3.103640313447161292e-01
-7.525368957209626064e-01
-2.269318192735498840e-01
7.941502065945948985e-01
4.592598103913161922e-01
5.445515390771387132e-01
7.646571307950428276e-02
-4.793551526732989232e-01
4.107583485808766754e-01
8.296118166105129754e-01
-9.234831204838883645e-01
-7.135242970817523567e-03
-1.774666659248602674e-01
2.164260269601363806e-01
-6.961339063784974801e-01
-2.393972606158168703e-01
-5.757056319882990492e-01
-1.111395698323090486e-01
1.106678725854837175e-01
7.142088385021294616e-01
-7.343025953288843111e-01
-9.573330497441823184e-01
1.899279635790981080e-01
-4.925346896325972779e-01
-2.502835593832793415e-01
7.824607972436004033e-01
-5.591482492892176914e-01
-8.037950565183780149e-01
4.564004970273531914e-01
-7.660050626066340351e-01
-4.901718169205505626e-01
-1.000000000000000000e+00
-8.737732156777977544e-03
-1.000000000000000000e+00
9.521834362682337627e-01
5.259234044044048817e-01
