-4.298482147872768055e-01
-5.884328515470341192e-03
8.003596370247605396e-01
-9.711729511734755738e-01
-1.818794056080037802e-01
-3.452387113897004145e-02
7.826085829327605881e-01
7.429064686874975454e-02
-7.040821809516945029e-02
2.637482384472692454e-01
1.658468707739322312e-01
-8.476046566164530116e-01
1.000000000000000000e+00
-1.528026940785441878e-01
-8.375916159042151587e-01
5.381839159873079703e-01
5.228352929901132207e-01
-2.243014745347167715e-01
-4.020656518956534087e-01
-5.592091323862082852e-01
-8.502885635751532278e-02
7.173679515658836214e-01
2.807935756419484008e-01
4.455175020843032407e-01
-6.106500154733696117e-01
7.116840420948135348e-02
4.261114039479069748e-01
-6.122706852500188202e-01
1.600288349567510066e-02
5.228619895877424373e-01
3.229196986708800232e-02
8.282791476136872055e-02
2.740517349210411790e-01
3.286466570285774547e-02
-8.979694102491716512e-01
1.736828619635763238e-01
-1.132041090624844593e-01
3.451000087154861840e-01
-4.513174895250685603e-01
7.957367486320784389e-01
4.500197572960890069e-01
8.333070075933558529e-01
3.935687490350106010e-01
2.341752762580678604e-01
-9.681949445930106979e-01
4.533619791148857381e-01
-6.276549850500930949e-01
3.999849644322241993e-01
-8.012113130302507269e-01
-2.125252149487855680e-01
-9.624305610547836398e-01
-5.138862387358128503e-01
8.718443182322593854e-03
4.715769494154248287e-01
-3.762702867596433576e-01
-2.300999032259544719e-01
-6.486417009300377012e-01
-4.958266211585861671e-01
6.715405460267279691e-01
2.706493137352258271e-01
1.015034937954776006e-01
-7.586136436192580934e-02
-9.327565481493058641e-01
1.345398667022891792e-01
5.800774308183248573e-01
1.000000000000000000e+00
-2.213744238131576392e-01
8.349382078877096713e-01
7.050164316192323311e-01
7.235372204878458557e-01
-3.665013191498650014e-01
2.776522483311122391e-01
4.333352399880585626e-01
-1.891336747334022017e-01
-2.461122292224393882e-01
4.859432337077121411e-01
4.233594083897805338e-01
-9.981110851516735716e-01
-3.477306245802440077e-01
-7.303891161899167539e-04
4.348017711746687830e-01
9.657921207156310306e-01
1.279111334922302667e-01
-7.323391456782639697e-01
-7.172702668343159393e-01
-2.281692198069112387e-01
3.796372179443536221e-01
1.137992547446063513e-01
1.208087195154096266e-01
-2.466559061438594325e-01
5.647041351356506533e-01
4.889035413470881886e-01
-1.871799118153127106e-01
-6.914880538119900777e-01
-4.905813137240278010e-02
-3.336192299075091405e-01
-9.326041066818190339e-01
4.483907042716469005e-01
7.267481342458275151e-01
8.570952083844356473e-01
-6.750334623098941389e-01
-8.086341875123976841e-01
-6.351118729567159504e-02
-9.553284905858900888e-01
5.299392021752410420e-01
9.370814815583907720e-01
-3.045819802755479477e-01
4.376650407912615059e-01
7.980694031482246098e-01
-2.739035343399606193e-01
-1.056995677649619630e-01
-5.142767704039489240e-01
-2.176787536380372368e-01
7.665039238702648916e-01
-4.566543650431560408e-01
-9.522398349331550049e-01
5.494920089746183761e-02
-7.938886201620082295e-02
8.756457628176530505e-01
-4.241828403573335016e-01
7.577902820589562660e-01
7.606612693681474857e-02
6.226387993060539250e-01
-6.904875889294093128e-01
6.703185196322182238e-01
-7.332631936511965765e-02
3.237328088064227449e-01
-5.493433226005103309e-01
8.124670586175930520e-01
2.789818846247826278e-01
1.000000000000000000e+00
-3.473654388931212388e-03
-9.432367129800927064e-01
9.954260119944801088e-01
-1.294219120265868717e-01
-5.444558103521680570e-01
4.144371189504615915e-01
2.006458417713744280e-01
-8.582658898461134611e-02
1.822959041061447127e-01
-4.200906420602077973e-01
-4.917308130309860914e-01
1.000000000000000000e+00
8.436766622514491054e-01
-1.750112812739795520e-01
-3.120278673588072760e-02
-6.710607544538821356e-01
-6.160935383819878819e-01
6.053242400475131735e-01
1.000000000000000000e+00
-9.285326813697967197e-01
9.618894888309655888e-01
6.609558689258071551e-01
-2.551761046629034690e-01
1.570180572302753430e-01
2.404474460630553201e-01
-5.742758107852642402e-01
1.011315583405857227e-01
9.161169658128186510e-01
-5.108925577594074507e-01
-5.350800121607017790e-01
4.487742805741696261e-01
1.000000000000000000e+00
3.633917228473200201e-01
1.000000000000000000e+00
-4.206637864027235052e-01
-2.865321191542219981e-01
-3.300571075637416252e-01
-3.492687929752200104e-01
-6.545292816189857144e-01
-7.555820103810689803e-01
-1.000000000000000000e+00
8.538320527084321265e-02
-9.783609544385035717e-01
-3.277746916753793149e-01
-2.246796168559394569e-01
6.372894832643826168e-01
2.140843267675567041e-01
2.339801372937079238e-01
-9.710315747909874506e-01
5.466277775345796952e-01
-8.743247275900162263e-01
-1.282735352011458996e-01
-1.093035631967312488e-01
-9.088374789609376947e-01
1.000000000000000000e+00
1.976384091272848642e-01
-1.625198319208998043e-02
1.890741788820161640e-01
-8.832203046613907871e-01
2.669446246911868492e-01
-3.276476217344474473e-01
2.406718662796050179e-01
9.594226999447955651e-01
4.558061581392578998e-01
-4.899906638194421182e-01
8.528503539756832064e-01
5.586445144358860304e-01
1.000000000000000000e+00
7.970529522856961702e-01
-7.783706956877343985e-02
4.940046394084826598e-01
-9.051359737027850905e-01
-5.338076024590596713e-01
-7.744194606484818832e-01
-9.101796483593085352e-01
-4.307082710990065011e-01
-4.020387627455469515e-01
-9.940699069645253516e-02
-1.403025678415517341e-01
-4.686619999809742421e-01
5.907403274275611071e-01
-4.222612853455808279e-01
5.676632585042843404e-01
2.566110029817927907e-02
-1.000000000000000000e+00
6.425284589784583389e-01
-2.526194824288108265e-01
-2.243370109010559277e-01
-4.693616788559830111e-01
-2.323702956079964910e-01
5.064407981837251715e-02
3.965322244602202395e-01
5.101508003107518840e-01
3.497142681873073866e-01
3.997632449783342090e-02
2.310241521653489116e-01
7.154710734590956633e-01
-8.476117741169727493e-01
-7.954926490859044463e-01
4.099757752642372854e-01
6.394586684988641523e-02
1.000000000000000000e+00
-1.342817474324225768e-01
2.914504290845765788e-01
-8.955689227179213230e-01
7.793051400990952393e-01
4.853651097418384963e-01
5.790194187263039138e-01
5.822926581769005683e-01
4.978793232785468925e-01
4.971696020931090643e-01
-6.074696807787565156e-01
9.604367394633434030e-01
-3.283933872631243367e-01
2.668914086681861697e-01
-2.520389469501759239e-01
-7.365178780745497145e-01
-1.758840744640344234e-01
-4.165582050761236221e-01
-4.743110910564272698e-01
-8.752122083092936933e-01
8.877413556782161319e-02
7.717507564661469921e-01
-5.157228437603376126e-01
1.000000000000000000e+00
4.467731658662597027e-01
1.410766048178360710e-01
4.953934338939434134e-01
7.261058915518679990e-01
-9.309764210381752392e-01
-3.642948193525732958e-01
-6.245722978399388392e-01
3.466338828124215787e-02
-8.744359030636761343e-01
