-1.024937757464219612e-01
6.052823425750926134e-01
1.000000000000000000e+00
-9.855553545309762020e-01
9.720221322611659609e-01
-1.873199383032684573e-01
-9.896577366894014904e-01
6.301237119760804140e-01
6.328388521753753881e-01
-4.357975396211248853e-01
6.277047783089491073e-01
-3.371592952856131142e-01
2.262463678160419045e-01
4.052942105268581563e-01
-5.688413002740166230e-02
1.000000000000000000e+00
-5.720048825531982573e-01
-6.934828051479883237e-01
-3.991286176443182426e-02
4.071289636418957691e-01
5.854151577830729591e-01
1.000000000000000000e+00
2.889526109335487369e-01
-5.299096156942598168e-02
-2.907482566809049818e-01
-1.853806710581998307e-02
-8.340226442957937580e-02
1.000000000000000000e+00
-4.246668252327723270e-01
5.816720371535401002e-01
5.612055864206499933e-01
-2.480543174970153975e-01
-3.575788794099261092e-01
1.743229218855265050e-01
9.508478931448524074e-01
1.000000000000000000e+00
-2.148057745688721487e-01
4.781001119425132839e-01
5.982803571409774090e-02
6.795242506236818247e-01
4.401629479469039707e-01
-1.000000000000000000e+00
2.460204011418724579e-01
6.734632632717985068e-01
-5.471052299016755383e-01
-7.137536174932400668e-01
7.305069793390646105e-01
8.402018855894595184e-01
3.159247109677684739e-01
1.843450416612508747e-01
-9.995938208357917354e-01
-2.085837544488538045e-02
-2.869542772085147408e-01
-3.858874700710937522e-01
-1.997391111901808403e-03
-2.903601033509233265e-01
6.675694413616711786e-01
1.957409977262700440e-01
1.883892425822519812e-01
3.117627164081647473e-02
3.861365095761697397e-01
4.662946265694685732e-01
-6.397959651741110809e-01
-3.967812781548736567e-02
8.793816264494238588e-01
1.270052668066016244e-01
-6.197629875900542151e-01
-2.715876930713227999e-01
-6.194170796388037692e-02
-6.036651237937588066e-01
4.441826766359243672e-01
-9.262784763664058674e-02
-4.624266896334521260e-01
-5.158339929168460625e-01
9.858039039901314027e-01
-7.188896569737516229e-01
1.000000000000000000e+00
-1.628267658814069041e-01
1.554968165394214064e-01
5.830801661774892564e-01
9.823554041765317768e-01
-5.735837730360785480e-01
-9.454361602529046671e-01
7.056743201789991149e-01
8.464999125405735514e-01
-1.070800233979336824e-01
3.418919444094800086e-01
-2.182194870719565416e-01
-8.401617804349954532e-01
-2.049207433473838602e-01
9.982821592111867925e-01
9.192549241344452060e-01
4.394273064095997883e-02
7.491006613736598263e-01
8.219336023857884976e-01
5.751841134554693813e-01
8.389575940160074463e-01
-6.079983453058684928e-01
-3.990875217642133599e-01
-5.434997762772321439e-02
5.081103181010020453e-01
-3.391486673868235879e-01
-4.482197335179314845e-01
-4.598471797247467158e-02
9.442175355356605126e-02
8.921629690515512356e-01
4.093199789945682343e-01
5.998162869331493674e-01
9.610299368434027656e-01
-2.003472037890275392e-01
2.226742857455029923e-01
-3.475168824447997240e-01
-1.327359879393727737e-01
4.036313449751655069e-01
1.302323035470683843e-01
-3.748132788488158784e-01
-2.776193557769268683e-01
-1.000000000000000000e+00
1.000000000000000000e+00
-6.712580918450524736e-01
1.325373994996122684e-01
-1.024828483295832093e-01
4.400802502843586400e-02
2.986967548673964690e-02
-3.693735594966284230e-01
-9.900554253638494950e-01
-6.009147271988047878e-01
3.932544351958583984e-01
6.108958667533699316e-01
3.123378428621582104e-01
-3.572577153302686215e-01
-5.763836935127966132e-01
-5.533073073938923336e-01
-1.000000000000000000e+00
-2.737061781201656774e-01
2.044507059179468539e-02
9.249536325493113997e-01
3.357783133480633508e-01
6.395960877744659712e-01
-2.671390359666276360e-01
-5.529106738072796512e-01
5.285705850114527093e-01
-4.100857186449980984e-01
-7.824791609354437849e-01
1.008774243276554100e-01
-2.741202940725274706e-01
-3.075035813490133996e-01
1.979661367758202284e-01
-2.908656887848011796e-01
-7.426348139709116891e-01
-1.000000000000000000e+00
1.818865752036775973e-03
-3.565065231634256815e-01
-1.727333584797107746e-01
-1.202764079957578114e-01
3.682024251973855522e-01
5.521278442779425921e-01
-5.102549510534652999e-01
2.193248656047356859e-01
-5.365639388009655342e-01
4.243734279259805398e-01
4.201126356547202345e-01
-1.000000000000000000e+00
-2.613562574579793296e-02
-9.555330364238243113e-02
-7.872821242533127872e-01
4.551672942523073417e-01
-6.430108827908050939e-01
-4.041995355375432863e-01
-8.113105726321863387e-02
-3.560232019442451795e-02
-8.821039176093834477e-01
5.516891548761800879e-01
-3.066121680905609659e-01
-9.981212179504700410e-01
9.003878971047023505e-01
-3.229411063541042654e-02
1.778173998338358208e-01
7.028532618000272736e-01
-3.320985715830342966e-01
6.914798011322882410e-01
-7.735451729129105836e-01
-7.202790873647206826e-01
-5.861104821713127855e-01
-1.270054874569950254e-01
6.333135397163233149e-01
-5.690174497647582097e-01
6.578938501727323862e-01
-4.855152240451300338e-01
-1.000000000000000000e+00
-2.513501166905032780e-01
-4.016545437417884945e-01
-3.477809920224710916e-01
-8.648286467969947822e-01
-9.032050631616349579e-01
-1.000000000000000000e+00
3.150987722133476998e-01
9.092985807691040812e-01
-3.742565788293124585e-01
8.208099410581231048e-01
4.336042868655364257e-01
-1.490304604714624837e-02
9.710733862655407389e-01
3.810171534940565707e-01
2.324244196869612311e-01
-6.723735623910780390e-01
-4.484796473961882857e-01
-2.396471674488516168e-01
9.134145589449633729e-01
-2.878331538080880492e-01
1.938238547006157220e-01
-9.443843256955941623e-01
1.008261106956728215e-01
4.787169853054797919e-01
-2.904992197424850486e-01
-3.308100008378129231e-01
1.479593928134346204e-01
2.815733694444287893e-01
4.242308425744616973e-01
-2.056102516667021596e-01
-9.332991021059326986e-01
-2.073619372789796411e-01
-3.268662349302765835e-03
6.642577770301154594e-01
-7.913091001020979842e-01
1.594531033227863936e-02
-2.800475724080734863e-01
4.219111451768053356e-01
7.803295805910335226e-01
-6.623955007551162177e-01
-7.109076621631996717e-01
4.868347544135330773e-01
-4.899919469670421246e-01
3.052796086761699890e-01
6.973468433031425606e-01
-1.610675106796541634e-01
-6.249350565658767787e-01
7.361277613372401163e-01
-1.715078467913347116e-01
8.351350833795644080e-02
-4.991846634224614276e-01
8.715228025143421098e-01
-1.867397698090967062e-01
1.000000000000000000e+00
-3.436008665516407379e-01
-3.809506371971700944e-01
1.097520147492579007e-01
1.826595363645490966e-01
1.807528273799452467e-01
2.764164807333990836e-01
7.761997337894943616e-01
-2.025163970239819977e-01
8.783062064405838809e-01
-9.846821203374239717e-01
2.001479364380399084e-01
-4.349221822178299113e-01
-3.882260238404749292e-02
2.175431998431764102e-01
6.199679494624364962e-01
2.763226548690700390e-01
-3.672561064267378800e-02
9.547528974242045496e-01
7.144509108043849421e-01
-5.340153861996785878e-01
-2.409048089685894567e-01
