1.000000000000000000e+00
-7.377539587914765384e-01
-1.000000000000000000e+00
8.311176940888862497e-01
-2.634659972267643369e-01
1.000000000000000000e+00
2.155081614241884380e-01
8.214167123306841400e-01
1.000000000000000000e+00
1.000000000000000000e+00
9.685427741288764603e-01
9.392771272540585414e-01
-8.316106452226668111e-01
1.000000000000000000e+00
7.309316495215725240e-01
-4.777726136148738867e-01
5.836149230218110606e-01
-1.000000000000000000e+00
3.136874645274319653e-03
-8.418675333731391319e-01
1.000000000000000000e+00
-7.250774415447230892e-01
-7.228728292222449392e-01
-1.000000000000000000e+00
-2.521756119929269291e-01
-2.767290232966586327e-02
-1.000000000000000000e+00
-1.000000000000000000e+00
1.000000000000000000e+00
-9.714482571971293223e-02
-6.755222321934511998e-01
-7.165369087300084150e-01
7.483258575328548268e-02
1.000000000000000000e+00
1.000000000000000000e+00
3.605823455451900861e-01
1.000000000000000000e+00
-3.761926824054996343e-01
1.000000000000000000e+00
1.000000000000000000e+00
-6.095287643811386769e-02
-1.000000000000000000e+00
-4.553417286453209645e-01
5.561310503116585480e-01
1.000000000000000000e+00
1.000000000000000000e+00
2.687804760740276633e-01
3.747267336868172483e-01
-1.000000000000000000e+00
-1.000000000000000000e+00
1.000000000000000000e+00
1.000000000000000000e+00
-1.000000000000000000e+00
1.000000000000000000e+00
3.062253741781023608e-02
-8.232975542875010655e-01
-9.689834369383543144e-01
3.228115819500635419e-01
3.568201792725391730e-01
3.515080238886483799e-03
-5.002480877029499284e-01
-5.413216435587774322e-01
-2.207666695837918747e-01
-1.000000000000000000e+00
1.399463917038279090e-02
-1.000000000000000000e+00
-1.000000000000000000e+00
1.000000000000000000e+00
-8.584014291928818707e-01
-4.754089047347763719e-01
6.495198477489017019e-01
-1.681278108329699039e-01
-1.000000000000000000e+00
-4.896305217465179438e-01
-8.669465715612535706e-02
7.810422189602793663e-01
1.000000000000000000e+00
-1.000000000000000000e+00
1.000000000000000000e+00
-9.367353298794687255e-01
3.452139394970289432e-01
7.976917403080368008e-01
1.000000000000000000e+00
-1.000000000000000000e+00
-1.000000000000000000e+00
2.756831201655317587e-01
1.000000000000000000e+00
-1.000000000000000000e+00
-1.000000000000000000e+00
-1.000000000000000000e+00
-5.635992155132812931e-01
-4.161706426105417633e-01
-7.256303823892209515e-01
-1.000000000000000000e+00
-4.137564394939647477e-02
1.000000000000000000e+00
-4.567079150904428952e-01
1.000000000000000000e+00
-6.059885569479723788e-01
1.000000000000000000e+00
-4.183271018768882632e-01
-1.000000000000000000e+00
1.000000000000000000e+00
-1.000000000000000000e+00
1.000000000000000000e+00
-1.000000000000000000e+00
1.000000000000000000e+00
1.000000000000000000e+00
-9.692478854637981422e-01
8.981777221006935763e-01
-9.561579887177090731e-01
4.217699452175831532e-01
1.000000000000000000e+00
6.334110010018699777e-01
7.821752460541767649e-01
-6.257267395198726767e-01
1.006560150454763325e-04
2.832019433966857513e-01
-1.000000000000000000e+00
1.000000000000000000e+00
-2.062570987198594219e-01
-1.000000000000000000e+00
2.570651327783477491e-01
-3.165631478033479329e-01
7.882375142351861763e-01
-1.000000000000000000e+00
9.213026072703505154e-01
-6.109438918735042856e-01
3.839650011925838102e-02
1.000000000000000000e+00
1.000000000000000000e+00
8.771554539430898023e-02
-1.000000000000000000e+00
-4.486778168733382977e-01
-2.080145493675663315e-01
7.316459014048728449e-01
-2.831577318605675575e-02
-1.000000000000000000e+00
1.000000000000000000e+00
-6.435332192391307604e-01
1.000000000000000000e+00
2.469607295180020756e-01
-5.548377899062639784e-01
1.000000000000000000e+00
3.626721450481217301e-01
-9.107729505267119219e-01
1.000000000000000000e+00
1.000000000000000000e+00
-1.000000000000000000e+00
-2.451446090089163810e-01
-3.241822925812612999e-01
-5.587766942044017915e-01
1.000000000000000000e+00
1.000000000000000000e+00
-1.000000000000000000e+00
5.716989697103742607e-01
-1.000000000000000000e+00
2.180955365231341259e-01
-1.000000000000000000e+00
1.000000000000000000e+00
-4.045288430254130319e-01
-1.000000000000000000e+00
1.982451961737919932e-01
-1.000000000000000000e+00
4.744974993262235374e-04
1.000000000000000000e+00
-9.249232517016905963e-02
1.000000000000000000e+00
2.161095088712353812e-02
4.762098705786048380e-02
7.456807805303437009e-01
4.522224431566916891e-01
1.771248972286846857e-01
-2.130856085260784960e-01
8.791430706439041787e-01
1.000000000000000000e+00
1.067971713606333667e-01
7.736602297008199347e-01
1.000000000000000000e+00
7.838917650764986034e-01
-1.000000000000000000e+00
1.000000000000000000e+00
-1.000000000000000000e+00
-1.000000000000000000e+00
-1.465849685442200401e-01
-3.981085113241682183e-02
6.600702426289212221e-01
1.000000000000000000e+00
-6.414341031422133854e-01
-1.000000000000000000e+00
-9.585823086194404929e-01
1.000000000000000000e+00
-8.448681592904032644e-01
-1.000000000000000000e+00
-5.611762749402255945e-01
1.000000000000000000e+00
9.234595587939221639e-01
1.000000000000000000e+00
1.000000000000000000e+00
-7.051506946835970346e-01
3.660486037538686066e-01
-5.094645081515432050e-01
-1.214195398830970052e-01
1.000000000000000000e+00
1.000000000000000000e+00
7.863767736645443929e-01
1.000000000000000000e+00
-8.308311768401343000e-01
-7.487400037105967909e-02
-1.000000000000000000e+00
-2.645549931956340250e-01
1.000000000000000000e+00
7.476668217584937493e-01
8.786429561920725551e-01
1.652883767039930729e-01
-8.365193215590976950e-01
1.000000000000000000e+00
-3.207171717493512153e-01
8.984021056477398126e-01
-1.000000000000000000e+00
-1.000000000000000000e+00
1.000000000000000000e+00
-9.050349136120572346e-01
7.487400037105967909e-02
3.361582412281129972e-01
1.000000000000000000e+00
1.000000000000000000e+00
-5.654716795403526008e-01
5.484348062124335677e-01
-2.531272058762489841e-01
9.851951347926427016e-02
-1.000000000000000000e+00
-8.082692195194250973e-01
-3.819400160213379802e-01
-1.000000000000000000e+00
-1.000000000000000000e+00
6.762200570021226209e-01
1.000000000000000000e+00
-5.672328915533831895e-01
-1.000000000000000000e+00
-2.764786179978677705e-01
-6.327199335689217552e-01
4.652217759360641747e-01
-7.487400037105967909e-02
3.863032380334813221e-01
-1.000000000000000000e+00
-1.000000000000000000e+00
8.452698298597358662e-01
1.000000000000000000e+00
8.481216335978434273e-01
-1.000000000000000000e+00
-7.590288649303769120e-01
-7.882504902120519574e-01
-1.000000000000000000e+00
1.790764467478152544e-01
-1.000000000000000000e+00
-1.000000000000000000e+00
5.699605625616372961e-01
1.000000000000000000e+00
-8.328671854791388496e-01
-6.606720094374751717e-01
-1.000000000000000000e+00
1.000000000000000000e+00
1.260428865044213587e-02
1.000000000000000000e+00
