-1.000000000000000000e+00
1.000000000000000000e+00
-1.000000000000000000e+00
-1.000000000000000000e+00
-1.000000000000000000e+00
-1.000000000000000000e+00
8.302702581699565876e-01
-7.399035289127529058e-01
1.000000000000000000e+00
-1.000000000000000000e+00
-1.000000000000000000e+00
9.442170286485127573e-01
-3.196966831517144558e-01
5.466280433178621889e-01
-1.000000000000000000e+00
5.041577024838829191e-01
-9.758919568601223116e-01
-1.990427655159296982e-01
-1.000000000000000000e+00
7.167877930720546464e-01
1.000000000000000000e+00
1.000000000000000000e+00
1.000000000000000000e+00
3.323218533010541265e-01
-1.000000000000000000e+00
8.697882149721507528e-01
-8.592283794736349511e-01
1.000000000000000000e+00
1.000000000000000000e+00
-9.088537801912235370e-01
-5.292463687435615682e-01
-1.000000000000000000e+00
1.000000000000000000e+00
8.807873010738063169e-01
1.000000000000000000e+00
-1.000000000000000000e+00
-1.000000000000000000e+00
-1.000000000000000000e+00
-7.562370343889051050e-01
4.944711627920050923e-01
-1.000000000000000000e+00
9.594711587950617293e-01
6.241185994564060202e-01
1.000000000000000000e+00
1.000000000000000000e+00
-1.000000000000000000e+00
8.432858244416000515e-01
-2.837649756308081583e-01
-1.000000000000000000e+00
8.989801284140991333e-01
5.828109592434009834e-01
3.398372453962715811e-01
1.000000000000000000e+00
-1.000000000000000000e+00
-1.560610390969655037e-01
5.325749594440802870e-01
1.000000000000000000e+00
-1.596472234636270304e-03
-1.000000000000000000e+00
-1.170147959293665885e-01
1.000000000000000000e+00
1.000000000000000000e+00
5.451019027454433452e-01
4.659626841394258756e-01
-1.000000000000000000e+00
1.000000000000000000e+00
-1.000000000000000000e+00
1.000000000000000000e+00
3.337588323653572497e-01
1.000000000000000000e+00
-5.694365031512681474e-01
-1.000000000000000000e+00
-6.137779449148381694e-01
3.157377984423383188e-02
1.000000000000000000e+00
2.754793743079064772e-01
6.516067390194879572e-01
1.000000000000000000e+00
7.399325759648571754e-01
3.513322794477955480e-01
2.631517925019165038e-01
-5.372032638786132797e-01
-1.000000000000000000e+00
8.234823270700840636e-01
1.000000000000000000e+00
7.088601100701990010e-01
5.057029770311616268e-01
-4.230933742931842212e-01
1.000000000000000000e+00
-1.000000000000000000e+00
1.000000000000000000e+00
-4.191941563036086782e-01
-1.000000000000000000e+00
9.738213898682015479e-01
1.000000000000000000e+00
-6.867198468265548472e-01
-4.218912486382281335e-01
1.000000000000000000e+00
1.000000000000000000e+00
8.544666777235920829e-02
-1.000000000000000000e+00
-8.018781714800384819e-01
-5.597490409083771823e-01
1.000000000000000000e+00
1.000000000000000000e+00
-9.469852401863811941e-01
-6.277442849796894819e-01
1.000000000000000000e+00
-1.000000000000000000e+00
-7.083038624482755896e-01
-5.191313057014194099e-01
5.392928523255922091e-01
-1.000000000000000000e+00
1.000000000000000000e+00
1.044433655679651851e-01
-1.000000000000000000e+00
-1.000000000000000000e+00
-1.000000000000000000e+00
4.505620655896371840e-01
-1.000000000000000000e+00
1.000000000000000000e+00
-1.000000000000000000e+00
1.447006880915836513e-01
5.607902465601511954e-01
5.507808957838837838e-01
1.000000000000000000e+00
-1.949094322135082602e-01
-8.613771809148407232e-01
1.000000000000000000e+00
-1.000000000000000000e+00
-4.187658609533867482e-01
-5.765207054776964046e-01
3.980638548659536369e-01
1.684376912715201957e-02
2.098068551237206314e-01
1.000000000000000000e+00
-4.281007487080700225e-01
-4.780350357026795782e-01
1.000000000000000000e+00
-1.000000000000000000e+00
9.652834299211340285e-01
1.000000000000000000e+00
-5.579460046272450846e-01
-5.777537698451663539e-01
1.000000000000000000e+00
-1.448356247042804634e-01
-8.605181818148521788e-01
-2.816146143292102000e-01
1.000000000000000000e+00
1.202438679430579693e-01
1.000000000000000000e+00
1.000000000000000000e+00
-1.000000000000000000e+00
-5.407689865137106366e-01
-1.311731777766358270e-02
1.000000000000000000e+00
-7.238509845096195716e-02
-1.000000000000000000e+00
-1.000000000000000000e+00
5.978319509611662586e-02
8.902845116846743734e-01
-1.000000000000000000e+00
4.131234297288656765e-01
-4.904047873808704550e-01
-1.000000000000000000e+00
2.845765988023990500e-01
-9.695904133161948879e-01
-6.524422364645330319e-01
-1.000000000000000000e+00
3.733277070044604407e-01
-1.000000000000000000e+00
1.000000000000000000e+00
5.938126779118451104e-01
-3.511393724819953377e-01
1.536489898198785675e-01
-5.817420235621245661e-01
1.000000000000000000e+00
-6.675306382928662963e-01
-2.411359105983496010e-01
1.000000000000000000e+00
5.826371759548336637e-01
1.091825651945239339e-01
1.000000000000000000e+00
1.000000000000000000e+00
1.000000000000000000e+00
1.000000000000000000e+00
1.000000000000000000e+00
-1.000000000000000000e+00
3.974505563198383884e-01
1.000000000000000000e+00
1.000000000000000000e+00
-3.043077473854222670e-01
9.935842662893223931e-01
-3.184354382617180512e-01
-1.000000000000000000e+00
8.740551434660903674e-01
-1.000000000000000000e+00
-1.000000000000000000e+00
4.070433486180341509e-02
-2.435602944554435823e-01
2.827146465316970891e-02
3.547925307470033429e-01
-7.263489224308528058e-01
-9.825221899828846528e-01
1.000000000000000000e+00
-8.180581822087729105e-01
-5.373940883302161797e-01
-3.667911017877966140e-01
1.000000000000000000e+00
9.751922041724577772e-01
-4.633124813959632049e-01
-1.000000000000000000e+00
9.293733979609322127e-01
-2.035913678990195486e-01
1.000000000000000000e+00
-6.679803295559612053e-01
1.000000000000000000e+00
1.000000000000000000e+00
-6.281029972737239842e-01
1.000000000000000000e+00
1.000000000000000000e+00
1.939538443206165752e-01
-9.757267125749030656e-02
-5.005080409945380504e-01
-1.000000000000000000e+00
-1.000000000000000000e+00
1.000000000000000000e+00
1.000000000000000000e+00
9.492566784745812836e-01
-1.000000000000000000e+00
-1.000000000000000000e+00
3.589650702960252016e-01
-1.000000000000000000e+00
1.000000000000000000e+00
-1.000000000000000000e+00
4.698996680342969468e-01
-1.000000000000000000e+00
-9.938560377911027643e-01
1.000000000000000000e+00
1.000000000000000000e+00
-1.000000000000000000e+00
1.000000000000000000e+00
-1.000000000000000000e+00
-7.300978414673939820e-01
7.326603630880511586e-01
-1.213081544991211347e-01
-8.255497796070057070e-01
1.000000000000000000e+00
2.351200559084933306e-01
-1.000000000000000000e+00
-1.000000000000000000e+00
-1.018359044357491361e-01
-1.597980276101027552e-01
-1.000000000000000000e+00
1.000000000000000000e+00
1.188185872837721480e-01
-9.308592943521352137e-01
6.433727631864274432e-01
1.385229712424664861e-01
-1.000000000000000000e+00
-6.489372534485177146e-01
1.958371881837989714e-01
1.000000000000000000e+00
1.000000000000000000e+00
6.622711979151167938e-01
