1.724646862125557845e-01
-8.868241718681324492e-01
-4.583566127457234241e-01
-5.874157144020208943e-01
-8.216645095289211165e-01
1.000000000000000000e+00
-6.657397418840859116e-01
-6.326283275873083589e-01
-6.414205099651634212e-01
5.297918309080938970e-01
3.687996136228757771e-01
-5.410825979866409341e-01
-5.844376072532847521e-01
-4.186747028420318983e-01
-4.391112605364377863e-01
-4.667371619890288426e-02
-7.823314589325828239e-01
-6.467216270124053201e-01
-2.036485240911541372e-01
1.169825976023860792e-01
-4.873036512764337136e-01
-8.314092571349930294e-01
-2.759463460845081872e-01
1.669548938709169150e-01
1.613522755205740733e-01
-4.636189623371759772e-01
3.645819592803791753e-01
-5.674306044865435883e-01
6.163066619940782420e-01
8.144519289189955380e-02
6.116766437758741626e-01
6.153241751202769283e-01
1.552707633487912797e-01
-7.167144596471991536e-01
7.529363305489816804e-01
-5.791468815539231596e-02
-8.638936106678432036e-01
-3.370113277873709734e-01
-5.436011141688013026e-01
1.752740561582761536e-01
-1.077698342443356161e-01
2.388732797834820787e-02
-6.037979533204198557e-01
4.498246889527465209e-01
2.807751240715392615e-01
5.167159651414561239e-01
-6.737089823836017732e-01
3.150593024353295357e-01
2.045482628932454305e-01
-7.154040074483394296e-01
1.700685036752982160e-01
-8.342726097600716706e-02
1.601758447070506242e-01
6.092192987933228165e-01
3.425644924672462954e-01
9.325149207057271683e-01
-6.401038531119950248e-01
9.198669804594026278e-01
-5.566235211746118905e-01
-4.716135422085432349e-02
6.773916756703441955e-01
2.273483428607585566e-01
-1.000000000000000000e+00
-5.505590549882962703e-01
1.000000000000000000e+00
-2.001772719705162129e-01
-4.181275787339602812e-01
-5.319145409632991539e-01
6.640502045912707318e-01
-7.703688465325294610e-01
9.653649011330375229e-01
-3.459935234892007605e-01
7.085399931736476864e-01
-3.094012947950427472e-01
5.417113610652022349e-01
6.654008476495527624e-01
-4.081751555261772801e-01
1.256909696421304456e-01
-1.648154877369911731e-02
1.862413725868858339e-01
-3.562033275644560515e-02
9.353210939492800913e-01
-5.073201755753415920e-01
3.834912890448825551e-01
-5.576964917273111721e-01
1.881474309976738646e-01
-2.263569695912035773e-01
6.007390007842271507e-01
8.524948114854025150e-01
4.962232807931721279e-01
2.150606136677161717e-01
-2.547736927508374993e-01
-6.768177011974723101e-01
6.387019193111318494e-01
-1.399199748791719600e-01
6.863715348885915946e-01
2.678110052807186614e-01
1.432327053593218658e-01
1.724415053299449552e-01
-3.261769004791892912e-01
2.818990141285176998e-01
4.440363404358921851e-01
-9.769957755528737575e-01
-6.315375338290303286e-01
4.136879252899719472e-01
6.669628574958480494e-01
1.189744778803220326e-01
-6.594697892131324846e-01
9.659209176116343443e-01
7.487915882221696240e-03
7.100270393399269464e-01
8.954710215822523356e-01
-9.992280333368450673e-01
4.567079300430161859e-01
-3.197935414446935742e-01
-3.830187110402398787e-01
-7.299935682361214928e-01
4.738477007731773938e-01
-8.086541458160916296e-01
5.928260093947353981e-01
-8.081890370323728812e-01
-8.442487505454121521e-01
-9.108222274996732315e-01
-7.355513347989532935e-01
7.557509859415033615e-01
8.912239103686744879e-02
-2.453569811712723592e-01
5.339007370425308263e-01
-6.878113787946517066e-01
9.108531392836255458e-02
-8.539143646572487922e-01
8.406436301309597736e-01
-3.581352976982784542e-01
3.036070990046498275e-01
2.533379259438821585e-01
-7.259577902957244921e-01
8.934338810460197289e-01
-8.536078394559725169e-01
-3.766424868676407911e-01
-6.592858291548518990e-01
-5.447697634453675386e-01
-8.909564591910780484e-02
2.721722680627802760e-01
-3.106425539746671127e-02
-4.946093972600435484e-01
1.508361631346595913e-02
-2.335910827682238233e-01
2.104966029087033119e-01
-2.669362126950919345e-01
-4.406720187956625345e-01
1.727617552041874616e-01
-9.825243396966684695e-02
8.380889751175346625e-03
-5.461148944803602134e-01
-5.530736505233875278e-01
-2.477607773015696457e-01
7.989299206171709966e-02
-1.000000000000000000e+00
-7.725149151211371246e-01
-5.852068425660079676e-01
-8.078107414051254320e-01
-4.546340835328076535e-01
9.442949051481552836e-02
-5.904851380054773058e-01
-7.030696448622403456e-03
3.254319949014199409e-01
-1.866196027355366827e-01
-6.229084306916771174e-01
-4.395268977463329119e-01
-1.910903775124855875e-01
-3.216637335602506309e-01
-2.456430383938448259e-01
6.398650362091524713e-01
5.209202197322349015e-01
2.266040602353005806e-01
-8.969356678614063272e-01
9.706422251583608496e-01
6.774494012620847494e-01
-8.614843923641898327e-01
-3.237282671337718964e-01
-8.054379629929412365e-01
6.373750931618467064e-01
-1.000000000000000000e+00
-5.752517346068026782e-01
4.534028198492314199e-01
-7.240903924538227843e-02
-5.576944535296161076e-01
-1.196716420703929917e-01
3.973115437857032139e-01
1.000000000000000000e+00
5.226619024183655204e-01
-3.038417782813616075e-01
-4.208896697764515915e-01
-7.962521879384967805e-02
-9.162157221492119863e-01
8.150496420966586719e-02
-2.912763534511019214e-01
1.837313248922106401e-01
7.817027636542888125e-01
1.292074326031903975e-01
-9.746971454836516058e-01
-2.963584406555980211e-01
7.694368723747234684e-01
1.133947249670556046e-01
-7.448744694168054625e-01
-2.309776515575592271e-01
-8.183494832065387747e-01
1.998554708551862069e-01
-5.403945171678644632e-01
-1.000000000000000000e+00
-7.093552377018170763e-01
5.927927776724759568e-01
-3.650472662463897233e-01
5.374986061440713003e-01
-7.240550190727627067e-01
-4.380839755707273131e-01
-7.164273670543136463e-01
7.445895040738405024e-01
-3.225353140268341634e-01
-4.370585492910527559e-01
-4.888631518325183833e-01
3.511841156246096052e-01
-3.817646778071336344e-01
3.643913546992658126e-01
5.746704490536717058e-01
-8.658615821053314843e-01
-7.122312008220792467e-01
6.520652407832091546e-01
6.122415442652167084e-01
-6.062150960852868975e-01
2.839658635599416892e-01
-8.072664216015873473e-01
8.143080826699085062e-01
2.592625706563514432e-01
-6.986769946700227552e-01
-5.888914245075074216e-01
8.566254974339446160e-02
8.381221661994964212e-01
6.626296432927127888e-01
-3.878249064712273597e-01
-8.239773498716437272e-01
-5.042567677045892705e-01
8.560169146091487491e-01
-4.681546428972398477e-01
-6.199765933577786603e-01
-7.355537335849929859e-01
-2.746287002265976329e-01
1.739862355712165631e-01
7.530889125678803531e-01
-2.478132216653601283e-01
2.691757147218404866e-01
-7.129801627088336868e-01
-6.065776230932660162e-01
5.309544130832341002e-01
-4.846665019634944782e-01
-7.601257275264557967e-01
-2.375947435400218022e-01
4.360447673506357980e-01
-2.208451963203902912e-01
-2.500798450126359151e-01
9.873750939834904927e-02
-9.272357769365006108e-01
8.396162596044814963e-02
3.560931441018064247e-01
-5.776015422162401602e-01
