2.525976215302845329e-01
-5.528681068013650002e-01
-7.710430235565005619e-01
-2.161901050881579467e-01
6.387137649494853964e-01
-2.616557853735441697e-01
-1.802803069874544806e-01
1.147613759509230474e-01
4.106492566267021249e-02
7.839735030016307116e-01
8.617800007046829691e-01
-2.307631432679051187e-01
-9.285908153308779500e-01
2.037083488476341686e-01
-7.773481391717439459e-01
-1.000000000000000000e+00
-9.065040576930158064e-03
8.314997463892295215e-01
-6.246624876164806883e-01
-8.028326627582729746e-02
-5.339789621586744223e-02
3.257478552542012509e-05
-1.200294114592242445e-01
-3.161015570391892959e-01
-4.583365938405725704e-01
1.753680558862162064e-01
-2.152607694021294316e-01
-4.901154793239027030e-01
-8.387303234448929556e-01
1.384168707972198153e-01
-5.463702568686913397e-01
-1.000000000000000000e+00
5.512153023747056180e-01
-1.986875919031415305e-01
7.822680641719000905e-01
1.427152686968087558e-01
5.651263325891135725e-02
-2.680219208528056285e-01
1.000000000000000000e+00
2.159059157558214925e-01
-4.698470658996735105e-01
7.367606583207746418e-01
-9.012054657633938870e-01
-7.785959152506711778e-01
-3.654404775108174852e-01
-1.000000000000000000e+00
1.000000000000000000e+00
-9.468197649114729053e-02
3.121549221608341806e-01
-9.253066387503735557e-01
-4.312688864526587063e-01
6.904317029018856022e-01
1.000000000000000000e+00
5.236785532151506939e-02
1.000000000000000000e+00
6.242183202337516779e-01
-9.675758225629899067e-01
8.248924986700265638e-01
-7.537217789419076164e-01
-3.830504022893218008e-01
5.430713774155520035e-01
4.238741518839562183e-01
8.530593621347762334e-02
-4.085388456176538563e-01
-2.039354645540649158e-01
8.284712179078509431e-01
8.719566105086357100e-01
-1.000000000000000000e+00
-1.710739604561452853e-01
-7.940922170158080107e-01
4.770157051726236497e-01
5.053744620336914073e-01
1.895749553456987646e-01
4.680799179606167093e-01
2.520682535245979961e-01
-8.523654882177206238e-02
1.000000000000000000e+00
6.625222339193147236e-02
-8.074654807386222322e-01
-2.206703923644449394e-01
-4.563912292767409729e-01
1.336978636227260375e-01
-7.059351796431385662e-01
9.052207010773249962e-01
-4.769804238773468485e-01
8.932226632959624490e-01
-2.455008910146647960e-01
-1.000000000000000000e+00
9.126282665363818491e-01
5.691849063002972497e-02
8.456339876062209937e-01
-1.000000000000000000e+00
7.874937380414186450e-01
-3.625950033740827361e-01
7.474573995253331882e-01
8.352287948366652337e-01
9.640287155562989041e-02
4.165454051183340445e-01
7.024437359555645299e-01
-1.099694926781947038e-02
-5.831043199421511586e-02
6.523161727091433271e-01
6.309185496918411351e-01
-5.330510260045359106e-01
-1.205207948162071580e-02
8.129684320808078235e-01
-4.511248681886734779e-01
-6.546346670373851540e-01
5.644150561355674167e-01
-1.985158938986766597e-01
-2.615450067844251464e-02
3.203339950830914606e-01
3.157386426764868248e-01
-6.774428920927050291e-01
8.369744065925753818e-01
-4.327714900022929800e-01
7.380441679826931223e-01
-4.838386811604033499e-01
2.333510007332901259e-01
8.299350782268911583e-03
-8.161702182267940309e-01
2.683265424374854935e-01
8.471006746375189245e-01
1.000000000000000000e+00
4.511470005778980830e-01
-1.000000000000000000e+00
-7.627998037333317827e-01
-3.249865453738152998e-02
4.549067638582907427e-03
5.917356544461959134e-01
7.190479518601956554e-01
-3.174411180878441430e-01
3.039575680280812708e-01
6.775054702412240948e-01
-8.350396386741687493e-01
7.519321738199405969e-01
9.358105450454875518e-01
2.217536737548944370e-01
-8.260165453674908065e-01
4.294303725670389760e-01
5.650160194374753697e-02
1.817708793361770270e-01
-8.675453901824679848e-02
1.623603387497491168e-01
5.914823232238283074e-02
3.357968790936849413e-01
-4.976463939709995232e-01
-2.536280371143878054e-01
5.898295865612716016e-01
-7.934934222429727013e-01
6.078346703414815033e-02
-7.422564838010144994e-01
-7.042783752468403380e-01
-3.227480546103394521e-01
6.675828462206494229e-02
-2.092448018729575199e-01
1.000000000000000000e+00
7.454323613683068173e-01
1.940963146393922534e-01
6.830378727813654072e-01
-4.254755786224160286e-01
7.273912698480972105e-01
-3.005711422666172972e-01
1.502902228762261483e-01
7.599552086404145479e-01
1.113266287601239191e-01
-3.837522233336528865e-01
3.656237480603030110e-01
9.977569422676946242e-01
-1.547739104410086608e-01
-8.847446317302841701e-01
2.202701340360302129e-01
8.988899183841718710e-01
3.103679084558001455e-01
7.352468390241013729e-01
-8.069548697045995089e-01
-2.592381811707378803e-01
6.154088867331363177e-01
4.724853413057022999e-01
-9.828117831007878724e-01
7.689063209682703848e-01
4.438287347369321290e-01
3.809098296100337649e-02
9.255037589432130174e-01
-1.674939436323774899e-01
5.523928994050737451e-01
-7.389272448237635960e-01
7.277089534012038952e-01
9.461552252283861320e-01
-2.010241144498317589e-01
-8.121791639533253448e-01
3.461810800262123400e-01
-2.583921804748238182e-01
-2.191936325816388753e-01
3.286810943856321443e-01
-6.341216511492014929e-01
2.185212313772605386e-01
1.000000000000000000e+00
-7.192270371203098867e-01
7.540627270912665832e-03
-7.165449538208062963e-01
-1.109409398485571435e-01
8.887014518866738211e-01
5.050305796114244739e-02
4.481124613862288442e-01
-9.270294075815230794e-01
-4.743603948329090936e-01
5.233154001950952594e-01
2.867989681649038003e-01
-1.381392897911058459e-01
4.964111074402522417e-01
7.109064126529350824e-01
-6.345962506523706859e-01
4.700756914049256663e-01
1.825604388208659501e-01
9.068880209762494315e-01
5.060578407175029270e-01
-3.323720984166108616e-01
8.679791025977644514e-01
9.905147287423307079e-01
-2.184814034531686600e-01
-5.661688515241833919e-01
-5.974328644292307144e-01
7.839468366343980144e-01
8.494851346889783494e-01
-4.153575640811119074e-01
-5.392689389543284806e-01
1.673019692044657725e-01
4.079638755311483789e-01
1.439477041809448243e-01
-1.080354135634566115e-01
-2.683753880557065985e-02
-3.683021041490655012e-01
2.282354079158507854e-02
-1.000000000000000000e+00
3.955271744480586271e-01
1.000000000000000000e+00
-8.973343147615525650e-01
9.433008286456857627e-01
-8.132909135616203100e-01
-6.713103293018569673e-01
-1.001937675661911664e-01
2.834605572772949111e-01
-4.462020478828127579e-01
-3.179595471774847026e-01
-6.401907012292383792e-01
-4.922324727420623880e-01
-5.196442581872892097e-01
4.023280340691362533e-01
-8.428879104101666409e-01
3.316282902299151902e-01
2.393053349890603698e-01
6.091011093034970694e-03
6.017994218794091577e-01
-4.447979459861406415e-01
-8.490198421508527993e-01
-2.670770067713477691e-01
1.000000000000000000e+00
5.478386535054361461e-01
-6.946903215544072419e-01
3.422995530041811341e-01
5.506404127292560124e-01
-6.710951854579081388e-01
4.301402327341494747e-01
4.902086278309713552e-01
