-1.000000000000000000e+00
9.330210295473059245e-01
9.353643008576393303e-01
9.325414151761074466e-01
-1.000000000000000000e+00
1.451829687741105213e-01
-9.614595227621545170e-01
9.816595624631097028e-01
5.736890383911125157e-02
-9.446136483689935304e-01
-5.733389301558011741e-01
-7.547777752399131845e-01
-9.459771416693811830e-01
-1.000000000000000000e+00
8.568832633430825130e-01
-9.318425421430096556e-01
-9.500705407011724724e-01
-4.222501476621203231e-01
-9.727945643797885067e-01
-1.585828119412507065e-01
-1.000000000000000000e+00
-1.000000000000000000e+00
1.000000000000000000e+00
1.000000000000000000e+00
1.000000000000000000e+00
3.668671172633635180e-01
1.000000000000000000e+00
2.039016422390476091e-01
-4.651703669237384209e-01
4.680633725041454252e-01
-9.463700246757358325e-01
5.766978592447429275e-01
-3.540595981209500032e-01
-2.806926444435624557e-01
-9.615867798438300085e-01
-6.646815803067533945e-01
-9.318425421430096556e-01
4.153858162287004108e-01
3.675391777927071169e-01
-2.795446178106429369e-01
-6.330646853664835261e-01
-1.000000000000000000e+00
-9.976530489466469698e-01
9.577644472807985698e-01
1.494862306891302506e-01
-4.123434359508348912e-02
2.723455691660909839e-01
-1.410191946526162532e-01
-1.000000000000000000e+00
1.000000000000000000e+00
1.506589211290912944e-01
7.841692941557236729e-01
5.961372833171818542e-02
4.560288120011160018e-01
5.319936718671693932e-01
9.783413055480841836e-01
-2.499440540327831917e-01
-1.653109249294864025e-01
-9.318425421430096556e-01
6.972729533318891004e-01
9.527065222125623567e-01
-8.136245067217581228e-01
5.859561722576942522e-01
-4.551316776760089833e-01
-6.471257496993665370e-01
4.397686213083278339e-01
6.437126444249595680e-01
1.000000000000000000e+00
-8.167793367703112262e-01
-1.637046351458638638e-01
-1.000000000000000000e+00
-1.000000000000000000e+00
-7.914611986211335104e-01
9.672309952111038944e-01
-2.288978533255777714e-01
-3.533845010019017741e-01
-1.000000000000000000e+00
9.883562463357691286e-01
9.354765355951586425e-01
1.000000000000000000e+00
1.593154370581273405e-03
-9.318425421430096556e-01
9.902067112569749030e-01
-5.748866019508233061e-01
-1.000000000000000000e+00
5.258103372533307063e-01
-1.000000000000000000e+00
-5.018977842457004179e-01
-9.863306872783595969e-01
7.314413141798346008e-01
9.861989244889890482e-01
5.109378542278824042e-01
1.511846962120699800e-02
9.958322880070542560e-01
1.983271414757770135e-01
-1.000000000000000000e+00
9.417192147981778838e-01
4.103400163173783755e-01
-9.357639803510097165e-01
-9.327042148055370019e-01
9.887900528910801290e-01
1.000000000000000000e+00
9.563671828579300982e-01
9.670190313639049906e-01
-9.410439403407909742e-01
-7.850225122163374536e-01
9.458733918164006216e-01
4.361205047524666645e-01
1.000000000000000000e+00
2.159042600328342498e-01
-7.929481139756174857e-01
-4.019058535417334710e-01
-1.000000000000000000e+00
2.122647297407567191e-01
4.176690950685044701e-01
-1.000000000000000000e+00
7.754982602676920855e-01
4.226107069029838570e-02
1.000000000000000000e+00
-1.316378831075617484e-01
-4.224109168848131368e-01
-1.000000000000000000e+00
3.648212561307586643e-01
-4.636077821919474262e-01
-3.552992650326238788e-01
6.277927664313438516e-01
4.931516582561563666e-01
-9.798046561205808747e-01
8.381214028808547933e-01
9.348623356782428395e-01
6.376887354298741428e-01
9.277952910332859515e-01
-1.000000000000000000e+00
9.389547694522670795e-01
3.071592977395185553e-01
-9.329283454748394933e-01
6.653287105707730298e-01
1.000000000000000000e+00
9.834172023560201481e-01
-9.318425421430096556e-01
-4.016758178796843715e-01
-4.172935359668781263e-01
1.970927022734958456e-02
9.388557203234572102e-01
1.000000000000000000e+00
-9.540324163066816743e-01
-7.041289372045315131e-01
-1.515684761442062101e-01
-7.831437756668009342e-01
9.907996217509742465e-01
9.318425421430096556e-01
8.350517173036346996e-01
-3.315748503684957660e-01
-6.291203297310863363e-01
6.590098043779324399e-01
2.249666847977096484e-01
-7.630125553050759457e-03
-3.528376680469041959e-01
-4.097871202926299805e-01
-1.000000000000000000e+00
3.548715031816664089e-02
-2.610987459006447464e-01
-3.953048909826639701e-02
1.000000000000000000e+00
-1.000000000000000000e+00
-1.000000000000000000e+00
3.364802942253231066e-01
9.318425421430096556e-01
-9.863829742011742674e-01
9.731124507375208399e-01
4.341288079777088083e-01
-2.110610871569191804e-01
5.723929920999881737e-01
5.274957318588249233e-01
1.316527222035835942e-01
-3.854685656001650695e-01
2.190774697759856338e-01
2.517511659108639388e-01
-8.658505008514626455e-01
8.557628164651369662e-01
9.719181709440869454e-01
8.702596307206558190e-01
6.157450730945248640e-01
-1.000000000000000000e+00
-4.283601258750444063e-01
-1.000000000000000000e+00
-5.273195609444962795e-01
8.691795649264262291e-01
9.360745480864640644e-01
9.542346468990939856e-01
-8.865991087174132090e-01
2.954364505811712949e-01
2.869714549406994220e-01
1.145880430351238211e-01
9.313335946612999461e-01
9.376303085043051766e-01
9.569006885652533434e-01
9.899966079519607609e-01
9.628298257016465467e-01
1.000000000000000000e+00
-1.000000000000000000e+00
-9.713467525183795415e-01
-1.000000000000000000e+00
1.000000000000000000e+00
-5.917475062415222808e-02
6.815329878476839021e-01
9.360102541359553996e-01
9.323259665456082868e-01
-6.395255627345891591e-01
8.796523715084088035e-01
-3.161580520354169144e-01
-2.517408528222843112e-01
9.958322880070542560e-01
9.989816906720703216e-01
-3.542532454555125665e-01
-9.579961535003578277e-01
-1.000000000000000000e+00
1.873772491401634599e-01
3.810306207508022958e-01
9.328135141986907408e-01
4.241165365127459452e-01
-1.568961358083976743e-01
-9.979252581476908412e-01
-1.000000000000000000e+00
-9.478587171062635708e-01
-8.409731091319938567e-01
-9.330959528725197849e-01
8.872620277314589021e-01
7.917058503346809939e-01
-2.856753241214280425e-01
-1.000000000000000000e+00
-9.485807247437570977e-01
9.407930619956749174e-01
-7.090627155285291749e-01
2.050318331322874832e-01
9.542389112337753554e-01
1.000000000000000000e+00
9.342727005673951979e-01
-9.893171435813323811e-01
9.807299434630244450e-01
-9.704563424600410881e-01
-1.000000000000000000e+00
5.876831623270093452e-01
-6.659023207753622664e-01
9.976262377542649551e-02
-5.542102358978704402e-01
-9.318425421430096556e-01
-9.655628159270377431e-01
-3.182522287151692275e-01
7.052214135550423091e-01
-1.033353703140651447e-01
9.318425421430096556e-01
-2.418796916687693255e-01
9.454372861403905759e-01
-1.057015148505092705e-01
-3.532025958841787383e-01
-5.678159386363826888e-01
-9.211705359305573104e-01
1.914541546362433788e-01
-3.523176457635076586e-01
-8.584849600292392413e-01
1.000000000000000000e+00
-9.324925422895882221e-01
8.020063429022578072e-01
1.100658426830025682e-01
