6.951245381343617025e-01
-1.000000000000000000e+00
1.844499886054891957e-01
-1.559303932479300936e-01
-4.193821148111238628e-01
6.265353009775392890e-01
-5.919244988821171782e-01
-2.779769906045135852e-01
-9.838944175270140091e-01
3.114567899626761727e-01
-4.476465095006473827e-01
5.495720183160979211e-01
6.602427201109121180e-01
-3.364139876127618112e-01
1.903671448282280299e-01
4.736329316822728286e-01
-3.782632519111742836e-02
-3.902546316397744741e-01
5.115368083598889615e-02
-3.719412838602036420e-01
1.000000000000000000e+00
-3.307330627503822229e-01
2.067315174251098397e-01
6.559663560970263596e-02
-2.751270795528740903e-02
1.759691963095100786e-01
9.094680064559530486e-01
-1.229452013937228638e-01
-2.350492302610381889e-01
-5.285549301690537494e-01
-1.781800900566642976e-01
-1.000000000000000000e+00
-2.028877585420819085e-01
-9.789735045953603665e-01
4.812703261528309961e-01
-6.542777190480005833e-01
-6.654920122990365394e-01
2.091877693247529979e-01
1.000000000000000000e+00
4.994708882421993179e-01
7.212541941754380126e-01
-2.702651852097681662e-01
-3.680090278252265423e-01
-1.000000000000000000e+00
-6.728379315547871053e-01
-5.705033697596784137e-02
2.979591557893633835e-01
-8.463548100807131158e-01
9.960533264126900654e-01
3.408046038745765616e-02
-5.474525655258455359e-02
-4.096578150973342880e-02
-2.141649273734534953e-01
-5.797798862596449387e-01
1.000000000000000000e+00
-7.021514185209343228e-01
4.127922645314715533e-01
-3.177758599083566060e-02
9.950258723825406992e-01
-8.988858157073516264e-02
-1.355795038302177735e-01
1.880930237728669630e-01
3.441633423633403965e-01
-2.909932370217139797e-01
4.101184215079741180e-01
2.698759599607524207e-01
-1.847421303937346604e-01
-3.464061302101391626e-01
-1.168736266101503413e-01
5.249942665038123124e-01
-3.734511871424698315e-01
2.091165015041738517e-01
-7.224835574762611401e-02
7.839235472114753911e-01
-1.689008783320395390e-01
1.000000000000000000e+00
-1.000000000000000000e+00
-6.162893005630235566e-01
-4.232549285885539581e-02
9.762655499989808527e-04
6.208556563749108026e-01
9.538377910586504083e-02
-1.060865082917650248e-02
1.000000000000000000e+00
8.389953737470141892e-02
2.353211635154568160e-01
-2.140870836449120240e-01
-6.946908078654449037e-01
-3.939746440942819561e-01
-1.000000000000000000e+00
-1.604115424454199967e-01
3.293234952079527877e-01
-2.506893973692243538e-01
3.274605808488839087e-01
1.325757967252442493e-01
1.000000000000000000e+00
3.273964356767072315e-01
1.980866587511181942e-01
8.479982103275190974e-01
2.791131485615979124e-01
6.273748522851465559e-01
7.384748725516971923e-01
-1.000000000000000000e+00
-1.954769801036868315e-01
-1.940274651361730829e-01
-6.163189224059684168e-02
-7.082457708773400862e-01
6.343653123019186157e-01
9.217541377459497198e-01
-2.585734543343092828e-01
-7.917862813300284852e-01
-4.721604236857992465e-01
-2.716448388935612801e-01
-6.239497933170398136e-01
6.040921416745053119e-01
-2.788663836976823518e-02
7.359831034864154908e-01
7.364472130938266581e-01
9.870039244030676118e-02
-6.041744098948029773e-01
1.000000000000000000e+00
-2.499556169076145862e-01
-3.118681406192649885e-01
-3.651855532180081076e-01
3.092662339311496034e-01
4.602470128329003152e-01
-1.058065177269818802e-01
2.521735268119895679e-01
-5.512096271481214949e-02
3.488694093330253487e-01
2.649136232026654270e-01
-1.908372570440833860e-01
6.091361581645142742e-01
-5.657901095486187470e-01
-6.571596550915523860e-01
3.011450606932877805e-01
2.246595459153777341e-01
7.138360865797005461e-01
4.737181230398100906e-01
-6.902669016083285980e-01
1.048998491205518080e-01
-2.833316918099675896e-01
1.673066229641322067e-01
-1.000000000000000000e+00
9.726922612733535090e-01
8.154421322178584397e-01
-1.830724935922340979e-01
-2.220654632202736789e-01
9.123593760122512553e-01
-1.776666406603444881e-01
3.315080625745269183e-01
2.822916407230796065e-01
-4.340453600997097872e-01
-2.932309975845193151e-01
9.899178811397937316e-01
-1.000000000000000000e+00
3.157686651748510265e-01
-8.787126172888316544e-01
4.870909755258010509e-01
-7.892894517632564888e-01
-1.000000000000000000e+00
-4.936851148075905860e-01
-8.059568909025676131e-01
5.585065391292848985e-04
7.491788434752234549e-01
7.449249306838364726e-01
-2.246420315417732572e-01
-1.000000000000000000e+00
-1.328639283831668516e-01
7.566357772263954118e-01
-4.891303057093473461e-01
5.389386528308542923e-01
-4.077755723845721825e-01
-6.117361304362755048e-01
-6.535360507551879472e-03
-3.125344152046348745e-01
-3.633493161722219367e-01
-1.000000000000000000e+00
7.464938063704623650e-02
2.862404580282672528e-01
6.962243588096510560e-01
1.957108190887705823e-01
1.271769941572177265e-01
-7.007631914237312243e-01
6.356988306030081359e-01
6.580802760284339969e-01
-1.989969258717105283e-01
-3.275012752778698744e-01
-2.766071592703536752e-02
2.695354121856002871e-01
3.281312891360493866e-01
-5.331233889784743329e-01
-3.395488326932860068e-01
-2.372929696231356467e-01
3.133294639017998873e-01
-1.574243721241012084e-01
-3.232092516085846579e-01
-9.355080289821124384e-02
6.708225067207720382e-01
4.865390702735075679e-02
4.371033533016287498e-01
-6.077197445379807217e-01
-6.276906303727574077e-01
8.008375982069819432e-02
-8.661011558392408549e-01
8.759091300673033098e-01
3.595016895359700038e-01
2.751918263358913985e-01
5.526560171523523524e-01
3.926046642254343855e-02
3.066414661855325630e-01
4.579827030904570218e-01
1.000000000000000000e+00
-9.861012133060942375e-01
-7.873066855260753005e-01
2.493643912349265135e-01
5.394760912342799752e-01
3.869538907321640187e-01
-2.368128496223163015e-01
5.879141075765724755e-01
-2.051137657469918052e-01
-2.762282165068459805e-01
1.000000000000000000e+00
-8.616631420042252243e-01
6.807060503980861821e-01
8.234594754620827572e-01
1.000000000000000000e+00
1.312244382033509738e-01
-1.000000000000000000e+00
-1.885871481638475844e-01
9.674933082769731074e-01
4.859316147725172286e-01
-8.497601724811845170e-01
-8.354222721907339499e-01
-5.286760443932283504e-01
-2.407765054133565591e-02
-4.868810542908565964e-01
7.681131286926152768e-01
3.232744198354824405e-01
3.553806976630582426e-01
-7.342294456454609985e-01
1.000000000000000000e+00
2.259329896271302374e-01
7.890484037677988338e-01
5.176024758959827388e-01
5.047511201287267768e-02
-6.649590588007534553e-01
4.657850740118973931e-01
9.603621321289501633e-01
-3.159682423312498711e-01
7.972967729116187119e-01
1.147171834232665055e-01
8.590856204981117683e-01
5.799100582500007484e-01
-8.724193234259460805e-01
-9.550178081130583641e-01
7.498319590179540750e-01
8.044103188886819744e-02
8.546971074907594446e-01
3.616668535761478065e-01
1.944633393215703943e-01
7.311281002392679973e-01
4.859679325289588125e-01
-3.721211933604509636e-01
1.684777152341032647e-01
