1.640564675965962560e-01
9.112598387758774621e-01
6.113372583871681254e-01
1.000000000000000000e+00
-3.384787979407897218e-01
-6.044434170523038663e-01
1.000000000000000000e+00
1.000000000000000000e+00
-2.622148025489692835e-01
-1.000000000000000000e+00
-5.037281376435729374e-01
-1.000000000000000000e+00
-1.000000000000000000e+00
7.825267451241485483e-01
-5.024544455772086415e-01
-4.041757842496579434e-01
3.600455174671438746e-02
-1.000000000000000000e+00
1.097318753007884840e-01
-3.332198712118771278e-01
1.597052258254134105e-01
1.000000000000000000e+00
-9.723378795781468797e-01
-6.810892296201789264e-01
1.000000000000000000e+00
-8.539300090999708548e-01
9.391195527962364897e-01
4.508331498394001907e-02
-9.708186384144796843e-01
-4.295546902547485724e-01
4.638129240255958186e-01
-9.714146560972082289e-01
-5.498991700672095639e-01
-8.196657902990411859e-01
6.869806742963526780e-01
1.000000000000000000e+00
5.236598406240293713e-01
-2.650206082696850984e-01
-6.830420246694581810e-01
-8.727620991839941667e-01
-5.654730604736639688e-01
-3.150751163736694171e-01
4.428572819978016661e-01
-8.374373736644736832e-01
3.182609264933183857e-02
3.423467914437235415e-01
-1.896121201093202424e-01
-8.260463030601187251e-01
1.000000000000000000e+00
1.000000000000000000e+00
8.507448604953102844e-01
-1.000000000000000000e+00
9.502461126199026609e-01
1.000000000000000000e+00
-1.887979032996760231e-01
7.674061092766137904e-01
-1.000000000000000000e+00
-1.000000000000000000e+00
1.000000000000000000e+00
-7.243658955301889302e-01
-1.000000000000000000e+00
-2.370936947573099030e-01
-1.324157534922312529e-01
-1.000000000000000000e+00
-1.000000000000000000e+00
1.000000000000000000e+00
-6.918698742439155502e-02
7.391486780335746465e-01
-1.853338681523701847e-01
6.839093037345618242e-01
7.460084159996047681e-01
-1.000000000000000000e+00
7.739456895672539583e-01
1.000000000000000000e+00
-3.635666265286787713e-01
-6.870764271590752426e-01
1.000000000000000000e+00
4.167422479758889353e-01
-8.147656895100913177e-01
1.000000000000000000e+00
-7.524256093127362766e-02
-1.000000000000000000e+00
1.000000000000000000e+00
-1.000000000000000000e+00
-7.769317715684782577e-01
1.000000000000000000e+00
5.267369921786535514e-01
9.903465439989143082e-01
1.000000000000000000e+00
9.443559219810784278e-01
-1.000000000000000000e+00
1.000000000000000000e+00
6.474674179292069787e-02
-7.436112532187089119e-01
6.914269041104199598e-01
-2.913141887435899413e-01
-5.890639193689976016e-01
-1.704883421925708076e-01
-1.000000000000000000e+00
2.473475805877456413e-02
1.000000000000000000e+00
-3.628579743663196688e-01
-1.000000000000000000e+00
3.950812281859734654e-01
1.000000000000000000e+00
1.000000000000000000e+00
-6.058033016192959641e-01
8.425450132328478059e-01
3.565659696781826038e-01
7.908641261162183689e-01
1.000000000000000000e+00
-4.319310989589238425e-01
-1.000000000000000000e+00
5.897186283675354135e-02
1.738684136150117077e-01
-2.471257391488526078e-01
-6.869663107782889577e-01
1.696184536947265564e-01
-1.000000000000000000e+00
2.137949587885917824e-01
-9.906598499175678363e-01
-1.000000000000000000e+00
-2.865992467802602195e-01
-3.107260644102024516e-01
8.916591457971237977e-01
-6.348368685528806010e-02
-4.565017625433943627e-01
2.485685085702066255e-02
-9.287693132238350469e-01
1.000000000000000000e+00
2.871720662897669363e-01
6.592086894923133711e-01
-1.000000000000000000e+00
-1.000000000000000000e+00
3.087499465875500060e-01
-1.000000000000000000e+00
-3.412948652474545597e-01
-8.154698362042416271e-01
1.000000000000000000e+00
9.186086030202049724e-01
-7.685590804328402692e-01
1.000000000000000000e+00
2.655130948486855158e-01
1.000000000000000000e+00
-3.422521556618136063e-01
1.000000000000000000e+00
-1.000000000000000000e+00
1.000000000000000000e+00
4.289006371673872442e-01
1.000000000000000000e+00
7.124626735880802419e-01
1.000000000000000000e+00
-6.354661344536699508e-01
-4.114816496874583174e-01
-3.403832103510172347e-02
2.115595882093936897e-01
5.394709173251941436e-01
-6.750112661554038551e-01
-6.939024074040603396e-02
-7.309199991166145383e-01
-1.000000000000000000e+00
1.810124165072607982e-01
-4.432635824799687763e-01
-1.346011300310050174e-01
1.487111331240028589e-01
-1.000000000000000000e+00
1.000000000000000000e+00
-7.852428045044601568e-01
-6.540259343193517427e-01
4.642476117188168994e-01
2.198573281318089712e-01
-1.000000000000000000e+00
2.814273321324865518e-01
1.000000000000000000e+00
1.000000000000000000e+00
-6.771161067303796410e-02
1.925277624019155476e-01
-9.949956056493819423e-01
5.491833928881317828e-01
1.000000000000000000e+00
-6.292720019820301491e-01
2.535557350186697922e-01
-1.000000000000000000e+00
6.913743842163350140e-01
6.565232644377904103e-01
3.146311894989932689e-01
-3.332821946690016635e-01
-6.662020349387591800e-01
-6.051732632715682847e-01
-9.872406843221714912e-01
-1.581434211363527131e-01
9.293972025276894255e-01
-1.000000000000000000e+00
-1.000000000000000000e+00
-5.040187551243138775e-02
1.000000000000000000e+00
4.015534899661417634e-01
1.000000000000000000e+00
-7.397188234853517841e-01
-1.000000000000000000e+00
-5.236424056456925324e-01
-1.037309417742424134e-01
-2.312217806998369818e-01
1.000000000000000000e+00
7.021543468229041185e-01
4.404031065660058419e-01
1.672558494121023087e-01
-8.118163395056470222e-01
-5.812769519491816084e-01
-1.000000000000000000e+00
-8.745837326921908073e-01
-4.152562344657579341e-01
1.000000000000000000e+00
1.000000000000000000e+00
-1.673599590996832920e-01
-8.896213698212789289e-01
-5.799263223658115418e-01
7.970981139293955575e-01
6.530400195432138899e-01
-1.000000000000000000e+00
5.128782540535433698e-01
5.689888321279057415e-01
1.000000000000000000e+00
1.000000000000000000e+00
-1.000000000000000000e+00
4.828445621898473927e-01
4.078272784743904311e-01
-1.000000000000000000e+00
2.132969354251520733e-01
-5.612125262491547417e-01
-6.157215202398768072e-01
2.373040838275203290e-02
1.000000000000000000e+00
-1.000000000000000000e+00
1.000000000000000000e+00
-6.359759833400961959e-01
1.000000000000000000e+00
-2.333970407412908066e-01
6.676334269735573201e-01
9.785046971761584000e-01
-1.000000000000000000e+00
-1.000000000000000000e+00
3.519016842111477583e-02
-3.080145790832676256e-01
7.646670291829673616e-01
-9.179358514307680572e-01
4.235141723006350389e-01
9.883530748328568372e-01
8.470063689786097028e-01
-1.000000000000000000e+00
1.000000000000000000e+00
-6.479716708479307252e-01
9.734983289893531788e-01
8.767052556683239128e-01
-1.000000000000000000e+00
-1.059292495211174440e-01
2.591889255669520553e-01
6.984628951177822564e-01
9.987138879095256438e-01
9.585688963764196213e-01
4.652770984829607270e-02
-6.312762236309799047e-01
1.000000000000000000e+00
6.440567134730190713e-01
6.302264011536303778e-01
