2.569501466975040449e-01
1.780374765686021377e-01
1.000000000000000000e+00
2.015581399156517461e-01
7.855286538346020198e-01
-1.000000000000000000e+00
7.995149131980869850e-01
-9.183415422293508268e-01
-7.104887897190645951e-01
4.086725002770519311e-01
1.697914911523656922e-01
-9.247791456034233359e-01
5.335129798036815085e-01
-8.274480174937759447e-01
9.915146785462081169e-02
2.193500836812667387e-01
1.517632957242402991e-01
8.074596483305884753e-02
-9.561735073217589864e-01
7.629220242812548847e-01
4.352408092293609254e-01
2.316701317362577228e-01
-4.124894397811886826e-01
7.924531511867827227e-02
1.192337047490017454e-01
7.904513920220579415e-02
-3.169163448353873314e-01
-1.000000000000000000e+00
-7.103183134718582536e-03
2.519551126702719301e-01
-4.772266552559911723e-02
-1.742682425664076329e-01
8.639022452224263127e-01
1.311474090886566302e-02
6.585150485502448969e-01
4.652559987070044034e-01
3.536150545667038347e-01
1.644119896509709799e-01
4.417584468770991979e-01
5.643344731535153702e-01
-4.368838411075315342e-01
1.000000000000000000e+00
-6.548256194456441026e-01
-8.111413607876780674e-01
1.736672431363910363e-01
-7.469729558399221259e-02
-1.066177710182065752e-01
5.002713544706720583e-01
-5.132860692884944065e-01
-8.635042671426468308e-01
7.816781327551072245e-01
-9.112852606206449657e-01
-4.549649287581747359e-01
-5.392800534033725945e-02
1.664128261334951731e-01
-7.251853788768505282e-01
6.659712858275350644e-01
-3.555068080323144919e-01
1.729480741929090293e-02
-4.255181577546061078e-01
-1.689669925641239523e-01
1.000000000000000000e+00
-4.756463230374048390e-01
-2.240367811871095682e-01
4.184342360187366938e-01
7.903421756189612513e-01
-7.154121575652760967e-03
-1.000000000000000000e+00
-8.121384137690392802e-01
1.000000000000000000e+00
6.237009083095834683e-02
-1.000000000000000000e+00
2.578358164408730002e-01
-9.134081114192700301e-01
-2.754459436417855400e-02
-6.831299880962601323e-01
1.000000000000000000e+00
4.280966907169552194e-01
1.000000000000000000e+00
-7.186029947722987199e-01
-6.476776304465194922e-01
-1.862031414638820603e-01
5.376824750764632732e-01
8.372337976694022021e-01
-7.549935740643888282e-01
1.808121192117171372e-01
-9.184667030551164624e-01
6.278034133229362102e-01
-3.460666509850724992e-01
6.551358493243636394e-01
9.771144077546536355e-01
-6.683134309522231753e-02
1.085301485421300560e-01
-2.011021474766614414e-01
2.135175547630836224e-01
-3.207053462127349430e-01
8.845801119351297537e-01
4.580589414750375621e-01
-1.000000000000000000e+00
2.928359018684081327e-01
3.234994826648931454e-01
-4.497292946849484885e-02
7.930522278346561205e-01
-2.915597054389444942e-01
-2.706761423888485174e-01
7.216689323444620552e-01
2.285793753107829840e-01
3.688586009429610790e-01
-3.991987139624548764e-01
6.844393182622163785e-01
2.647931826663008081e-03
-9.371878530118413764e-01
5.549572090296024385e-01
6.985500399883731726e-02
-2.710158600319364508e-01
8.831091529173251686e-01
-9.638197222389410790e-01
-9.084223584413286812e-01
-2.259673255319425422e-01
4.072255466473204688e-01
-1.000000000000000000e+00
6.400278984780924940e-01
-4.151268390617257609e-01
2.657553195231812104e-01
5.843458462070525439e-01
-7.871491060445223731e-01
2.638837027984308747e-02
-3.333753088158568634e-01
-3.461802004586578274e-01
-6.840168825639652006e-01
-8.629379762683155874e-01
9.731141006498100765e-01
-2.988124575940553918e-01
-9.036179930109711211e-01
-4.597246616095000959e-01
2.979620694298912298e-03
-6.311460408120739274e-02
7.235291714614922043e-02
-1.000000000000000000e+00
9.211385391725780414e-01
-2.677574382787537011e-01
9.131663656363777637e-01
-2.605053298791650818e-01
-1.000000000000000000e+00
-2.567904487352412612e-01
-9.473011277556953047e-02
-3.379920127136912811e-01
1.570154983993254927e-02
-7.107483515768662219e-01
-7.285647985528016513e-01
8.182209191015439309e-01
9.059721971212137959e-01
9.621028817161001445e-01
5.386724521949259881e-01
-5.388277618654586654e-01
-7.947112545365908609e-01
3.664261327212257613e-01
1.195730787277691221e-01
8.598851871174875150e-01
-5.142070311338269306e-01
9.999876997955057245e-01
-9.985057117752414724e-02
-4.112381993072491415e-01
-1.000000000000000000e+00
9.993418859356242301e-01
-7.761502982877728218e-01
8.316008302105932781e-01
-4.302042006401114449e-01
-1.000000000000000000e+00
-1.000000000000000000e+00
-8.638946281421415740e-01
1.961387686747979586e-01
-1.000000000000000000e+00
-4.292468404801956794e-01
2.961553065553179098e-01
-6.562168677321134069e-02
4.316422164171755949e-01
-5.895427374430337597e-01
-4.486328938115298204e-01
4.612004987058517802e-01
-7.724732309499744431e-01
-6.445859224624400641e-01
1.000000000000000000e+00
6.570501143985396642e-01
-5.389138271738744823e-01
-1.000000000000000000e+00
5.912728451014750419e-01
8.185563832692943631e-01
-4.313915773258192310e-02
-3.885812305819753565e-01
1.356930469044633214e-01
9.593621288294340577e-01
3.986724592043069393e-01
-3.022953293387491414e-01
-3.538329246192555289e-01
-1.530855833908499886e-01
-3.995105951055746285e-01
3.518814691763478830e-01
1.355081589655908747e-01
7.209481346433419535e-01
6.401599615057591564e-01
-8.613345264605909435e-02
-2.807112326816447734e-01
-3.055529503088170173e-01
-7.532219445214873854e-01
3.980580439066361276e-01
9.524898677308750727e-01
-6.551023432236535715e-01
8.907065592949650057e-01
-3.967234678723978725e-01
2.480320242598110791e-02
-9.668137229124347254e-01
-3.157139834144444546e-01
9.057519414488359732e-01
5.038972836474808759e-03
1.552256667944948987e-01
2.586122032207938126e-01
-4.184380651529617801e-01
1.612250732122224584e-01
3.124328677443581892e-01
6.852781249955264276e-01
-5.928147887134413985e-01
6.543964308427845378e-01
1.095186560140865017e-01
-1.000000000000000000e+00
-1.000000000000000000e+00
5.130562567400824558e-02
-5.511648600161178635e-03
-2.900046996898764107e-01
6.697419361092677992e-01
-6.041034677490992877e-01
-9.564148398650555993e-01
3.897977943804021850e-01
7.746887808520573904e-01
2.657962501882815687e-02
-2.563139426098686169e-01
8.770111171394916472e-01
-3.568151983220229084e-01
6.582095849950451161e-01
-1.000000000000000000e+00
8.639674740094469563e-01
8.337635622432750804e-01
4.081475283431015288e-01
-8.907339673935876778e-02
5.366395765405179707e-02
-1.000000000000000000e+00
5.995220768786591048e-01
-7.162452056792778521e-03
6.856731579990740233e-01
6.786772215900200855e-01
1.110819233143907625e-01
1.157055500494452716e-02
2.122812482517293375e-01
5.249237542073381668e-01
-9.487934281400838277e-01
6.043001804021488343e-01
-9.304438642606309706e-01
-8.698002756341287611e-01
-9.745250286712920929e-01
2.368145982223853196e-01
-7.444341182536540202e-02
-1.000000000000000000e+00
3.057658941643213169e-01
-2.646572123465218418e-01
6.714705395420863532e-01
