gen,best,mean,sd
0,-14.233333333333274,-80.3502222222222,22.13040701761792
1,-5.56666666666661,-81.53785185185181,21.531949085831563
2,-5.56666666666661,-81.53785185185181,21.531949085831563
3,-5.56666666666661,-81.53785185185181,21.531949085831563
4,-5.56666666666661,-81.53785185185181,21.531949085831563
5,-5.56666666666661,-81.53785185185181,21.531949085831563
6,-5.56666666666661,-81.53785185185181,21.531949085831563
7,-5.56666666666661,-81.53785185185181,21.531949085831563
8,-5.56666666666661,-81.53785185185181,21.531949085831563
9,-5.56666666666661,-81.53785185185181,21.531949085831563
10,-5.56666666666661,-81.53785185185181,21.531949085831563
11,-5.56666666666661,-81.53785185185181,21.531949085831563
12,-5.56666666666661,-81.53785185185181,21.531949085831563
13,-5.56666666666661,-81.53785185185181,21.531949085831563
14,-5.56666666666661,-81.53785185185181,21.531949085831563
15,-5.56666666666661,-81.53785185185181,21.531949085831563
16,-5.56666666666661,-81.53785185185181,21.531949085831563
17,-5.56666666666661,-81.53785185185181,21.531949085831563
18,-5.56666666666661,-81.53785185185181,21.531949085831563
19,-5.56666666666661,-81.53785185185181,21.531949085831563
20,-5.56666666666661,-81.53785185185181,21.531949085831563
21,-5.56666666666661,-79.1973333333333,22.52237675329325
22,1.6333333333334288,-44.2584444444444,31.454606901979012
23,1.6333333333334288,-41.465090090090044,31.466395472963754
24,5.100000000000058,-45.6244444444444,33.33186122675281
25,5.100000000000058,-41.028666666666616,32.34275785441975
26,7.566666666666752,-41.01599999999995,33.82241109306298
27,7.566666666666752,-33.989999999999945,31.992019548862746
28,7.566666666666752,-37.71342281879189,34.17154074896664
29,7.566666666666752,-35.202207505518714,33.27735955345987
30,7.566666666666752,-33.2655555555555,32.000303335753685
31,7.566666666666752,-38.55199999999995,34.60089604491642
32,7.566666666666752,-33.231096196867945,32.49003327114598
33,7.566666666666752,-34.7279642058165,34.773429446672175
34,7.566666666666752,-31.579555555555494,32.04838166288398
35,7.566666666666752,-35.330905077262635,35.1856290692638
36,7.9666666666667645,-32.026621923937306,34.33093386195521
37,7.9666666666667645,-35.415883668903746,33.64941117230721
38,7.9666666666667645,-27.223555555555496,28.88828150130718
39,7.9666666666667645,-32.35416666666661,32.40837349663463
40,9.866666666666767,-26.27590090090084,27.325763020249394
41,9.866666666666767,-28.52639821029077,29.617760325503998
42,9.866666666666767,-30.385458612975338,32.21398006904541
43,9.866666666666767,-35.90311111111105,34.45817697864121
44,9.866666666666767,-32.16396396396391,31.889908575781078
45,9.866666666666767,-34.281405895691556,34.29945538777527
46,9.866666666666767,-35.67006802721083,32.80550341315288
47,9.866666666666767,-34.93825503355699,36.022310258070554
48,9.866666666666767,-34.806263982102855,33.437475876287294
49,9.866666666666767,-28.101789709172202,31.91273073674264
50,9.866666666666767,-28.16062639821023,30.133427385395812
51,9.866666666666767,-35.57718120805364,34.09899766661749
52,9.866666666666767,-33.17111111111106,32.53073206054643
53,12.266666666666755,-25.332891832229517,29.959905507109386
54,12.266666666666755,-31.88157894736836,34.10276625895287
55,12.266666666666755,-27.270045045044988,28.69904852925369
56,12.266666666666755,-34.82319819819814,34.14012277166886
57,12.266666666666755,-26.270222222222163,30.081362544658962
58,27.60000000000012,-26.617660044150046,31.005459133350396
59,27.60000000000012,-25.892666666666607,31.28316335003841
60,27.60000000000012,-24.064864864864802,30.011617816450993
61,27.60000000000012,-29.38422222222216,32.663841532408924
62,27.60000000000012,-29.15165562913901,33.61882349863764
63,27.60000000000012,-24.5103070175438,28.64728389847007
64,27.60000000000012,-29.412444444444386,32.840099369783964
65,27.60000000000012,-26.324724061810098,29.832606935198523
66,27.60000000000012,-28.36048565121407,31.66357517243001
67,28.40000000000011,-26.57069351230419,31.64797868743004
68,28.40000000000011,-28.235585585585525,33.14923840662668
69,28.40000000000011,-28.720888888888826,33.022442771807256
70,28.40000000000011,-26.61942604856506,32.060683667042646
71,28.40000000000011,-29.639189189189132,32.98127317317159
72,28.40000000000011,-32.099773242630334,34.25240919777516
73,28.40000000000011,-30.558888888888827,34.19345560444046
74,28.40000000000011,-27.207675438596432,31.16238629730743
75,28.40000000000011,-28.307936507936443,32.37808585195603
76,28.40000000000011,-24.89088888888883,30.31449302492169
77,28.40000000000011,-29.025675675675615,33.15863343671313
78,28.40000000000011,-27.67177777777772,32.86460118293817
79,28.40000000000011,-22.69890350877187,27.504594092008137
80,28.40000000000011,-25.826710816776988,29.70958475544468
81,28.40000000000011,-30.213422818791894,34.096365808750114
82,28.40000000000011,-26.63725490196073,30.54270982294523
83,28.40000000000011,-25.946357615893984,32.33289114044365
84,28.40000000000011,-29.603111111111055,32.7531384635103
85,28.40000000000011,-29.21710526315784,32.583629465797074
86,28.40000000000011,-27.848785871964623,32.573111916712804
87,28.40000000000011,-28.210606060606,32.16708581575275
88,28.40000000000011,-29.128256070640116,33.09547113562005
89,28.40000000000011,-26.531999999999947,31.659500681587012
90,28.40000000000011,-28.91133333333328,34.13729074932141
91,28.40000000000011,-26.64022222222216,30.80982197808012
92,28.40000000000011,-24.744966442952958,30.66573384588822
93,28.40000000000011,-27.918594104308326,33.43326700826337
94,28.40000000000011,-26.638775510204017,32.033655544453346
95,28.40000000000011,-25.995270270270208,33.29790572510088
96,28.40000000000011,-29.424999999999937,33.161652904346454
97,28.40000000000011,-25.79686800894848,31.02527687634744
98,28.40000000000011,-27.238222222222156,31.040343494344825
99,28.40000000000011,-28.197149122806955,33.99810322024238
100,28.40000000000011,-27.395805739514287,28.849871561313407
101,28.40000000000011,-28.905960264900596,31.967020368805784
102,28.40000000000011,-24.55244444444438,28.672523005591504
103,28.40000000000011,-24.7986666666666,32.39261344241355
104,28.40000000000011,-28.18711111111105,29.789532535630013
105,28.40000000000011,-29.268653421633495,32.64544840286931
106,28.40000000000011,-30.911920529801264,34.945768211398395
107,28.40000000000011,-28.048344370860868,35.49093753860652
108,28.40000000000011,-31.745333333333274,34.717846895178255
109,28.40000000000011,-28.20555555555549,34.38605238705708
110,28.40000000000011,-29.62622222222216,33.88340587775297
111,28.40000000000011,-30.80488888888883,33.74798087494723
112,28.40000000000011,-29.594481236203027,32.847889542474555
113,28.40000000000011,-26.472072072072013,32.322478918769
114,28.40000000000011,-28.43911111111105,31.250057836193413
115,28.40000000000011,-25.957017543859585,30.457292415452745
116,28.40000000000011,-27.189999999999937,32.27627055192006
117,28.40000000000011,-26.96222222222216,33.724267483282006
118,28.40000000000011,-26.48088888888883,31.911755258122707
119,28.40000000000011,-27.90375275938184,32.56832350609623
120,28.40000000000011,-29.21081677704188,34.85418771145438
121,28.40000000000011,-25.83601789709166,31.676708525969104
122,28.40000000000011,-24.420495495495437,29.76314495567267
123,28.40000000000011,-21.37478070175432,29.988101440772883
124,28.40000000000011,-27.55055187637963,32.95467461780851
125,28.40000000000011,-23.022368421052573,28.760071659784902
126,28.40000000000011,-27.095206971677506,32.651160211486314
127,28.40000000000011,-25.599779249448066,30.643622327578115
128,28.40000000000011,-25.44944071588361,30.963529484718553
129,28.40000000000011,-26.52911111111105,32.508308293400425
130,28.40000000000011,-24.39511111111105,32.07876080239518
131,28.40000000000011,-28.017880794701924,33.282189191266774
132,28.40000000000011,-26.907606263982043,34.442820175006524
133,28.40000000000011,-22.060706401765945,30.006636520319752
134,28.40000000000011,-24.00657894736836,31.389437462350816
135,28.40000000000011,-26.347461368653363,33.27060641866301
136,28.40000000000011,-27.239333333333278,33.47513241087968
137,28.40000000000011,-29.69459459459454,33.34207454171917
138,28.40000000000011,-22.267324561403452,28.92364000815875
139,28.40000000000011,-28.27977777777772,32.44035481759346
140,28.40000000000011,-27.161333333333275,31.944092151873853
141,28.40000000000011,-27.73421052631573,33.417595679296255
142,28.50000000000011,-27.166225165562857,32.6819655995311
143,28.50000000000011,-25.75577777777772,30.842397585782905
144,28.50000000000011,-27.708666666666605,32.86551619126832
145,28.50000000000011,-25.56399999999994,32.596871133648776
146,28.50000000000011,-28.686353467561464,32.73026430602837
147,28.50000000000011,-33.29552572706929,33.896233649125314
148,28.50000000000011,-25.60469798657712,31.28373794494702
149,28.50000000000011,-26.165100671140873,34.14714383807006
150,28.50000000000011,-26.425386313465726,31.630605634149124
151,28.50000000000011,-26.726096491228006,34.26600618811971
152,28.50000000000011,-27.99342105263152,34.00944271168756
153,28.50000000000011,-28.69355555555549,33.48702826726852
154,28.50000000000011,-29.006263982102848,34.16874853026081
155,28.50000000000011,-26.244819819819757,32.90091884968751
156,28.50000000000011,-31.01543624161068,34.44127046816721
157,28.50000000000011,-26.899122807017484,31.49989045450378
158,28.50000000000011,-24.340666666666603,32.20567832840342
159,28.50000000000011,-25.72494481236197,34.52301238853374
160,28.50000000000011,-27.09977924944806,33.267957854650774
161,28.50000000000011,-22.578947368420987,31.149056307270182
162,28.50000000000011,-28.102649006622457,33.82440405080169
163,28.50000000000011,-26.813465783664395,33.597778225276734
164,28.50000000000011,-23.789038031319848,33.46123079532272
165,28.50000000000011,-23.99355555555549,33.219316490541566
166,28.50000000000011,-30.22013422818786,34.98537050572282
167,28.50000000000011,-26.500447427293004,32.90768956659135
168,28.50000000000011,-27.29844444444438,32.88825262222381
169,28.50000000000011,-28.280794701986693,34.652729079081205
170,28.50000000000011,-29.792052980132393,36.01308459551921
171,28.50000000000011,-22.693736017897024,32.294409415251806
172,28.50000000000011,-23.935982339955785,32.79971475566014
173,28.50000000000011,-23.634228187919398,31.811132131090954
174,28.50000000000011,-26.371396396396335,32.913868625549455
175,28.50000000000011,-24.462863534675552,30.611385961562036
176,28.50000000000011,-27.69599999999993,34.81842018242646
177,28.50000000000011,-29.59955555555549,37.014109819478264
178,28.50000000000011,-33.90110375275932,36.49398499274576
179,28.50000000000011,-27.679504504504443,34.91503813176313
180,28.50000000000011,-27.364222222222153,34.82019360821507
181,28.50000000000011,-25.390728476821128,32.8674527528785
182,28.50000000000011,-28.505999999999936,33.79662246328659
183,28.50000000000011,-23.230684326710747,29.209019775574006
184,28.50000000000011,-27.077704194260416,34.136358758427896
185,28.50000000000011,-23.43153153153146,31.802585212258155
186,28.50000000000011,-28.97599999999993,35.234999460237894
187,28.50000000000011,-24.7446666666666,31.509864141602126
188,28.50000000000011,-27.74121621621615,34.33866536954604
189,28.50000000000011,-30.30533333333327,36.01175427037166
190,28.50000000000011,-25.089403973509864,33.387974502305596
191,28.50000000000011,-27.67977777777771,35.22160256657874
192,28.50000000000011,-26.499105145413807,35.32973324834321
193,28.50000000000011,-26.338288288288222,33.09310402496238
194,28.50000000000011,-25.453243847874656,33.06913597609208
195,28.50000000000011,-24.818243243243174,34.293927428560416
196,28.50000000000011,-26.835570469798594,33.89133722968087
197,28.50000000000011,-25.65727069351224,31.748404595201265
198,28.50000000000011,-27.527964205816488,34.36327554882765
199,28.50000000000011,-21.717763157894666,29.443988087047973
