1.057305139945188488e+00
-1.023434164363131726e+00
1.119307615096359010e+00
-4.263076291648785210e-01
2.450970229069651118e-01
1.215164496531167648e+00
-1.328556316520299561e-02
-1.029306417557348974e+00
1.000000000000000000e+00
-4.602266715059839530e-01
1.588853858594054147e+00
2.370595611781786349e+00
-3.626780522195804934e-01
-7.144874967068255422e-01
5.010737822265509678e-01
-6.090942862153080339e-01
-4.800147507111566791e-01
1.000000000000000000e+00
-7.820884171959456843e-01
-1.474688249039186827e+00
-4.491278000988917496e-01
-2.652606872925976855e+00
2.644441415871859880e-01
6.246569130278923909e-01
-3.063515716659533095e-02
-1.050371139068525750e+00
1.000000000000000000e+00
1.007126068875958458e+00
-2.696315040623927795e-01
-6.342605521207836938e-01
1.000000000000000000e+00
-1.219912500061691274e+00
2.491473164292017928e-01
1.000000000000000000e+00
-4.070074358903606471e-01
8.928430117946395406e-01
-8.820380080302265835e-01
1.074682281832529673e+00
-2.336868800921554357e+00
-1.265063879146757220e-01
-8.525964306482854971e-01
-6.067590104604573265e-01
-7.550339633034346409e-01
7.233982372758598900e-02
4.264755517050997091e-01
-9.575136380732118813e-02
3.382069542430754527e-01
7.592793535284544926e-02
-9.506199440547736801e-01
-3.537414940166483390e-01
-9.039834691369155184e-01
6.197338591384639050e-01
5.981187392208043851e-01
1.404095996930597279e+00
1.329472605123258044e-01
1.000000000000000000e+00
4.552171693674353925e-01
8.701182987824508386e-01
-5.150029152533014409e-01
-5.198981604903701870e-01
-5.248129404355141858e-01
-8.397856956397351524e-01
-1.694604180923195536e+00
-8.801323861763702405e-01
9.993934925034873018e-01
1.474859802773696715e-01
3.725222235632097423e-03
3.946401206508489135e-01
-1.410176422508827132e+00
-8.866971900274008833e-01
4.932467746102304207e-01
5.466815653564359723e-01
-9.325649412630074853e-01
9.546804228556663441e-01
6.169162221665968060e-01
-3.672666876026424165e-01
9.642902855883406232e-01
1.000000000000000000e+00
2.778049114417100451e-01
-4.537458864356434529e-01
-2.931086435082990924e-02
-4.762693420222789964e-01
-7.612597393846428639e-01
7.739058939571250018e-02
-7.366046723613306479e-01
3.271990337295638263e-01
3.000506959506473170e-01
-4.971182943171157942e-01
2.235798690916148246e+00
2.603396221178914255e-02
-3.941232944478582079e-01
1.823408438169031864e+00
-1.963145238660755909e-01
-2.295447085413303778e+00
7.996280307162566547e-01
1.000000000000000000e+00
1.190053172470686205e+00
1.086114569560171939e+00
-2.714801516915490431e-01
-7.101813571716282247e-01
3.094880997228522945e-01
9.761879297757790619e-01
-5.831133453047561421e-02
-1.109893560833253856e+00
-8.421186090611887387e-01
3.389376892189738810e-01
1.000000000000000000e+00
1.000000000000000000e+00
-2.498783183186324974e-01
-5.606867555349585863e-02
1.232338418651411027e+00
1.473623867485428507e-01
-8.449264016883637485e-01
-1.357083207156326576e+00
1.347794543829605556e-02
7.434426867553113327e-01
-1.022415290696194079e+00
6.593842054647933715e-01
1.587123563567952589e+00
1.150345727671109541e+00
-5.041069409811251845e-01
1.000000000000000000e+00
-1.654924251334167318e+00
1.404552500098017465e+00
4.155614129166353421e-01
-1.831553745991127968e-01
-1.631020010937038189e-01
3.160920722618121292e-02
7.652806067025702541e-01
-7.845036014758791643e-01
-3.703869629502858363e-01
3.296517503964718765e-01
5.151375707659273662e-01
1.668032902497248227e+00
-1.193073811284260710e+00
9.650783418691645243e-01
7.803588680928217336e-01
4.657818351801283896e-01
4.373177589781327562e-02
-3.078114505595570538e-01
-7.889401577192994841e-01
9.709801879416464221e-01
8.203526240312976059e-01
2.822479495304124897e-01
6.423290667819565591e-01
3.441231883939145364e-01
-1.257547195709237897e+00
4.679662004372436290e-01
-9.315288278874508943e-02
1.016412623475734689e+00
6.532920857515636670e-02
9.794136210646162688e-01
7.514445293277534077e-01
-8.815797250076161662e-01
-8.217036284558737469e-01
-4.010286151805404486e-01
-1.000000000000000000e+00
-1.045160645559959800e+00
4.775973346891604354e-02
-7.864840084064200765e-01
8.496017027559757961e-01
-1.192194357027070994e-01
3.934734943050007261e-01
-1.136599525359893947e+00
-2.377074807374891796e-01
1.000000000000000000e+00
-6.569744886149661012e-01
1.000000000000000000e+00
-5.613988095512103538e-01
9.894319812715332008e-01
-1.478610155283404115e-01
-1.475095492035902456e-01
-1.012011172272612031e-01
3.301762856673983726e-01
1.051078584188816167e+00
-8.654826702779556680e-01
-3.170098829848101429e-01
1.042333112327364031e+00
-7.275438648759541271e-01
4.459506001944383846e-01
-1.238536341570227961e+00
1.000000000000000000e+00
-5.963280995751870650e-01
6.570128246314841380e-01
-2.583308987243309804e-02
-2.537370048082140395e-01
2.359668014861829033e-01
-1.318536617138738487e+00
-5.544941106506806605e-01
-8.464077575858091063e-01
1.386137879946769846e+00
-6.443709764318805711e-01
-1.755368009978755250e-01
5.680282162384805433e-01
1.018789596666372033e+00
-6.597327075694581211e-02
-4.157337616427070337e-02
-9.709639786325090505e-01
-1.134063296086768702e+00
-1.088745831489290605e+00
-1.154556310554133214e+00
4.339333440322112878e-01
-3.680069255851448062e-01
-3.125001254124137318e-01
3.991338984823790126e-01
4.425719130010965507e-01
-3.136721975851713418e-01
-8.803169528389865883e-01
3.508367236571067749e-01
3.075933997115609109e-01
-7.820701821985953650e-01
-8.631475892089939261e-01
3.748095093842580133e-02
9.772640787401273288e-01
-6.613168284493967652e-01
9.561316381342537252e-01
-1.000000000000000000e+00
-1.010740888651191272e+00
-1.483575129921329561e-01
-9.672828592374421719e-01
-1.000000000000000000e+00
-4.125079688213672546e-01
2.486522848282406162e-02
9.998472976348127261e-01
6.235334604965779848e-01
2.229162698782066188e-01
4.302558846514885627e-01
7.445386550123529457e-01
-2.015122981941774860e-01
-7.674038894621817430e-01
-1.000000000000000000e+00
-3.958630058567981225e-01
-7.513042823333406783e-01
-8.326869538584239505e-01
-1.222423798665459166e-01
-1.139729944716384447e+00
3.614482970065850398e-01
4.399816796777838435e-01
6.306222831700009079e-01
7.161065875239387424e-01
-1.289946841286316648e+00
-4.630242560341936708e-01
8.679122783109645134e-01
1.508969965712000372e+00
4.584337263135870172e-02
2.293024131619186556e-01
3.870177413837618818e-01
7.253873993058137515e-01
5.997435709649705515e-01
-1.054035958915788690e-01
-3.385755215058767198e-01
-1.000000000000000000e+00
1.000000000000000000e+00
1.000000000000000000e+00
1.643942892955441160e-04
-6.195070986894865017e-01
-5.142914932130899786e-01
-2.835711456415707099e-01
9.347101284730702231e-01
-1.012619328277961861e+00
-1.435092674114857303e+00
-1.221604184992265862e+00
-8.662126350934436225e-02
-8.534128286117789175e-01
1.354540301852871220e+00
