8.004512583385234858e-01
3.085180348375256010e-01
3.890056299887088009e-01
-8.022939487014750792e-01
-7.602582523151996119e-01
9.049235476740769002e-01
9.915397124983766908e-01
-9.926748685525942084e-02
5.920945314814718419e-01
-3.779131092129832670e-01
-9.645339815374589509e-01
-2.185442441104771538e-01
-6.246269145690129809e-01
-4.315919597165036037e-01
2.018832712131261031e-01
-9.012196369839594601e-01
2.798743754703956754e-01
6.923217700721384649e-01
-1.604590122690169041e-01
6.024237240458720777e-01
1.785743318468529517e-01
2.327796848704691279e-01
8.857144772457810067e-01
-4.055621959489558170e-01
7.636307325289841685e-01
3.970963150318145840e-01
-2.325091633845339789e-01
-7.770842676934976989e-01
-3.108428315852270751e-01
9.940656892923285248e-01
-8.400907253148498510e-02
-1.000000000000000000e+00
-2.701817652226187749e-01
5.375124851564280215e-01
1.000000000000000000e+00
-4.426757375971911435e-01
7.387565610184352316e-01
-1.581961994586202624e-01
-1.568117055240599855e-01
-4.084236221359469066e-01
-7.361422163178698019e-01
-5.895231025387337453e-01
7.345874083121152198e-01
-7.169576566311093302e-01
9.813824127297600119e-01
5.023618346928293565e-02
-2.871160205444629743e-02
4.504027129863977241e-01
-4.513651760415898773e-01
9.922480216110962647e-02
7.700437322889759351e-01
4.959755756074133437e-01
2.907298840216694935e-01
4.604774229687240150e-01
1.841768202434934110e-01
-8.845039117261904726e-02
7.771493635737234396e-01
1.726880762344318310e-01
-6.740074237063896634e-01
-9.888899453133629391e-01
8.310800910815181464e-01
-4.711625605900243707e-01
4.049633601830461282e-01
8.347732466150332986e-02
6.567140545875996827e-01
-6.166048935917455287e-01
-1.000000000000000000e+00
-3.549727187333480138e-01
1.331096259738514739e-02
-9.140519479101780753e-01
-8.664543066762773194e-01
1.000000000000000000e+00
1.767042688374587112e-02
-3.327271468192701254e-01
-4.948534701081792053e-01
5.794333805383435898e-01
3.396619120744956977e-01
6.046789934394269928e-01
1.000000000000000000e+00
-3.827641126041704256e-01
-4.545424329904853566e-01
5.860295902148673353e-01
-7.960746509845806340e-01
1.000000000000000000e+00
8.501900458758530066e-01
1.924043174027640635e-01
6.432989421581529754e-01
-1.734071120909411873e-02
-3.100739306500064907e-01
-4.491149741832523024e-02
5.532089829755323374e-01
-9.344149365628047210e-01
-4.046904838134888771e-01
7.196662422126183234e-01
7.415965262548357417e-01
-4.091920375150912559e-01
-1.571366576719495090e-01
-1.073806549876151484e-01
-1.920361600562496551e-01
-3.142985354278274857e-01
6.127609359334484224e-02
3.313351895450467044e-02
1.070654059300324423e-02
3.745774460658325422e-01
8.409404059109001350e-01
-2.943154753747211777e-02
5.606859938431737467e-01
-4.991742578099349625e-01
7.590559817455134750e-01
-1.831914973320696721e-02
2.707574816189995889e-02
-7.789584557408317789e-01
4.891386030767580495e-01
-9.557713191423879984e-01
-3.781164634532351299e-01
-2.716568931582736823e-01
-2.312276331720663214e-01
-3.006523067096115165e-01
-1.080017403572659518e-01
-3.740224628108274052e-01
8.009608583563998518e-01
-8.488464234555235244e-01
7.986426459658674260e-01
-5.995104303151659042e-02
-4.910862998205747232e-01
7.940248302555970028e-01
1.000000000000000000e+00
4.068963135439851442e-01
-9.108237743647980000e-01
-6.599549604919395795e-01
-6.404499547581874452e-01
-3.194509134073524326e-01
5.393660099605446234e-01
-4.970470958242093062e-02
-6.460442051992985046e-01
-8.879780760439959231e-01
-2.054100524748667111e-01
-1.786445796484479320e-01
3.179040947066483214e-02
-4.133852367127586747e-01
-9.115553645850440478e-01
-9.550959230089639540e-02
1.684032603862754551e-01
-8.426871166095217802e-01
-1.258358449766512621e-01
-5.643342946618961076e-01
2.937085387220472188e-01
-3.934049608194781777e-01
4.303758703694201548e-01
-5.404301206255240908e-01
2.945071325884093261e-01
1.000000000000000000e+00
9.278534412268572007e-01
-6.938577243165507946e-01
-1.764689940925978640e-02
1.123507681303841377e-01
3.567713946005617309e-01
-1.000000000000000000e+00
-3.567877467873848962e-01
-6.135300250683469736e-01
4.435714833769265897e-01
9.736504036003670315e-01
6.981213486343498809e-02
-7.145740578320427527e-01
3.274965449880620771e-01
-7.169922154877739207e-01
-8.287252702038809538e-02
-8.035578142935309587e-02
-7.625263289506627462e-01
1.565850489534287016e-01
1.837093572535426489e-01
-5.143294784494285843e-02
1.000000000000000000e+00
1.424366571675972915e-01
-3.532885812857115004e-01
7.340712284057546722e-01
1.412684394802060095e-01
1.085038760224892179e-01
1.313681703819487290e-01
7.747715432476893760e-01
-2.857053428632807535e-01
-5.000002324929152947e-03
-4.058990468246408412e-01
5.493632671851591542e-01
-2.858519690200915786e-01
6.843521788379391957e-01
-7.467591232484990238e-01
-9.487560566334805046e-01
3.765063490584795447e-02
-1.000000000000000000e+00
1.000000000000000000e+00
-1.000000000000000000e+00
-1.565692003014955425e-02
-9.116441328794849808e-01
7.395090493544183019e-01
-1.703047418798111501e-01
-2.851324573447715505e-01
-4.830236650205184112e-01
-9.136363129526415827e-01
-3.454794981006593657e-01
8.525658987448032633e-01
-9.749308800657381369e-01
-6.559391426067823216e-01
7.538918026612148049e-01
-6.580702209343089470e-02
-7.162405740853171610e-01
9.328545456860144469e-01
1.164525439215636921e-01
-2.092968849579046331e-01
-8.646808269550884107e-01
-7.420933449559066197e-01
-3.920358439693222841e-01
3.571547832031406466e-01
7.052234019659873177e-01
-2.303809307531905493e-01
-1.000000000000000000e+00
7.815193782575508008e-01
-5.949058821716649570e-01
5.120796513595388122e-02
6.548476776611881212e-01
-4.961607374279802807e-01
-2.864516026589425390e-01
7.492672100842181493e-01
-5.098594618193122985e-01
-5.582119729683380216e-01
-3.016383571147114862e-01
-5.331195051178027056e-01
-9.612284561775752412e-02
6.788561936998060986e-01
-9.884085462939968814e-01
4.100395298029975710e-01
1.000000000000000000e+00
1.000000000000000000e+00
-1.740301481324263155e-01
-1.061464737828514693e-01
-9.482725948043575492e-01
-5.171874633658446463e-02
5.094105665639225844e-01
1.000000000000000000e+00
5.225282063265845878e-01
-7.517570651286654693e-01
-1.470210030636236731e-01
6.988680207620742157e-01
-8.506641936810785953e-01
6.455355906612987305e-01
-4.390959001204303713e-01
-8.223653068248525377e-01
-8.317891995609199007e-01
6.478996438569407657e-01
5.748729500837826967e-01
-2.370107656765158693e-02
-7.980901116155243447e-01
9.764673862545841798e-01
4.072735692956742648e-01
1.137881746970649255e-01
5.987098753018602615e-01
2.319014145216597156e-01
2.710279861380444633e-01
9.417720293134284049e-01
8.408391846950846737e-01
7.674857937229914717e-02
8.424190227962471411e-01
2.408925338297951135e-01
-5.632056042025275211e-01
-2.643306609091333192e-01
