2.268001895141213975e-01
5.686574314910133321e-01
9.448433113548018181e-01
-1.459426139044819326e-01
9.694971927409911094e-01
5.309597134065443536e-01
8.723727234685608733e-01
-6.685513517974689401e-01
-6.997368407384760847e-01
-8.581552995997199229e-02
5.859047438941873409e-01
2.373117164339216822e-01
7.731239429469294322e-01
2.631380775511981129e-01
-1.000000000000000000e+00
-5.563190630579570861e-01
-5.560495091519965793e-01
6.871960851888353483e-01
-6.994439641306965383e-01
-1.990976603908208853e-01
-8.022983627928503836e-01
7.627804077518146597e-01
-5.695886598326262984e-01
-6.876565189434806769e-01
-9.808453001832797558e-01
-1.000000000000000000e+00
-9.923623799493299646e-01
7.953693424927894551e-01
8.950719712453600874e-01
8.126798230416221180e-01
-8.916645804391748475e-02
-4.382338623058750215e-01
1.000000000000000000e+00
-7.284959788093944288e-01
-7.901508784919224482e-01
2.593370102913048481e-01
2.224071456370935174e-03
-1.000000000000000000e+00
2.209015721304559143e-01
-1.000000000000000000e+00
1.000000000000000000e+00
-9.776784311158968066e-01
-3.297753419638911332e-01
-7.982421556992974621e-01
-7.811367603807519711e-01
9.941755026850118693e-01
-5.510834529993444697e-01
-5.849185167574897370e-01
5.505960842285975154e-01
3.891947287337712558e-01
-2.419678428380085400e-01
-8.990536488231455348e-01
-2.087823892818402305e-02
-8.957035401991635393e-01
1.140687734931471464e-01
3.757060019832094144e-01
1.000000000000000000e+00
-4.803758689646399072e-01
-6.569412910940704009e-01
-9.974413795607345312e-01
-7.115734842111623992e-01
9.815462955963238922e-01
-9.311665233815186182e-01
5.632837631629381558e-01
1.000000000000000000e+00
-1.000000000000000000e+00
-7.873149124433742596e-01
-7.542818636772169461e-01
-1.000000000000000000e+00
1.000000000000000000e+00
9.181002643860275425e-01
4.063643517167583319e-01
-7.525307567959345079e-01
-8.373506196289766113e-01
-8.861201915476515367e-01
-8.721046243332651882e-01
-1.000000000000000000e+00
3.914669430738839662e-01
-8.135983526109651365e-01
1.000000000000000000e+00
-1.000000000000000000e+00
2.689531448781550260e-01
1.555704340927770435e-01
-5.541506754742749896e-01
9.707380122459696725e-01
3.453461106132115210e-01
2.413784775746724565e-01
9.781147642725223079e-01
5.798329700823532384e-01
7.057825120329241919e-01
8.858898300718469621e-01
5.894187307939179332e-01
-8.718969646358535330e-01
-9.708905271629504341e-01
-3.817506868581829194e-01
-1.000000000000000000e+00
9.773575377942980147e-01
2.963299746617107377e-01
-2.768784814673118655e-01
3.629665457210460300e-01
9.157359740746771060e-01
-9.114944888689678892e-01
-3.220993281428085608e-01
7.537023714113821882e-01
-8.023528873743088763e-01
-6.745572580411016705e-01
-1.000000000000000000e+00
9.240174570618689964e-01
9.663287991748715777e-01
2.259018056035064781e-01
6.958285489178126504e-01
-8.627356617477501821e-01
9.194151841896720523e-01
-2.473582083800860698e-01
-6.724641578721719526e-01
5.402919249199812368e-01
1.000000000000000000e+00
-1.992646912534433712e-01
2.483960818016650585e-01
-3.353492376638526062e-01
6.248154165033783514e-01
6.257530060506406588e-01
8.518205080765914872e-01
-1.259376678074624056e-01
-9.181618962712121412e-01
4.138588362953378175e-01
-1.835700756303801917e-01
7.707348120441233075e-01
-1.000000000000000000e+00
1.000000000000000000e+00
1.000000000000000000e+00
7.963073517082518427e-01
-8.716364386150028398e-01
1.000000000000000000e+00
4.195723156564720169e-01
1.000000000000000000e+00
9.588170961991074881e-01
1.000000000000000000e+00
-9.674331331825957170e-01
-7.056716949546587569e-02
-9.200117028217946746e-02
8.380379118043359554e-01
1.000000000000000000e+00
-9.996245647770832798e-01
-6.253235897176372404e-01
-1.000000000000000000e+00
-8.779140543265204766e-01
4.177773516079023031e-01
-9.656834480005034305e-01
1.000000000000000000e+00
3.668469659907259151e-01
2.762514741244565530e-01
8.055350607351240422e-01
3.706956749011269814e-01
1.000000000000000000e+00
-9.918054978433810120e-01
3.626307433151920723e-02
-3.208354128013419793e-01
-1.000000000000000000e+00
9.975478341277906891e-01
-5.846461119573757026e-01
6.785279076086186967e-01
-7.366709809662596031e-01
-8.933009167731855715e-01
-8.149276175545998591e-01
9.675152516437912631e-01
-7.702204641983938505e-01
-7.731239429469294322e-01
3.505725605240099796e-01
-2.947970725415825499e-01
4.438843499380816793e-01
3.895138755142198983e-01
7.251288811491807262e-01
-8.573482570409889370e-01
8.999745318098442137e-01
8.362238064923711578e-01
8.486423319945883836e-01
-2.322330879693284000e-01
3.450303006465316180e-01
-6.772845762401049630e-01
1.037762684892307163e-03
2.531286274948971737e-01
-9.525171761982642593e-02
-1.000000000000000000e+00
1.000000000000000000e+00
1.871625757539103763e-01
-1.000000000000000000e+00
9.465381265530499189e-01
8.783100525657046020e-01
3.995379040183754116e-01
-1.666081684515527961e-01
2.096150583806211110e-02
1.000000000000000000e+00
-6.910285434960290463e-01
7.051685515211529864e-01
4.066510632994868590e-01
-1.000000000000000000e+00
2.505026252827349809e-01
2.937059076427658288e-01
9.660525387229111915e-01
9.822129926487880303e-01
-1.000000000000000000e+00
6.008308317348354244e-02
5.689708032526966663e-01
7.731239429469294322e-01
9.633572036791762105e-01
-3.121690188427884705e-01
-7.858612741721998640e-01
-8.301529352079783930e-02
-5.781881705931641857e-01
-9.212929344507290175e-01
-9.802550798268341303e-01
9.838411176639996203e-01
6.866482075264910279e-01
1.679263713311012207e-01
3.048252360425548479e-01
1.044158277111042477e-01
7.781800316293168152e-01
9.334897383137868987e-01
9.982365453091838203e-01
6.337685425560390939e-01
7.483256477315665123e-01
9.800253742859884598e-01
5.920900757845277695e-01
-8.369139794791129461e-01
-1.226985103110295183e-01
8.985030861888739784e-01
7.731239429469294322e-01
-6.771306210745711152e-01
8.483160694364290100e-01
-9.848166949149630423e-01
3.744422655788047782e-01
2.078589326306422569e-01
8.647780197558148085e-01
-8.718054372424366427e-01
-5.373337878278162671e-01
-1.000000000000000000e+00
6.804061343029883524e-01
8.246858855954848355e-01
-1.000000000000000000e+00
-9.217013708161225782e-01
7.731239429469294322e-01
1.000000000000000000e+00
-1.000000000000000000e+00
-3.766279092058615330e-01
-6.002871515045302697e-01
-4.798003947505685707e-01
1.000000000000000000e+00
9.078147738669235522e-01
8.304959764378407883e-01
-8.905413347168622540e-01
-9.194755643688572455e-01
-8.657084836629729274e-01
6.209848563337611038e-01
-1.371173324672372296e-01
-9.196350762689304847e-01
-6.974487720943146618e-01
3.532117130242665715e-01
-3.044175633690531235e-01
-8.723674071747330450e-01
-1.000000000000000000e+00
-1.000000000000000000e+00
-8.975274413084413094e-01
1.000000000000000000e+00
4.571561330390827571e-01
