1.443680815814378793e-01
8.062738414264978282e-01
-1.000000000000000000e+00
-1.728074416372031852e-01
-1.000000000000000000e+00
-3.791991301943895554e-01
1.422320473709099420e-01
-7.533516107021265285e-02
-9.582691922542732055e-01
-1.000000000000000000e+00
-2.394046444426083942e-01
-9.969270061459174492e-01
2.673300615795292101e-01
-1.000000000000000000e+00
-1.000000000000000000e+00
6.162962839640440116e-02
8.833875186406179303e-01
-4.290929629331374784e-01
-1.150401389572841548e-01
7.337676461595963318e-01
1.000000000000000000e+00
1.000000000000000000e+00
-4.933827561379917626e-01
-2.564963711003089841e-01
7.937072045816803145e-01
-3.309534889639540456e-01
1.000000000000000000e+00
-9.047695336211052375e-01
1.000000000000000000e+00
-1.000000000000000000e+00
1.000000000000000000e+00
1.048626871826638385e-01
1.511325234883746926e-01
-2.664668748444408708e-01
1.000000000000000000e+00
-9.633640116080897098e-01
1.000000000000000000e+00
-1.000000000000000000e+00
1.000000000000000000e+00
-1.000000000000000000e+00
1.000000000000000000e+00
-3.666275021142597623e-01
9.496049628677452059e-01
-1.000000000000000000e+00
7.650214535389336934e-01
-9.560504856440075194e-01
5.328634031659018611e-01
-8.588677056564077983e-01
1.000000000000000000e+00
-7.458246121667064799e-01
-6.109140037016034253e-01
8.044384012826799601e-01
1.000000000000000000e+00
1.000000000000000000e+00
1.000000000000000000e+00
1.000000000000000000e+00
1.164137549200721100e-01
1.000000000000000000e+00
-1.000000000000000000e+00
-1.000000000000000000e+00
-1.000000000000000000e+00
-1.000000000000000000e+00
-8.456820483491283014e-01
3.739778544279525607e-01
4.230139885974548708e-02
-2.151175411362385437e-01
-1.000000000000000000e+00
-1.000000000000000000e+00
-3.208321184045074270e-01
-5.758597227453814416e-01
1.000000000000000000e+00
1.626193914828758524e-01
2.370190974423055374e-01
-5.857399764545794252e-01
-8.847322195342459672e-01
-5.250683545051542112e-01
8.661383642432832763e-01
-9.028842592942591949e-01
1.000000000000000000e+00
-1.000000000000000000e+00
1.000000000000000000e+00
-3.190438004211182399e-02
-9.759785670090533882e-01
-1.000000000000000000e+00
-5.318852604309347587e-01
-2.392460961807454378e-01
-1.000000000000000000e+00
1.000000000000000000e+00
-1.000000000000000000e+00
-1.000000000000000000e+00
-9.772708170602951716e-01
-7.649919617421563345e-01
-1.000000000000000000e+00
1.000000000000000000e+00
8.673860472915728703e-01
1.000000000000000000e+00
1.000000000000000000e+00
-3.368050180553416872e-02
-1.000000000000000000e+00
1.000000000000000000e+00
1.000000000000000000e+00
-1.346905676680461572e-01
-1.000000000000000000e+00
8.818491337281972320e-02
-5.506452875807075209e-01
-1.000000000000000000e+00
-8.955216993994984387e-01
2.251013864068711623e-01
-1.354057482513732480e-01
2.638700268813123362e-01
7.218532223593163710e-01
1.270139444699978082e-01
3.561688102888033725e-01
-5.751809249862689377e-01
-5.340049029300673045e-01
-4.564136634165288919e-01
1.000000000000000000e+00
-1.000000000000000000e+00
6.990772674452787605e-01
-1.000000000000000000e+00
-3.737010366484188606e-01
1.000000000000000000e+00
8.608701847720884315e-01
-1.000000000000000000e+00
-1.000000000000000000e+00
-1.000000000000000000e+00
-4.381871277318249991e-01
2.468222600732757899e-01
-1.000000000000000000e+00
-1.000000000000000000e+00
-9.613293495530795818e-01
1.000000000000000000e+00
-3.273523069778380701e-02
-1.000000000000000000e+00
-1.000000000000000000e+00
2.966841003962222834e-01
1.000000000000000000e+00
8.171499807228478351e-01
-1.000000000000000000e+00
-1.000000000000000000e+00
-1.000000000000000000e+00
-1.000000000000000000e+00
-2.740885749752624001e-01
-9.422387332199100296e-01
1.000000000000000000e+00
1.000000000000000000e+00
6.123359227765845514e-01
-5.494545200752613129e-02
-1.000000000000000000e+00
1.000000000000000000e+00
1.000000000000000000e+00
-4.086318410801156875e-01
-6.778502434799462684e-01
1.000000000000000000e+00
1.000000000000000000e+00
-4.569657370445985300e-01
6.441068206767547322e-01
1.000000000000000000e+00
1.000000000000000000e+00
1.000000000000000000e+00
7.711954132526810390e-01
-2.021437505679398727e-01
-1.000000000000000000e+00
-2.401968480903479142e-01
1.000000000000000000e+00
1.000000000000000000e+00
-1.000000000000000000e+00
-3.421982592440032667e-01
-9.490753257201094417e-01
-9.196915005598935711e-01
1.207628761389789029e-01
-3.703619423764873964e-01
-1.000000000000000000e+00
-8.309452761097666507e-01
-1.000000000000000000e+00
-1.147052481996761464e-01
1.000000000000000000e+00
1.000000000000000000e+00
-9.019637483909231923e-01
1.733538394325638277e-01
-7.291172249573077968e-01
-7.538806277293591540e-02
1.245689395788619480e-01
7.975704807871821789e-01
1.089481117052628345e-01
1.000000000000000000e+00
-6.594746447168059467e-01
8.068465676827221156e-01
-1.000000000000000000e+00
2.785767913861484368e-01
-1.000000000000000000e+00
-1.000000000000000000e+00
1.000000000000000000e+00
-1.000000000000000000e+00
-2.626141364170393455e-01
8.968407323064783720e-02
1.000000000000000000e+00
-1.000000000000000000e+00
-5.531772167958225461e-01
6.037594017608277630e-01
-6.229515233709455035e-01
-1.760517639391894207e-01
1.000000000000000000e+00
-1.000000000000000000e+00
1.000000000000000000e+00
8.290180222272507116e-02
-1.000000000000000000e+00
-6.683523636303363435e-01
1.000000000000000000e+00
-1.690318321936030710e-01
-7.631258558293292360e-01
-2.220623146524962621e-01
1.000000000000000000e+00
1.000000000000000000e+00
6.260667321214059555e-01
-1.000000000000000000e+00
-1.000000000000000000e+00
6.155119917908249416e-01
-1.000000000000000000e+00
-6.002189163049393983e-01
-5.555585636113974379e-01
-1.000000000000000000e+00
1.000000000000000000e+00
4.833324159301759515e-01
-6.019345129726638710e-01
1.000000000000000000e+00
5.243361872457366069e-01
1.000000000000000000e+00
1.000000000000000000e+00
-1.000000000000000000e+00
-8.305248051615332638e-01
-1.000000000000000000e+00
9.688435011545292186e-01
1.000000000000000000e+00
1.000000000000000000e+00
-1.000000000000000000e+00
-1.000000000000000000e+00
1.000000000000000000e+00
8.228751081761146446e-01
1.000000000000000000e+00
1.000000000000000000e+00
-1.000000000000000000e+00
6.946159971299399327e-01
1.000000000000000000e+00
5.873004818244740299e-01
-1.000000000000000000e+00
-3.254239670623484959e-01
1.000000000000000000e+00
-8.468126817328827105e-01
-1.000000000000000000e+00
-1.000000000000000000e+00
9.292429170340317235e-01
1.338926911883334681e-01
1.000000000000000000e+00
1.592029812731865501e-02
-1.000000000000000000e+00
-1.000000000000000000e+00
7.118181461722098424e-01
1.000000000000000000e+00
-6.717921713855667942e-01
1.000000000000000000e+00
1.000000000000000000e+00
1.000000000000000000e+00
1.367587741455893457e-01
7.818170508901767235e-01
