-5.210515221993194945e-01
9.733005480737464410e-01
1.000000000000000000e+00
5.731062381395805039e-01
-5.211372097531785652e-02
3.109518891366680471e-02
-1.000000000000000000e+00
1.000000000000000000e+00
-1.000000000000000000e+00
-2.379381205707747915e-01
-5.699697089325415078e-01
4.255948968568137314e-01
-1.818013490751934080e-01
2.121893509126409061e-01
-7.505311718913543206e-01
-4.273723772821202971e-01
1.770074062561954875e-01
-3.236714922857086840e-01
-7.284822920031952531e-02
-6.977169427230051069e-01
-6.565670926085149794e-01
2.308103149044180569e-01
1.000000000000000000e+00
-9.045385908443743794e-01
-6.318935008944617238e-01
-6.384438868123796240e-01
-1.733501359451929957e-01
2.743920310481735569e-01
-6.361022331465295832e-01
1.000000000000000000e+00
-1.447459615385282561e-02
5.776162062595409097e-01
1.773593624425748305e-01
6.945850337333119295e-01
1.000000000000000000e+00
4.311326392239200889e-01
7.926001309334700373e-01
-6.701813677261365676e-01
-1.909061784697851927e-01
8.554659739623322601e-01
-7.630028666708330576e-01
3.598155142026759901e-01
-4.977041748124091947e-01
3.799504024181066253e-01
4.288186519832063448e-01
1.000000000000000000e+00
-9.879328579448498626e-01
9.932092479017535780e-01
-9.686424456699737062e-01
9.613399918540055378e-01
4.195609158704203256e-01
4.559659326820573177e-01
9.338497820671820548e-01
5.791818176975032095e-01
4.999546218902521932e-01
-5.903056671904349795e-01
-3.294153923951189666e-01
-9.781812666894704744e-01
1.000000000000000000e+00
-9.043122134350750629e-02
6.212259006378673121e-01
3.470594570260274736e-01
4.901135820196969028e-01
4.643280918076966302e-01
9.882181080375316284e-01
-1.000000000000000000e+00
-1.067469337849337174e-01
-5.251294657236145191e-01
-1.412419292269938009e-01
1.000000000000000000e+00
-7.147745342545663849e-01
-4.353326064668827655e-02
5.015946073011428030e-01
-3.912164277406762203e-01
-1.341738743819645974e-01
-5.412317517418485657e-01
8.896613683436518372e-01
-2.274187046529791978e-01
9.797646591261093274e-01
1.000000000000000000e+00
9.712570534414730616e-01
-2.197549774045248761e-02
4.270548934033986388e-01
5.351147208804123423e-01
8.002699107221820096e-01
2.922934415053062840e-01
3.957182031651598209e-01
6.322267111860055966e-01
1.000000000000000000e+00
-2.969868306040684969e-01
1.902654077384920428e-01
4.700200493967763293e-01
-3.657059997098448256e-02
-3.962649757203492440e-01
9.236579571895966456e-01
-5.342907035016325468e-01
-7.112346072500365102e-01
-4.862616208513469429e-01
-9.906971882022859166e-01
1.000000000000000000e+00
-2.796454641468094637e-01
7.050543699891814731e-01
-1.000000000000000000e+00
-9.962680453753879339e-01
-1.000000000000000000e+00
1.000000000000000000e+00
-1.000000000000000000e+00
-1.908068113003590360e-01
8.271500651957353067e-01
-7.443098512061150362e-01
6.246378492379798253e-01
-3.644879578070026049e-02
2.799422285396770960e-01
-5.478270375547672488e-01
-1.862527736468111428e-04
6.330693483643792252e-01
2.119801892424897360e-01
4.256531145570377483e-01
2.627442179465180327e-01
-9.908091992390124503e-01
-8.252138298273058448e-01
5.235310809531035225e-01
-1.000000000000000000e+00
-1.204248738256684659e-01
5.827012020618311805e-01
4.852496099738039526e-01
-6.906569755474707417e-01
4.862321107479448679e-01
-1.000000000000000000e+00
4.801658444285108462e-01
7.476648845502205099e-01
-7.500866579398152156e-01
-5.584617166258019072e-01
2.039992477174854546e-01
-8.596140066841363447e-01
-6.397486380102632708e-01
-1.456686037668873945e-01
4.761852267351509571e-01
5.806862415539673083e-01
3.892238240663776772e-01
8.970047842878443589e-01
-4.309586352771916928e-01
4.807819551681280501e-02
-6.438823102437365442e-01
-7.785000587462465038e-01
1.868160849745346130e-01
2.193461464889607804e-01
-6.611258477196857442e-01
-6.014746827642867277e-01
1.563274961375300531e-01
1.684967313003231382e-01
7.387482899536641501e-01
2.568860324229411685e-01
-9.763762840369735185e-01
8.566057117195480242e-01
-6.142792514648259816e-01
3.787418753644411495e-02
5.126952329768430516e-02
-9.950484887261183964e-01
-5.616319498096555840e-02
6.137752042276589659e-01
-4.276967477729627376e-01
-2.382831891772380084e-01
-6.984734532803758000e-01
-6.816738506524749885e-01
-2.990743517575153998e-01
1.000000000000000000e+00
-4.091600486111898194e-01
1.000000000000000000e+00
8.987649088226317140e-01
8.098672963074045050e-01
4.713862204015386581e-01
-1.129441118754723750e-01
9.153631697710529203e-01
-9.886622438696202053e-01
5.888789421466975593e-01
-2.699468558002584562e-01
-5.683561433469696000e-01
-1.807462303376177193e-01
-6.292880777847646989e-01
-3.399505726298408526e-01
3.866795827012448061e-01
-6.784646711019000076e-01
-1.000000000000000000e+00
7.463797832266055865e-01
6.581060328376182600e-01
3.739164219092929731e-01
-1.254301986719948969e-01
5.016719275658179100e-01
-9.443385979684697507e-01
-3.923496658371470325e-01
-2.499897768964840505e-01
-9.597138588750293575e-01
1.000000000000000000e+00
1.742763647971723451e-02
2.218754572431590466e-01
-4.272591680617749965e-01
9.557617015838502095e-01
-4.534014581006787226e-01
3.131853293165729468e-01
-4.922356501507656468e-01
5.761860147077690897e-04
9.921192009280329627e-01
5.452140740612461123e-01
5.576332982525404880e-01
4.483684998173531611e-03
2.631932587296581527e-01
-3.975795000806227053e-01
-1.584360755963668543e-01
-4.576523994865413503e-01
7.129324631908079413e-02
-6.686809418122160453e-01
-1.089445182121852040e-01
2.835421195365979141e-01
-1.881407787791189445e-01
4.724029537989207217e-01
3.046488364483244116e-01
4.195251634226611070e-01
-4.115718319189259899e-01
-6.300512955434200979e-01
-1.513438169419921708e-01
9.895201952294192527e-01
5.923593444413577380e-02
7.007825867801065201e-02
-1.588246017181915715e-01
-1.369801346661769781e-01
-8.546830251898762665e-01
1.000000000000000000e+00
-3.242053176349598553e-01
-1.000000000000000000e+00
3.045687115104909193e-01
1.000000000000000000e+00
3.281379765878392751e-01
-1.000000000000000000e+00
-2.540925584566966489e-01
-1.000000000000000000e+00
2.430071652447314268e-01
8.042864724881227945e-01
1.000000000000000000e+00
7.969511564828670735e-01
3.707733144301068595e-01
5.993997549552307902e-01
-8.128635473170532366e-01
8.586280578178302481e-01
4.403372976613062484e-01
-4.582085448225781121e-01
-1.677692703170066135e-01
-1.000000000000000000e+00
9.217549791475656562e-01
-4.180605093654597981e-01
8.053439269300550762e-01
2.007763839791187888e-01
1.000000000000000000e+00
7.667521818757778718e-01
4.444859841411813450e-02
4.632856698049401256e-01
-9.094942101940368673e-01
1.000000000000000000e+00
-5.223583177995199112e-01
5.002820784896839790e-01
-8.236588767115593512e-01
-8.850828801237031751e-01
-4.375870938850244807e-01
-1.520245982425643128e-01
5.572566864201566883e-01
