-5.267335708424979446e-01
5.811039052460653664e-01
1.000000000000000000e+00
2.052283297730432832e-01
1.000000000000000000e+00
-1.000000000000000000e+00
-1.000000000000000000e+00
-1.000000000000000000e+00
1.000000000000000000e+00
-1.000000000000000000e+00
-1.000000000000000000e+00
1.000000000000000000e+00
-9.064484687481033642e-01
-1.000000000000000000e+00
1.212427384596742597e-01
-1.000000000000000000e+00
1.000000000000000000e+00
1.000000000000000000e+00
8.923500871074394603e-01
-1.000000000000000000e+00
-7.230518272017920633e-01
1.000000000000000000e+00
-1.000000000000000000e+00
-1.000000000000000000e+00
-9.645719235001638525e-01
3.340564881932150954e-01
-1.000000000000000000e+00
4.705367233520406645e-01
-1.000000000000000000e+00
-1.000000000000000000e+00
-1.000000000000000000e+00
1.000000000000000000e+00
1.000000000000000000e+00
-1.000000000000000000e+00
-1.000000000000000000e+00
-6.655383405504744498e-01
9.305111825548997295e-01
-1.000000000000000000e+00
-8.370705960767422793e-01
4.692890380779554671e-01
9.757646081255988424e-02
8.426541437294652326e-01
1.000000000000000000e+00
-1.000000000000000000e+00
-1.000000000000000000e+00
4.260471385776255504e-01
1.323085996283301646e-01
1.000000000000000000e+00
-5.825217137033182890e-01
-5.748681172262366523e-01
-3.449682474388539033e-01
-3.653359181968740543e-03
1.000000000000000000e+00
-1.615955268038483661e-01
1.000000000000000000e+00
3.016822684220590856e-01
-1.000000000000000000e+00
-2.635227156301676033e-01
-8.651466930970385105e-01
-1.000000000000000000e+00
1.878969548881281315e-01
1.000000000000000000e+00
-9.297324119155853106e-01
-2.301372202501860975e-01
1.000000000000000000e+00
-1.000000000000000000e+00
2.590272051496312899e-01
-9.979940385202573649e-02
-1.549343955643179838e-01
-8.241260546518921482e-01
-1.025802206085766333e-01
-3.163507256156983249e-02
-1.000000000000000000e+00
1.127981214991885250e-01
-1.000000000000000000e+00
-1.000000000000000000e+00
1.000000000000000000e+00
-1.000000000000000000e+00
7.291998379999413693e-01
2.411874579251986617e-01
1.000000000000000000e+00
-1.000000000000000000e+00
1.000000000000000000e+00
1.000000000000000000e+00
1.000000000000000000e+00
1.000000000000000000e+00
-1.000000000000000000e+00
1.000000000000000000e+00
-4.140046450638573128e-01
-3.483696809799361471e-01
-4.418481690961096886e-01
-1.731352653436940559e-01
-1.180616774446330286e-02
1.084603582453056436e-01
-1.000000000000000000e+00
-1.000000000000000000e+00
1.000000000000000000e+00
1.000000000000000000e+00
1.542707514841369365e-01
-1.000000000000000000e+00
3.499436747056793306e-01
-1.000000000000000000e+00
5.181376064053859753e-01
-3.866381781310856969e-01
3.449940764705585750e-01
8.041946293349478969e-01
-9.738780446627312015e-01
1.000000000000000000e+00
3.241721363336247386e-01
1.000000000000000000e+00
-1.000000000000000000e+00
6.677575487921348918e-01
1.000000000000000000e+00
-1.000000000000000000e+00
-1.000000000000000000e+00
-1.000000000000000000e+00
1.000000000000000000e+00
8.477799268303032321e-01
-1.000000000000000000e+00
2.676958028561418068e-01
1.000000000000000000e+00
1.000000000000000000e+00
-1.000000000000000000e+00
5.217760653209042587e-01
-1.000000000000000000e+00
-7.575640204015229306e-01
-1.000000000000000000e+00
1.000000000000000000e+00
-1.000000000000000000e+00
3.864210585036860213e-01
1.000000000000000000e+00
1.000000000000000000e+00
1.000000000000000000e+00
-4.603382412440237270e-01
8.028334513589541199e-01
-1.000000000000000000e+00
-1.000000000000000000e+00
-8.804835950867433425e-01
-7.816492851304934764e-01
1.000000000000000000e+00
-6.098261846724717383e-01
5.543598396929879657e-01
9.188547604661254642e-01
-1.000000000000000000e+00
1.000000000000000000e+00
-1.000000000000000000e+00
-1.000000000000000000e+00
-5.258222143341182431e-01
-1.000000000000000000e+00
9.992359392697134357e-01
4.648600326059040833e-02
-6.102242168218193763e-01
1.000000000000000000e+00
1.000000000000000000e+00
1.000000000000000000e+00
-1.000000000000000000e+00
1.000000000000000000e+00
9.508151470712565834e-01
-1.000000000000000000e+00
1.000000000000000000e+00
-5.985014138714487286e-01
1.312322288890909183e-01
-1.000000000000000000e+00
1.000000000000000000e+00
-1.000000000000000000e+00
7.760309426576835756e-01
1.000000000000000000e+00
1.000000000000000000e+00
-3.636027187097103930e-01
-4.750995369177264394e-01
-7.397795429736097050e-01
1.000000000000000000e+00
-5.307064529090945726e-01
-8.902278779270821341e-01
1.000000000000000000e+00
5.585189669133964196e-01
-7.383256091548930922e-01
7.200397421601220094e-01
-7.870655514589612878e-01
1.000000000000000000e+00
1.000000000000000000e+00
-4.787582680212791875e-01
5.296306594911110999e-01
-8.279786642857133172e-01
-6.822105811025274136e-01
-8.539040305470579906e-02
-8.586138570381870450e-01
2.430950694916522714e-01
-3.116063190026041596e-01
1.000000000000000000e+00
1.000000000000000000e+00
-9.981347446838928494e-02
-4.349166275886146016e-01
1.000000000000000000e+00
-1.000000000000000000e+00
-6.807464687578610452e-01
-1.000000000000000000e+00
-1.000000000000000000e+00
-9.717949528669533876e-01
-1.000000000000000000e+00
9.633830797943134794e-01
-1.000000000000000000e+00
-9.483151665338118708e-01
-7.421241699684026916e-01
9.396602082016700663e-01
1.000000000000000000e+00
-1.000000000000000000e+00
1.000000000000000000e+00
1.000000000000000000e+00
8.296374478006873776e-01
4.927501015145322460e-01
8.647786074857957139e-01
1.215013444457190006e-01
6.014422541545978440e-01
1.177549625999206873e-01
-9.107518295221281868e-01
1.000000000000000000e+00
-4.404302930917928238e-01
-1.000000000000000000e+00
4.823021176124836495e-02
1.000000000000000000e+00
3.372456152150958841e-01
1.895963654403128307e-01
1.000000000000000000e+00
1.000000000000000000e+00
-6.953909186203911519e-01
7.459250861564836743e-02
-1.000000000000000000e+00
9.149954786459798539e-01
-1.000000000000000000e+00
-1.000000000000000000e+00
-1.000000000000000000e+00
1.000000000000000000e+00
1.000000000000000000e+00
9.232889856364648873e-01
2.466082040896178107e-02
-2.967038183281150432e-01
-1.714607226502119497e-01
1.000000000000000000e+00
-1.000000000000000000e+00
6.345587523660660700e-01
-4.635609789267626790e-01
-8.820988229621473664e-01
-1.000000000000000000e+00
1.000000000000000000e+00
1.000000000000000000e+00
-1.000000000000000000e+00
-1.000000000000000000e+00
-1.000000000000000000e+00
5.049684302269368263e-01
-1.000000000000000000e+00
-1.000000000000000000e+00
4.386110006296410901e-01
-9.296169455368159529e-01
1.000000000000000000e+00
1.000000000000000000e+00
-9.062171513911343457e-01
9.865450229522572112e-01
-1.000000000000000000e+00
1.000000000000000000e+00
-8.961269554639030854e-01
-1.000000000000000000e+00
1.000000000000000000e+00
6.879239355530673006e-01
-1.000000000000000000e+00
