-2.678807496496373175e-01
1.259120532369296941e-01
9.255186164262761972e-01
8.828352627325175561e-01
-9.393124665772577542e-01
7.406678793453636001e-01
3.745734871054765547e-01
1.000000000000000000e+00
1.000000000000000000e+00
2.019073104445858746e-01
1.080099167979035046e-01
-9.974569166901612327e-01
-8.203763474716494475e-01
2.949333451818427765e-01
-1.000000000000000000e+00
-7.135085189255669924e-01
-3.928792511655619379e-01
-3.792013093600488105e-01
-4.717950552428850086e-01
9.659390850579747667e-01
7.396103209898575725e-01
-3.361907605269320864e-02
-7.848995502196347562e-01
-9.422160188643911027e-01
1.000000000000000000e+00
2.031975609652275638e-01
-9.502436502527351614e-01
-9.292266736290091256e-01
-9.913587182796317343e-01
-9.269301349953784630e-01
-9.702048397044382710e-02
-6.254206155087882468e-01
5.499671172806051000e-01
-7.166306397283837004e-01
-5.166079222001310756e-01
9.175372275302112746e-01
9.497720369641340366e-01
-6.791027037532645361e-01
1.537230418057622394e-01
-6.887871907938253324e-01
4.234457161646310031e-02
-1.000000000000000000e+00
8.850800941454202153e-01
-4.169298855945897664e-01
9.210211959222256439e-01
1.000000000000000000e+00
3.445396528586293083e-01
-7.971034504036403900e-01
9.483682982566885578e-01
3.799062124756082959e-01
-2.889094675755579655e-01
-4.162104743488914682e-01
6.172212630703879377e-01
3.858167999017098060e-01
2.765463104526559857e-01
3.353013869503684852e-02
-1.784619771541550159e-01
-3.696047244277015364e-01
9.225819020851950825e-01
-1.000000000000000000e+00
-6.240577570355225756e-01
1.000000000000000000e+00
8.856018694332151719e-01
7.456749515069128753e-01
8.917101301456645812e-01
9.938034747036016414e-01
-7.490696245899834960e-01
-9.518574481344949101e-01
-9.171831883027843357e-01
-7.153893188464719444e-01
-1.000000000000000000e+00
-9.226599226104035267e-01
8.815102540277689469e-01
1.000000000000000000e+00
9.838183008494139070e-01
-9.699252272726220925e-01
1.636941180669732043e-02
4.093886051991391106e-01
-9.242177980821371097e-01
-5.317404380954895426e-01
-1.000000000000000000e+00
5.766361786851296189e-01
-9.121812363894239439e-01
-2.320146904578667124e-01
3.229830629709601331e-01
1.000000000000000000e+00
1.070555672286079840e-01
-9.579829165205712149e-01
9.525684481315203067e-01
-1.000000000000000000e+00
1.000000000000000000e+00
-3.844386653697398071e-01
-1.000000000000000000e+00
4.340487495194707002e-01
4.244906514251909346e-01
2.797059865195243855e-01
1.000000000000000000e+00
-9.232745970582141304e-01
6.269474596961661650e-01
8.935433072979611646e-01
1.106610068991469575e-01
1.356854974586402807e-01
5.109806788429447355e-01
4.008872034148650565e-01
-1.239187096146450173e-01
-1.462595769769831355e-01
-1.328027501422689993e-01
1.000000000000000000e+00
6.399648598605364169e-01
-2.724630212697096709e-01
-7.236597224524680128e-01
1.000000000000000000e+00
-9.988275797096596298e-01
3.866882736223662409e-01
-9.170266343280599752e-01
-7.119746152458585886e-01
4.123477493862592880e-01
-9.297341360048025916e-01
6.859647648176667722e-01
-1.000000000000000000e+00
-4.421869017498228360e-01
-8.735411296750011934e-01
1.652429615133831353e-01
9.954030601064678407e-01
-1.000000000000000000e+00
8.842040903934672569e-02
1.000000000000000000e+00
2.755393018290992480e-01
9.366310998570221980e-01
-9.774016408321871685e-01
-8.552676552341598182e-02
9.483047111401011753e-01
-9.652159990500891462e-01
-7.696362266353503623e-01
-1.680834315407124802e-01
-1.000000000000000000e+00
8.948387120820442409e-01
8.584955700980834159e-01
2.880310712426326081e-02
8.828352627325175561e-01
-3.364444543610736194e-01
-1.220274732174175814e-01
1.000000000000000000e+00
-9.874619292027009276e-02
-8.163745772248854893e-01
-9.413363743956814078e-01
-8.828352627325175561e-01
8.828352627325175561e-01
-7.073679326365993614e-01
8.431361643186964239e-01
9.421230687389040570e-01
-9.312507302618630023e-01
1.000000000000000000e+00
1.000000000000000000e+00
-3.274122064407120059e-02
1.000000000000000000e+00
4.550885051712529328e-01
-8.828352627325175561e-01
-4.449969174481479550e-01
-1.000000000000000000e+00
-2.922711314963705176e-01
-9.930505726728439120e-01
1.000000000000000000e+00
3.974445122411145448e-01
-9.969545795588399262e-01
-1.433909773792466091e-02
-1.000000000000000000e+00
2.177184946569852286e-01
-9.288443735279439117e-01
9.470301075774754107e-01
3.644289230850347172e-01
7.489867186693105472e-01
-8.828352627325175561e-01
1.000000000000000000e+00
-9.135717554862746725e-01
9.824925629155677465e-01
9.362413134131810644e-01
-5.506720193823251286e-01
-8.925910292240305521e-01
8.655953974556009900e-01
-8.503544928357675836e-01
-8.067016536754741951e-01
5.173248427153117612e-01
9.241781901849107639e-01
-8.828352627325175561e-01
-2.697512082755814111e-01
6.674166787627676678e-01
9.153349501548722067e-01
9.750501964731167481e-01
1.000000000000000000e+00
7.398098043987698658e-01
-9.435684004020956639e-01
-1.000000000000000000e+00
-4.879088545226900608e-01
-1.000000000000000000e+00
6.528504385074991312e-01
-1.000000000000000000e+00
8.616927730907990579e-01
4.666476001894230841e-01
-1.000000000000000000e+00
-5.996584135459684939e-01
1.000000000000000000e+00
9.718228730036712060e-01
2.022661243726734670e-01
6.403462519105813655e-01
-2.155812436601565185e-01
7.092023078795479663e-01
1.000000000000000000e+00
-9.598004506008978032e-01
4.863299635265104781e-01
8.983498640572762373e-01
9.060232538576600270e-01
8.897728537278093430e-01
8.370162413069786034e-01
3.241987641000253495e-01
-2.126173218781933771e-01
8.039028771796430384e-01
-1.000000000000000000e+00
-2.693031312031677338e-01
9.630584230170904370e-01
-3.974081169782388567e-01
9.041960485540659898e-01
1.000000000000000000e+00
-9.598660812879407089e-01
-6.570692888813757238e-01
-7.159123113490090118e-01
-1.000000000000000000e+00
-9.972613242037237091e-01
4.844557543790876109e-01
-9.604877451357767271e-01
-9.240493359061177081e-01
-7.751946826267154256e-01
1.000000000000000000e+00
-4.417931590008123965e-01
4.612916674858746902e-04
-9.516695125641514430e-01
-8.828352627325175561e-01
1.000000000000000000e+00
-5.034321286569655163e-01
-4.955695604287884692e-01
-8.922506517141596261e-01
-9.987784722015322636e-01
1.000000000000000000e+00
1.000000000000000000e+00
9.964676211203473688e-01
1.000000000000000000e+00
9.792737956626047513e-01
6.355468172591145493e-01
3.139010616941065868e-01
9.265899919442854848e-01
-1.000000000000000000e+00
-6.559982228056819853e-01
9.382167178560009146e-01
7.913248490695284909e-02
-3.440904410204324027e-01
-1.000000000000000000e+00
-9.917173814268670506e-01
6.267697244104170062e-01
5.851951701177993126e-02
-9.022599152658776767e-01
-6.306890755301142182e-01
7.110382543554091272e-01
2.240132084940893442e-01
3.166022976084147400e-01
1.000000000000000000e+00
