-4.667203793968136005e-01
2.254714995566114641e-02
-3.900044378779378706e-01
-5.037057965552151073e-02
4.348299415810665258e-01
9.196930245507241031e-01
2.030866732672258479e-01
5.431904553482171938e-01
-4.703534692335081119e-02
1.793454540966618604e-01
-1.699060338799715242e-01
-1.000000000000000000e+00
6.980525526825804850e-01
2.256976088100984268e-01
-1.483801148610048304e-01
-4.229015381797393003e-01
3.420565399558531117e-01
1.000000000000000000e+00
-9.021460559693283976e-02
4.540158108710469487e-02
-2.373422730751249543e-01
6.935171038059383120e-02
1.732465422694571267e-01
-3.756154052308801061e-01
4.635770476241962146e-01
-6.031055711135298036e-01
7.198452318052502852e-01
-8.177558501261487089e-01
6.260325753679792937e-01
-9.737866587930371631e-01
-1.196970226909474661e-01
3.326682628942152498e-01
-9.468229994963526241e-01
8.761853159908504773e-01
9.958374219067647193e-01
-7.265915079954976541e-01
-1.171094007204157711e-01
9.056085887783975608e-01
-2.446293668585479975e-01
1.279549564735059097e-01
9.468139183043630114e-01
5.804943074152033589e-01
-3.847571799844248797e-01
-7.165479785247186317e-02
5.351302043604191372e-01
2.045754409433958587e-01
-1.298542004065922628e-01
-5.361665277711266109e-01
1.000000000000000000e+00
7.022510163238471215e-01
1.000000000000000000e+00
2.635790704346659963e-01
-1.082774342433105441e-01
2.127810050021310406e-01
9.966900837534728996e-01
-1.712877329379905722e-01
-1.626290515684805926e-01
1.000000000000000000e+00
8.592188517318215535e-01
3.803592720644894398e-01
2.701024007134255056e-01
-8.409193365895111238e-01
6.455915383314732026e-01
-8.986151579156831382e-01
2.315673459621196001e-02
-2.593359336947859139e-02
1.000000000000000000e+00
-6.429734105062058225e-01
-1.962927820820424551e-01
2.436241627584768421e-01
1.437084146189149605e-02
2.018422130448815129e-03
-6.896291435940676839e-01
-4.695895049413581490e-01
-3.158061374845249625e-01
-4.481201991984794519e-01
3.247197977080666931e-01
-5.274447804295233633e-01
3.560210342126443051e-01
-1.483796951451242518e-01
8.184497012626823498e-01
4.805879188363534338e-01
3.081926198870132416e-01
9.300108135763499595e-01
-2.700173770778641624e-01
9.393230093972275707e-01
-1.000000000000000000e+00
5.850761743503289924e-01
5.763885846491644260e-01
5.130326873252597508e-01
-7.364581022359562024e-01
6.692727291134227541e-02
2.169565143789917161e-01
-7.061465878981694200e-01
3.493108386156187212e-02
-1.000000000000000000e+00
-7.515902749790913662e-01
9.251413450801424521e-01
-2.025198869349557618e-01
1.511675315253520890e-01
4.447190001022294226e-01
4.833891841816826962e-01
-3.059488660293178675e-01
1.775692670127633210e-01
5.466684040442468806e-01
9.181939226985049718e-01
-3.177231833380323445e-01
-4.449228264582068548e-01
1.356340102194474873e-01
1.118175218593520648e-01
8.889581531094592481e-02
-1.716627946481535938e-01
-2.367217414787116114e-01
-3.665488656692952318e-01
-9.430776169821893928e-01
-1.362441719277227292e-01
-6.618317871033938538e-01
2.104334032730972026e-01
-1.428626337924270850e-01
3.882816749966187114e-02
-4.664378174186593062e-01
-8.084931008262797869e-01
7.788094462611110380e-01
6.799101347891506331e-01
-9.186472218815127100e-01
9.383362809672952665e-01
8.579349065015862141e-02
7.791594030339432653e-01
-2.621864412144244705e-01
6.678827179502928590e-01
-1.284897803603574085e-01
-6.255104031134859355e-01
1.051380076432914881e-02
8.699760011146364658e-01
-2.018831682313980413e-01
-4.637356917363957137e-02
-3.519281470114672405e-01
-5.102211286789962719e-01
2.466335754830989158e-01
2.455099766353914248e-01
-1.272327036385751120e-01
-1.190558309207286891e-01
-1.544936618213948731e-01
-9.686088601221023442e-01
-3.419219754101800457e-01
-1.031478522216373872e-01
2.755353264974966937e-02
-5.292538214683485398e-01
2.861832594143788877e-01
-8.715616922989599669e-01
4.741002580332559502e-01
7.684765077763926200e-02
4.575896402549622932e-01
4.612724817704951796e-01
-5.893501160211165324e-01
8.409322831777611418e-01
6.426505324893191373e-01
-1.441312614764551081e-01
-1.000000000000000000e+00
2.404008863651326267e-01
-6.059145592047170403e-01
-7.273483185471595336e-01
9.555539290476360303e-01
9.495802692771111442e-01
-5.294498899541222325e-01
4.901213197211192196e-01
-1.090915998568550010e-01
-8.491317009963077478e-01
6.782112995547155687e-02
7.999434755478241899e-01
-4.818090854444861959e-01
8.037451670617793420e-01
4.397051708310813489e-01
-2.788845316016994036e-01
6.319353162768005516e-01
3.148589929657615721e-02
4.020198507998585802e-01
-7.078518751976706769e-01
4.917802518465984596e-01
5.471204444535074929e-01
-3.414659674734291661e-01
-8.510258705025405268e-01
4.864198729709540703e-01
6.237635746785527568e-02
5.640410401092624815e-01
-4.107990294102708551e-01
-1.984831328401691075e-01
-4.792488578573865787e-01
-1.000000000000000000e+00
6.959299320828057356e-01
1.495125594327758045e-01
1.840695999935695534e-02
-5.129780891810327426e-03
7.577877040575464740e-02
2.383665600194584122e-01
6.534105455654641847e-01
-4.672103684054415007e-01
-4.183842855554418261e-01
4.325147931394937584e-01
1.960112752975835815e-01
8.297521707907704602e-01
5.445950991867800628e-01
3.195449776999410574e-01
-6.381363690507958486e-01
-5.841575988204501524e-01
-1.233377966467553988e-02
-1.000000000000000000e+00
5.553762340859496049e-01
-2.353455518548543124e-01
-8.996740955708869558e-01
9.597287863826594601e-01
8.885671892098131464e-01
8.866015932270358002e-01
-2.431549219994687261e-01
-7.138346412016491893e-01
-2.802155024124275418e-01
-6.505068525310503391e-01
4.823207018543886337e-01
6.648564723726640979e-01
1.888150895272729113e-01
-5.934777293681543497e-01
-2.288594137403489326e-01
6.453476794028484287e-01
-4.686792464036777517e-01
4.614969022063144521e-01
-3.741973497232115031e-01
-1.000000000000000000e+00
4.237105982251400393e-02
6.805273759549750334e-01
6.372785877717342951e-01
-3.141708710337994814e-01
6.064501967036377561e-01
8.176336037538829427e-01
6.262297448350409024e-01
4.918985879222916857e-01
-6.407389183749083728e-01
-9.669973440276722343e-01
1.659260088530951360e-01
9.210437526372987627e-01
-1.000000000000000000e+00
-6.269578205509093172e-01
-1.802560260969602868e-01
5.207556698311600618e-01
-1.949674922025824986e-01
-6.994843925709318122e-02
9.556097580942298775e-01
-1.773933863879880724e-01
-9.622041450446398025e-01
-5.085904577443201013e-01
1.709077183961197621e-01
6.056974215886494761e-01
3.430203176687581651e-02
1.808515139534240534e-02
-8.183378826988009225e-01
-7.352834342430495385e-01
-1.000000000000000000e+00
-7.797687576794841424e-02
3.732354800138711903e-01
2.269874307994411700e-01
-5.788722755392031738e-01
-4.734780997647838330e-01
-4.675430669748514290e-01
-9.779216857751675818e-01
5.050597747078698907e-01
1.000000000000000000e+00
