-8.112444142471795239e-01
4.350606557481762060e-02
-1.000000000000000000e+00
2.873482828088266272e-01
7.928281500927816250e-01
-4.652602939044390151e-01
3.525803401131804571e-01
-4.013791163303330745e-01
9.903196380512198083e-01
-7.824985235935240091e-01
-8.894761251628207077e-01
6.203381925777367023e-01
-5.720642242692470791e-01
-1.940761372994654899e-01
4.498215555818462219e-01
-6.558071725888741099e-01
-4.652743032077236718e-01
3.333795878170346394e-01
-3.551812843349946291e-01
4.230406752618094401e-01
3.999298075671453567e-01
4.562887486193804576e-01
1.000000000000000000e+00
-2.788154048717877281e-02
7.241692583226155833e-01
-1.000000000000000000e+00
-7.876157935540212263e-01
6.838142979297956447e-01
3.003085360149801430e-01
-1.219738643379302961e-01
-7.162244177486253305e-01
1.616450541707565858e-01
-1.851406506535054897e-01
-6.856283187099838639e-01
-3.087081874250749425e-01
-5.979144122743940137e-01
-2.992818407586765317e-01
6.487140955964600109e-02
2.839928036889189378e-01
9.945531160511209556e-01
1.000000000000000000e+00
9.212639479421839139e-01
-7.790224738402610205e-01
-1.084188073397376328e-01
5.785579788472877683e-01
3.605287077266096651e-01
1.000000000000000000e+00
1.873508631979258765e-01
6.755245953272040471e-02
6.814003642178804998e-02
-8.291816718605740100e-01
-1.000000000000000000e+00
-4.253023980875232368e-01
8.765637540203720102e-01
6.990493370810920704e-01
2.211454756314367442e-01
2.858346667342301362e-01
-1.910391743244835572e-01
4.075454485180202147e-01
-4.338436293883972672e-01
-1.000000000000000000e+00
1.940159141111623131e-01
4.700421875754874912e-01
-1.552101624707880045e-01
-1.000000000000000000e+00
-1.638933276409250683e-01
-6.331680153550354184e-01
3.717853618854326525e-01
1.000000000000000000e+00
-5.665635513346918284e-01
-4.196761385677958422e-01
-4.089665975301511880e-01
1.000000000000000000e+00
1.084719024465251591e-01
-8.536246119787049835e-02
8.798030014495061835e-02
-2.542997822907396011e-02
-9.393155215337556374e-01
-1.000000000000000000e+00
9.339991720806128939e-03
-5.628392446887550138e-01
5.231383257638344553e-02
6.414386412832105977e-01
7.260060246921384852e-03
3.888164025829646819e-01
-1.185725463262361778e-01
-2.665918889811205172e-01
-6.042005627362325715e-01
2.747531504106492939e-01
1.668200409079896307e-01
1.569497282460551313e-01
-4.486195938492862911e-01
1.000000000000000000e+00
-8.995132963761158784e-01
2.322680012801750515e-01
-3.405679776123584634e-01
-3.991284290084657904e-01
1.423729272432522515e-02
1.000000000000000000e+00
-9.327884199163156698e-01
2.006556076182561266e-01
5.031794392553323725e-02
-4.509854826893409663e-01
-2.106764958989661152e-01
-7.799697493316153363e-01
-1.000000000000000000e+00
8.420818641897899193e-01
-8.952726450719578066e-02
1.152623048777600689e-01
-2.573870051805060011e-01
1.194172146990785388e-01
-4.646401506763058187e-01
-3.843750625600923509e-01
-9.214061967259689068e-01
-1.191867001661090497e-01
-7.757954466220494671e-01
-2.137143549103146523e-01
-7.590333451630262296e-01
-7.193430722395930399e-01
-6.796279066460771123e-02
2.444745532256922260e-01
-7.067034022020850514e-01
1.000000000000000000e+00
1.000000000000000000e+00
2.675254016029866566e-01
4.810182530706895720e-01
1.040216038606769922e-01
-3.502794037754933809e-01
9.150674428584937292e-01
-1.000000000000000000e+00
2.922576746189825547e-01
7.558391510493957244e-02
-3.695530760610512000e-01
2.730536612398336560e-01
-1.958542454111304176e-01
3.498482232836308548e-01
9.301349710153610229e-01
5.308958326372139602e-01
-2.236365974229695408e-01
-4.041277783625935038e-01
4.218397306907064603e-01
-8.613758631744058425e-01
-6.318251090103260692e-01
1.000000000000000000e+00
-1.819503063407954535e-01
1.000000000000000000e+00
1.050219544247842779e-01
7.775606535273109632e-01
4.705277161350255866e-01
-1.000000000000000000e+00
3.787063777164505485e-01
-5.207277405229883138e-01
3.455115719233964877e-01
-9.162445543201993559e-01
-7.629612473645213111e-01
-5.511358133043841034e-01
-3.467072820617282947e-01
-1.000000000000000000e+00
-6.803576972804573630e-01
-7.184383480418296553e-02
1.242073731472360665e-01
-9.370202929944340675e-02
-3.455440792635419700e-02
3.096596070443919935e-01
-5.115714180892353413e-01
1.000000000000000000e+00
2.762692828843110737e-01
-2.768662667823380552e-01
-3.901580958192708004e-01
3.188750091252278152e-01
-4.105917815438946405e-01
1.000000000000000000e+00
2.323499440282775774e-01
3.212083874512435822e-01
-4.375475123152335749e-02
-1.595041560384110602e-01
-1.000000000000000000e+00
-3.675785975396880789e-01
4.564889370001147806e-01
6.636062025650268925e-01
-5.779152959656383426e-02
2.479521428990232867e-01
3.527720413079993289e-01
-5.916049254521072998e-01
5.119702583546589247e-01
-2.872575337361121806e-02
7.030139240625988828e-01
8.559219707686455125e-02
3.619114923948833773e-02
-7.615299029195676805e-01
-1.000000000000000000e+00
5.063944316666595391e-01
4.691057427866364704e-01
3.670423992922757783e-01
-5.513124449646040759e-01
1.244335218325697545e-01
5.894168289335325328e-01
-3.439542203485665972e-01
2.487782229806249079e-01
7.899133554314485828e-02
5.901763462742691813e-01
3.391409270920057173e-01
-1.219502190762677962e-02
-7.008901665393403313e-01
-2.217592363189942184e-02
2.358927257316504322e-01
4.521678474358417077e-01
5.556651664513585498e-01
1.155803444599986518e-01
5.474562542762904105e-01
-7.215723117623069616e-01
-3.246292904977013394e-01
2.352612278498998066e-01
-1.124969755907849894e-01
-9.845435976913563536e-02
3.944974381347801096e-01
-1.000000000000000000e+00
1.283802676726854552e-01
2.641594218991651921e-01
-5.033049638949089744e-01
-7.705211820321806737e-01
1.543697370930274815e-01
5.483870510270221210e-01
-3.997514169231490555e-04
1.689683214895187358e-01
-1.121068188099430540e-01
3.895864619086608083e-01
-7.130199515819997114e-01
5.045574199990929820e-01
-4.348932170404081754e-01
1.000000000000000000e+00
2.361230083796626023e-01
-2.474015986872927231e-01
-3.260863706742300749e-01
2.206604746167177833e-01
-1.726765097666397297e-01
-3.335669705982804434e-01
-4.984208959418162666e-02
4.987454755153947206e-01
-3.042172522869379669e-02
-4.816610333562708623e-01
-3.207944481306097551e-01
8.429734802178332487e-01
-6.223917464899031415e-02
-7.395405516745131580e-01
-4.732559819720248973e-01
-7.349640191136382894e-01
3.178410377130218012e-01
6.123880513223002309e-01
4.718880626046844107e-01
-3.829233280265648687e-01
-3.637318157620613723e-01
1.108768935607059580e-01
-7.940093796139565674e-01
-6.812807972117468358e-01
-2.921882604439396403e-01
9.543404068736027757e-02
-4.204929020148827634e-01
-8.675758053401387837e-01
-1.000000000000000000e+00
5.653196275528182824e-03
-4.334925566666282259e-01
6.186870584728856315e-01
-9.252340415614794811e-01
1.174359537626894490e-01
