2.303850565637989845e-01
-5.872954823590547102e-01
4.220346777963442791e-02
-7.224734857348685813e-01
-1.000000000000000000e+00
-1.000000000000000000e+00
1.000000000000000000e+00
-8.061242526543647979e-02
5.704168926635846404e-01
6.989046545519885800e-01
-1.000000000000000000e+00
-7.318562825954685325e-01
5.405064962198057321e-01
-6.076446349676340591e-02
-2.779020105816110142e-01
-8.926266670136001613e-01
-1.696191873505430159e-01
-1.807884624413061414e-01
1.523632737752253496e-01
3.476032769881106099e-01
7.546422887441337490e-01
-2.502669718974541158e-01
-3.650607724539887688e-01
-3.205595231380206633e-01
9.303850894822153494e-02
-1.000000000000000000e+00
-1.221362647345324015e-01
1.143024479675940619e-01
8.368680743191345694e-01
3.830430050603777503e-01
3.826957821937647108e-01
-1.601204632076712597e-01
-2.885021321567337593e-01
-4.338472763147002698e-02
-5.314487013719044750e-01
5.182423725818686988e-02
-1.789630854266948401e-01
3.350684408262586400e-01
-7.967268520117837260e-02
2.341627927943982224e-01
-4.159217758271646082e-01
4.112964243164075606e-01
-4.091660263948660448e-01
-8.384130295797803667e-02
2.213169315407694238e-01
3.476150567689906268e-01
6.113812492180764613e-01
-3.630292359539230573e-01
7.848514823695011966e-01
-7.101038350479603467e-02
-6.189010175646262324e-01
3.498736514290495259e-01
6.468318241544648295e-01
-9.506936881776418824e-01
3.584745103145217660e-01
6.238540908791026518e-02
-5.557891774718628497e-01
4.386040384956521043e-01
1.000000000000000000e+00
7.425066818339467467e-01
-4.995603015105610778e-01
5.804389098740285746e-01
1.898498895043109758e-01
-1.000000000000000000e+00
-3.266596704176485400e-01
1.000000000000000000e+00
1.000000000000000000e+00
7.639875083098228714e-01
1.000000000000000000e+00
1.000000000000000000e+00
9.608254768263992940e-01
-3.580970511715714233e-01
8.698264168014941955e-01
4.213317681837292494e-01
6.476213754534138056e-01
2.401061954901174966e-01
-1.965106253415481175e-01
-4.101366282287403214e-02
-9.129014202230832931e-01
-5.557729065882212847e-03
-2.033190384956676811e-01
6.619555379127953776e-01
-1.000000000000000000e+00
9.068466056316722979e-01
3.177552975598720852e-01
-4.211778052663062710e-01
-9.580037260074091288e-01
8.472959676187294953e-01
9.454183417210720863e-01
6.181341246441767190e-01
-1.000000000000000000e+00
8.582966640813418646e-01
-1.953186090566184641e-01
4.886332377666339766e-01
-6.891288438105444003e-01
4.971205689828927521e-01
5.069886504395698656e-01
1.641326219874522374e-01
-1.823951239972740057e-01
-4.382958602402097781e-01
-2.870655339499176839e-01
1.922889435320571938e-01
2.558810108724656196e-01
-1.307907022247570272e-01
9.627414943589089891e-01
8.834015659965940293e-01
9.995282398176240646e-01
3.256182824159608025e-01
-5.586189891789610229e-01
-8.674145105507131692e-01
-3.169349053086461393e-02
-1.430137403130705143e-01
-4.080068620113411204e-01
1.765442169691511590e-02
-2.506051676678027751e-01
-1.000000000000000000e+00
-3.752003339183890285e-01
-6.019937222005932176e-01
-1.000000000000000000e+00
-4.952816178197298469e-01
2.342470806756918322e-01
2.068269317690336617e-01
4.409061223575397315e-01
-5.912264715174659901e-01
3.262180648418676610e-01
-2.919734661095163553e-01
-3.919128028673871111e-01
-9.239075297681181853e-01
-6.425416670635809568e-01
8.960780996751611660e-01
-2.234098823844539727e-01
3.373852632301702625e-01
7.064837947007522878e-01
8.174640034195772564e-01
1.000000000000000000e+00
7.519595224402596534e-01
-8.273826432007271858e-01
6.188836649212561269e-01
4.773236091128964242e-02
9.035597978420116805e-01
-1.369880407003652434e-01
3.884844066086886594e-01
7.150786640027311236e-01
-1.000000000000000000e+00
7.131939368671175172e-01
6.701507549167109445e-01
-6.038171816323650853e-01
1.000000000000000000e+00
2.637637426249130890e-01
5.836817439850906508e-01
-6.255828031865473537e-02
-7.937237780070233173e-01
-3.353563573667577846e-01
5.973519975481109689e-01
7.073448579007436399e-01
1.000000000000000000e+00
3.216903564727392473e-01
-9.881329233715989702e-01
-3.210972205660236889e-01
-2.487290017451618818e-01
-7.425854438491145126e-01
5.015193866953480129e-01
-3.159058303409244539e-01
2.557862170500087018e-01
5.993619968931416242e-01
1.600137650406331657e-02
-4.741899871241041509e-01
1.000000000000000000e+00
-9.579082760480195358e-01
2.989516573008249578e-01
9.281046912699051354e-01
-3.341053045055815129e-01
2.731273983188677312e-01
5.323263920572215424e-01
1.281115597407011045e-02
6.550587461172717729e-01
-6.713582917681092388e-01
3.799759070738009115e-01
6.838467964892807061e-01
7.113988162270011850e-01
5.374176738260030284e-01
1.000000000000000000e+00
-3.319115620115647980e-02
-4.707497063174334584e-01
2.189534020531198888e-02
-2.769979515607309817e-01
4.516844576614710283e-01
4.033798129355073980e-01
1.000000000000000000e+00
-3.716479073637356523e-01
-9.628730677058011667e-01
-6.477531993239713515e-01
-4.880720108486038544e-01
-4.822215576531572179e-01
-4.810629417688660481e-01
-1.800205388662960426e-01
-3.668874806849075076e-01
9.876835442629301465e-01
5.420540018615247480e-01
2.255936831702606837e-01
6.035825428805918769e-01
1.598975448785578124e-01
-7.487466813779334318e-01
1.000000000000000000e+00
1.064546244729902003e-01
-2.485975142297516816e-01
-9.624254174897162173e-01
1.241748649164286233e-01
7.369546692903621299e-01
-2.075165312341484269e-01
-7.051783096935267947e-01
-3.215133711255579452e-01
9.083600645759488668e-01
9.174350716376945547e-01
1.796687633007724161e-01
-1.848829088102875440e-01
-9.267738576824091634e-01
1.000000000000000000e+00
-3.771461492992767561e-01
-5.858230907697018625e-02
-7.136145600667116451e-01
9.340511904615081962e-01
1.398600325349778351e-01
1.299136019985410728e-01
2.864180790902093321e-01
3.019680762705728716e-03
2.399046303156806836e-01
2.873066466307309941e-02
-8.850327729626109585e-01
-1.839649900633819057e-01
5.233726391554326396e-01
5.938891324138247940e-01
9.330065473541519772e-02
2.577059565214733228e-01
2.176608751512164319e-01
-6.720336220513132286e-01
-1.000000000000000000e+00
-3.048878206373729638e-01
-1.806065200015246897e-01
-8.983621862398211144e-02
9.477385506485518085e-02
1.544211675012560625e-01
2.469632263850214393e-01
4.774176423516898748e-01
4.942593423491929983e-01
-9.657300461961079163e-01
-2.962054443882577298e-02
-3.202154587728139323e-01
-2.512800693584357759e-02
-7.021507547091051515e-01
-3.516571942300009690e-01
-4.181237416881412594e-01
-8.822952370713844639e-01
2.284107636414839104e-01
-1.679080927644518995e-01
-3.415556661945717831e-01
-4.075625245356031545e-01
-4.581353700152240860e-01
2.183188580897301168e-01
1.872475454041941378e-01
-9.815689661000998045e-01
-4.094019068045275378e-01
-5.781948574449455314e-03
1.000000000000000000e+00
-6.324982734701301013e-01
