1.030489126990855320e-01
5.870803562480819693e-01
1.000000000000000000e+00
1.000000000000000000e+00
5.995766703170992695e-01
7.832488164985582646e-01
-1.000000000000000000e+00
-6.579709050955374616e-01
-1.000000000000000000e+00
8.749113359906096621e-01
-5.731231891752983643e-01
-1.000000000000000000e+00
-6.467676321272441964e-01
-6.115720759421932051e-01
-1.000000000000000000e+00
-1.000000000000000000e+00
7.024446668530348603e-02
1.000000000000000000e+00
1.000000000000000000e+00
-2.467460406696451169e-01
7.532654471423616549e-01
-1.000000000000000000e+00
9.186535663004573582e-01
-1.000000000000000000e+00
1.000000000000000000e+00
-9.894827898681980427e-01
1.000000000000000000e+00
1.000000000000000000e+00
-3.943936955748816309e-01
9.723639099317171741e-04
5.358563350189665675e-01
8.890206340379092076e-02
1.008095409184934788e-01
9.492919460777007323e-01
9.237520023762014754e-01
-4.717467104026394908e-01
-1.000000000000000000e+00
-1.000000000000000000e+00
-2.836915828143707907e-01
-1.000000000000000000e+00
-1.383343191646199954e-01
7.363799350903852403e-01
9.080495346806921608e-02
-4.878152334641790988e-01
1.704931958598340236e-01
-1.000000000000000000e+00
-7.953253094361349973e-01
2.819483456983318814e-01
-4.862461240045170552e-01
-3.349070043428281629e-01
1.000000000000000000e+00
6.394839553578821612e-01
1.534685638158853616e-01
6.557662652019279337e-01
1.000000000000000000e+00
5.514108896702044627e-01
6.455730276290811975e-01
-8.430830242461524737e-02
1.720832351171117103e-01
1.000000000000000000e+00
-2.929063957780752014e-01
8.083640385346747559e-01
9.727795065747527614e-01
-4.429890626202989123e-01
-1.000000000000000000e+00
7.466309175870446957e-01
-1.000000000000000000e+00
-3.249255661755281466e-01
7.471720105838250969e-01
-8.738841911291209685e-01
1.893796877932718559e-01
-7.447375979887959074e-01
-8.608121745839842909e-01
-7.545896855244602630e-01
6.000916771729951013e-03
-9.704506761950657534e-01
6.562277199112918069e-01
1.000000000000000000e+00
-5.115034771502394717e-01
-1.189250066865783495e-01
-1.000000000000000000e+00
-1.000000000000000000e+00
4.139608511664895074e-01
-1.000000000000000000e+00
8.267884639513625178e-01
-1.000000000000000000e+00
7.110525517177745947e-01
4.907429392525998191e-01
-3.098238793824091841e-01
1.000000000000000000e+00
-9.709393546951916587e-02
4.976454661331085605e-01
-1.000000000000000000e+00
3.056008431082088972e-01
-2.087158199403379433e-01
-5.961373680547558118e-01
-1.216298915946480708e-01
1.000000000000000000e+00
1.000000000000000000e+00
1.881645370542865958e-01
-9.139524254760909849e-02
-1.000000000000000000e+00
1.000000000000000000e+00
-1.000000000000000000e+00
-1.000000000000000000e+00
-1.000000000000000000e+00
-1.925278034172001607e-01
1.000000000000000000e+00
-1.046459660052913021e-01
1.802565733146284932e-01
-5.400512874059244517e-01
1.244016920215419431e-01
8.775043012861194480e-01
-1.199391115998154622e-01
9.814834412619071191e-01
-1.000000000000000000e+00
1.701650983288196528e-01
-5.039979001100263201e-01
2.153801210982079772e-01
1.000000000000000000e+00
-9.262834469382658087e-01
-1.583870178085696190e-01
1.000000000000000000e+00
-7.665579042177580460e-01
-8.484998322262016224e-02
-5.204636199043786160e-01
-1.000000000000000000e+00
2.425654193894721811e-01
6.961270409677562387e-01
-1.000000000000000000e+00
2.548000215657708623e-03
1.000000000000000000e+00
-1.000000000000000000e+00
2.295309053395551135e-01
5.861834852867477963e-01
-3.745995945527428317e-01
8.601012829772780588e-01
1.948429928571752123e-01
-1.000000000000000000e+00
1.000000000000000000e+00
-3.238404912872540065e-01
-1.000000000000000000e+00
8.859676752761067586e-01
2.294739124313254774e-01
-6.282650848612697514e-02
-4.000735191826491066e-01
1.000000000000000000e+00
1.000000000000000000e+00
-1.000000000000000000e+00
8.903162378424156476e-01
1.000000000000000000e+00
-1.000000000000000000e+00
-9.830527619154735275e-01
1.000000000000000000e+00
1.000000000000000000e+00
-2.465279455971697287e-01
1.000000000000000000e+00
-2.123136899010469036e-01
-8.778043319920193488e-01
-1.000000000000000000e+00
1.000000000000000000e+00
-7.834196357194334048e-01
1.668972525576595256e-02
4.455351767812461561e-01
-8.642721992964433886e-01
-1.000000000000000000e+00
-9.952055809281499243e-01
7.971905584303221604e-01
2.773292931304335851e-01
-3.440964480960108651e-01
-1.000000000000000000e+00
5.274621957696612462e-02
2.061898474347622079e-01
1.404404771142979680e-01
-6.224184401758029450e-01
-4.272515345414736876e-01
-1.000000000000000000e+00
4.420610622733205375e-01
-3.158499394619477263e-01
-7.331348948571965174e-01
-1.000000000000000000e+00
3.038308038520611820e-01
-7.584413428644645183e-01
4.320589927159455002e-01
-2.466712354470426416e-01
-1.000000000000000000e+00
1.000000000000000000e+00
6.321694199851379814e-01
-1.140357148693375011e-01
-1.000000000000000000e+00
-7.913757125238045642e-01
-3.306100257049180979e-01
-2.504763128496884095e-02
3.758407835053891033e-02
-6.634610411369504801e-01
-1.857949839911485768e-01
-6.167691942746785783e-01
-4.025935431007016119e-01
-1.000000000000000000e+00
2.049786954279857465e-01
-6.494350318673436373e-01
-3.530335762183213766e-01
-1.000000000000000000e+00
9.196105348750083230e-02
-6.338748761614358962e-01
-2.427490713660253041e-01
5.928393442563173465e-02
4.144187492009174800e-01
8.019110761183150249e-01
1.000000000000000000e+00
-7.961369210053421686e-01
1.552579266669969760e-01
-1.000000000000000000e+00
1.000000000000000000e+00
-1.915073874629190653e-01
-1.015788694797903347e-02
4.499211448796959778e-01
-1.000000000000000000e+00
-1.000000000000000000e+00
-4.536602918057203171e-01
8.068130321478910183e-01
-2.524020453121894603e-02
-7.337114710756552638e-01
9.138756014616974399e-01
6.127222182238849513e-01
-4.548507529119738546e-02
8.433258072446667697e-01
4.386436530155644054e-01
-3.130891258172197600e-01
5.589898419803028817e-01
8.426706134069528176e-02
-6.403965516327584373e-01
7.252796828078422742e-01
-7.878843818591321213e-01
5.630461535018984609e-01
-6.075053777248270448e-01
-3.327771154823174760e-01
3.173942544733241444e-01
3.494784608209460797e-01
-7.320405786054958730e-01
-5.396288945608267440e-01
8.966344928563227956e-01
-1.000000000000000000e+00
9.756609010298689100e-02
1.000000000000000000e+00
-8.393302491663086062e-01
9.290701798763915109e-01
-1.900337235746312192e-01
1.000000000000000000e+00
-3.821921111724880804e-01
-1.000000000000000000e+00
-1.000000000000000000e+00
4.106965520017253901e-01
4.733051757476666732e-03
2.750824806387985877e-02
-8.332717205970766594e-01
-1.000000000000000000e+00
1.000000000000000000e+00
-1.000000000000000000e+00
-1.000000000000000000e+00
3.801660374137185716e-01
-7.076066055094566432e-01
1.000000000000000000e+00
9.379446620915370403e-01
2.445981774027086164e-01
