8.306891489867959111e-01
6.464285866541241710e-01
1.000000000000000000e+00
-1.000000000000000000e+00
8.778042651833287691e-01
-7.101010781118666237e-01
-9.354690073838304309e-01
3.106730852056219239e-01
8.546682179428555237e-01
-1.000000000000000000e+00
-1.000000000000000000e+00
-3.784714363845668728e-01
1.000000000000000000e+00
9.756010917967414819e-01
-2.341127465700318377e-01
1.000000000000000000e+00
-7.217749326228763973e-01
-4.557007456385907540e-01
9.803607957621740532e-01
1.000000000000000000e+00
2.813606144060131764e-01
7.905276964617105051e-01
1.000000000000000000e+00
6.044910672820904551e-01
9.439216423603565831e-01
4.563016521404084092e-01
-9.141204256867598854e-01
1.000000000000000000e+00
8.969207927654049284e-02
1.000000000000000000e+00
9.652029056944072538e-01
1.000000000000000000e+00
-6.659418129367520311e-01
9.192585099281772587e-01
6.233974275124953834e-04
4.385111868266101665e-01
-3.205743092408884221e-01
8.678220520372861291e-01
8.140678844012658733e-01
-7.531032191412572185e-01
-7.903684014124210400e-01
-1.000000000000000000e+00
1.000000000000000000e+00
9.841894128513060114e-01
1.762712233361986292e-02
-8.421354494689943238e-01
-8.141748658192102805e-01
-5.723676514326461184e-01
3.814792829035607014e-01
8.057118369593067042e-01
-1.285990943442378853e-01
-9.079328665526575914e-01
-2.011689742545640369e-01
-8.856444559461802424e-01
3.524935222660406375e-01
4.641932802434314276e-01
-7.516609961226103920e-01
-8.428895183933140522e-01
-3.813989750418323443e-01
-5.453969723850985440e-01
-9.287979048863922449e-01
1.130802152232563973e-01
-1.756753956990388943e-01
-2.179842623392059808e-01
8.356081219910684865e-01
6.574295081309906585e-01
1.000000000000000000e+00
-1.000000000000000000e+00
8.444330850888299711e-01
4.545121622802102967e-01
-8.385005106919718454e-01
9.181204470035829734e-01
8.814752969105834612e-01
-8.122111617598122280e-01
-9.905632025195557633e-01
1.000000000000000000e+00
-6.910482658654760746e-01
-1.000000000000000000e+00
6.832794428442368062e-01
1.000000000000000000e+00
-6.655413516784549621e-01
-3.092051738783568871e-01
-5.964571511387796177e-01
1.000000000000000000e+00
9.252375317290271184e-01
-1.000000000000000000e+00
-1.000000000000000000e+00
-3.775280011888166865e-01
7.838677155702864496e-01
-6.856908016248048909e-01
-9.727299841949166304e-02
-9.869362405102186653e-01
-7.009350982475136549e-01
-1.917476167124359532e-01
1.000000000000000000e+00
-1.760967970845210839e-01
-6.758086421636555485e-03
2.693493988377493320e-01
-8.499422868569461720e-01
1.000000000000000000e+00
9.694100533720590995e-01
-6.041831672450947988e-01
-1.000000000000000000e+00
1.000000000000000000e+00
8.293059201888487442e-01
-9.906176557437808006e-01
-1.000000000000000000e+00
-5.048175739151444796e-01
-8.934650962568626564e-01
-6.750875288995802359e-01
-1.000000000000000000e+00
-5.288970913939875507e-01
8.759164099380836177e-01
-8.306078683154420883e-01
7.033780580937787352e-01
2.486029653693871411e-01
5.324884389595134770e-01
-8.395175201056737091e-02
5.206812533773652607e-01
-2.092441745053846835e-01
-6.145323859876375971e-01
-1.000000000000000000e+00
-6.237707306221752512e-01
6.690982621269954134e-01
-9.780172951877528220e-01
-1.000000000000000000e+00
2.803306931640021649e-01
-9.829042867490419555e-01
-9.019545862851373608e-01
-7.173006639193919565e-01
5.560160610557166594e-01
8.368904944816418778e-01
4.170746876216240295e-01
-6.463293313807336737e-01
-1.000000000000000000e+00
-8.057585733713035214e-01
-9.234821997701330165e-01
-1.463104626885853854e-01
1.000000000000000000e+00
3.073836615012580653e-01
-8.282866431847566435e-01
2.788632668830759997e-01
-9.586874484691807474e-01
1.000000000000000000e+00
-3.261156528247993736e-02
9.384483267811067897e-01
1.000000000000000000e+00
8.861486280499186741e-01
-2.701352949974898943e-01
-1.000000000000000000e+00
-1.918422030961405289e-01
2.259699655904457982e-01
4.170975017323186318e-02
-6.718093933954095709e-01
5.917495277050334179e-01
-1.000000000000000000e+00
9.354690073838304309e-01
-1.000000000000000000e+00
-9.681492962066984287e-01
-1.000000000000000000e+00
-1.429772443239030189e-01
5.244193987582417282e-01
-5.080347131030304997e-01
-4.815354158634900794e-01
1.095680282595985489e-01
5.313532755128522744e-01
9.286012025119620983e-01
3.517027976050348670e-01
-1.710125419420069903e-01
-9.172466520979207782e-01
-8.783140376651441539e-01
2.849652270339651794e-02
-1.000000000000000000e+00
-4.009487566965830863e-01
-4.006283845557116474e-01
1.000000000000000000e+00
8.516487574684639128e-01
5.139724097065793140e-01
-1.000000000000000000e+00
6.271544453544755093e-01
-1.000000000000000000e+00
5.642040061162882925e-01
1.328741762822034933e-01
-5.038904389154424956e-01
-1.000000000000000000e+00
-9.467640447017713345e-01
-5.962898993071729103e-01
6.017120795457386873e-02
-2.886658152809004063e-01
1.859390337444954966e-02
5.873784393328502773e-01
7.905276964617105051e-01
1.000000000000000000e+00
-5.367820584748589363e-01
4.810462102362056958e-01
-7.905276964617105051e-01
8.969114542546118285e-01
-6.939401905090492040e-01
-9.773865554709763037e-01
8.533368562309764371e-01
3.683707364897365610e-01
-9.947237840301398348e-01
-2.293816723290844073e-01
-4.333009008764916459e-01
-9.715818567196349287e-01
5.105873692682247889e-01
6.645530450400169986e-01
-2.292207373531501835e-03
-7.115340469349972219e-01
6.969130677426352838e-01
-2.250244947120169925e-01
-6.779867891476418773e-01
1.000000000000000000e+00
-4.395267583321260663e-01
9.254868482570375310e-01
-7.973059262618651388e-01
-6.477392999580069421e-01
-1.000000000000000000e+00
4.266900854217506867e-01
1.000000000000000000e+00
-3.565143834852781968e-01
4.142538846833941912e-01
3.030739541613265420e-01
1.000000000000000000e+00
3.639149461993623769e-01
-8.506102050372766898e-01
1.000000000000000000e+00
6.143283337862287530e-01
8.115567252435681445e-01
-1.000000000000000000e+00
-9.999480393305898440e-01
4.930921683843303427e-01
-8.657947775619212472e-01
9.786006578548195334e-01
-6.695121140414646010e-01
-6.486831109388977445e-01
-9.906790124793279917e-01
-7.376554458076833853e-03
8.532276209183486948e-01
-7.469157310852994058e-01
-4.297951413636906248e-01
1.000000000000000000e+00
8.815970827808388144e-01
-1.214158615973321975e-01
9.089122982720385657e-01
9.392674019278618447e-01
7.451828922107670561e-01
9.492287463271498194e-01
4.910180277915181524e-01
7.460346163210008763e-01
-6.929283658891081110e-01
-1.000000000000000000e+00
-1.000000000000000000e+00
1.000000000000000000e+00
1.000000000000000000e+00
-7.290422727379999301e-01
-1.000000000000000000e+00
-3.551836680044563876e-01
-6.107295661083199656e-01
-9.775658498946964148e-01
-1.000000000000000000e+00
-2.452539816725410882e-01
8.466200566645978309e-01
5.207653443984306962e-01
1.000000000000000000e+00
