1.000000000000000000e+00
1.803372683086719164e-01
3.666381971844121512e-01
1.000000000000000000e+00
8.497262295448142488e-01
-8.619621708581042263e-01
-9.209457017935606116e-01
6.901965068706766848e-01
7.903747920912235214e-01
-1.000000000000000000e+00
-1.000000000000000000e+00
-9.159389714192986975e-01
-3.962289100551622534e-01
-1.000000000000000000e+00
-9.959914901804989285e-01
-1.000000000000000000e+00
-3.667455351957815690e-01
-3.905410692734155864e-01
-1.000000000000000000e+00
5.456837873557156549e-01
-1.000000000000000000e+00
9.014434845936244445e-01
-1.000000000000000000e+00
1.000000000000000000e+00
9.756080037425907125e-01
-1.000000000000000000e+00
-9.719438232148027712e-01
8.526845229305444196e-01
-1.000000000000000000e+00
6.465193187551844245e-01
-8.957705511515068331e-01
8.497262295448142488e-01
-8.925923789216760884e-01
1.000000000000000000e+00
-9.631353147678719528e-01
8.429170983717166887e-01
9.640906230520510101e-02
9.604358627884572730e-01
1.000000000000000000e+00
6.064698091310944950e-01
-1.000000000000000000e+00
-5.948250586503791570e-01
-1.000000000000000000e+00
1.000000000000000000e+00
8.497262295448142488e-01
-8.782622354500846384e-01
1.074679735461639973e-01
-1.144030383445525517e-01
-9.983671410299211901e-01
1.000000000000000000e+00
5.704680596757041311e-01
1.232800880412570771e-01
-1.000000000000000000e+00
-1.312357758744584491e-01
-2.209925308164861768e-02
8.798047241147189945e-01
-9.870202707419719612e-01
-5.572862756327277012e-01
-1.000000000000000000e+00
-3.929549165981026659e-01
-1.000000000000000000e+00
9.241896044708903801e-01
-9.078206550443084222e-01
1.000000000000000000e+00
3.474866208633543563e-01
-6.740662919541741127e-01
7.705357752400954219e-01
-8.376256934884859229e-01
8.497262295448142488e-01
1.000000000000000000e+00
1.000000000000000000e+00
-2.105358426618630929e-03
5.768050217066156282e-02
-1.000000000000000000e+00
1.000000000000000000e+00
1.000000000000000000e+00
-9.794432003657941310e-01
1.000000000000000000e+00
8.497262295448142488e-01
1.000000000000000000e+00
-2.255251581966722374e-01
8.709960085484038661e-01
-7.983441264707648033e-01
9.530508386188797365e-01
1.000000000000000000e+00
-1.000000000000000000e+00
-5.494582926258186895e-01
2.954038424189513456e-01
-1.896462345645296699e-01
-9.797229622948877559e-01
-1.000000000000000000e+00
-8.800414669348124441e-01
1.000000000000000000e+00
-1.000000000000000000e+00
-8.497262295448142488e-01
1.000000000000000000e+00
-1.000000000000000000e+00
-7.671830880339680636e-02
-8.744251672334086845e-01
-1.000000000000000000e+00
1.000000000000000000e+00
-1.000000000000000000e+00
-4.452319904528722061e-01
5.390863292787428929e-02
9.792407242749819885e-01
-8.497262295448142488e-01
-6.266640324209901136e-01
1.000000000000000000e+00
3.791890452136580381e-01
-5.816411063484748789e-01
2.705965803917980139e-01
-8.497262295448142488e-01
1.000000000000000000e+00
-1.000000000000000000e+00
6.596333415452242388e-01
-7.782373239667159104e-02
8.601236961635290168e-01
2.071844542786709376e-01
-9.009503805001823906e-01
-8.489868970470839660e-01
-8.902581661208064379e-01
-8.225116017804674495e-01
6.090594944608103134e-01
6.466855797757056212e-01
-9.688127063861383670e-01
1.300463001637690019e-01
1.000000000000000000e+00
-1.000000000000000000e+00
-2.893717062196713430e-01
-9.072418947620238816e-01
8.726298291598483248e-01
6.013446970730146335e-02
-7.142036626137403532e-01
1.000000000000000000e+00
3.952587090040551310e-01
-1.000000000000000000e+00
-8.497262295448142488e-01
-1.000000000000000000e+00
1.000000000000000000e+00
1.000000000000000000e+00
-1.000000000000000000e+00
-5.530631672037434887e-01
8.284677489861120847e-01
1.403605348620410864e-01
-5.650031427642920878e-01
1.000000000000000000e+00
9.661399647524300249e-01
1.000000000000000000e+00
1.000000000000000000e+00
-1.000000000000000000e+00
1.000000000000000000e+00
8.206923191312384125e-01
1.000000000000000000e+00
-6.471647964341700199e-01
5.070295123113550684e-01
-9.702786242415211149e-01
-3.890711506198266112e-02
4.784464752978579982e-01
-9.357635415003009438e-01
-8.851945134847816199e-01
1.000000000000000000e+00
-6.630573221174587140e-01
2.814269976264087703e-01
7.118761675739360140e-02
-6.376626130006342041e-01
1.000000000000000000e+00
8.552453961893312639e-01
1.000000000000000000e+00
1.000000000000000000e+00
-8.585440907294173973e-01
-7.085499754339084078e-01
1.000000000000000000e+00
-1.000000000000000000e+00
-6.663110757139456553e-01
1.000000000000000000e+00
6.490582903868543641e-01
1.000000000000000000e+00
1.000000000000000000e+00
-1.000000000000000000e+00
-9.642726611022620631e-01
1.000000000000000000e+00
-8.964387273927234556e-01
8.498800863203438416e-01
1.000000000000000000e+00
-7.977959142385728786e-01
-1.000000000000000000e+00
1.000000000000000000e+00
-9.935342346263469071e-02
-8.633253021966894036e-03
1.000000000000000000e+00
4.742174589921684946e-01
-2.703671200104187378e-01
2.056190254898837555e-02
-3.986204152843759174e-01
-5.056728530810292721e-01
-1.000000000000000000e+00
7.252059881312942213e-01
1.758043708462601606e-01
-1.000000000000000000e+00
1.000000000000000000e+00
5.388123489544232037e-01
-9.693416687099725149e-01
-8.985051144551933211e-01
-4.014189529669943690e-01
-8.032303399667165555e-01
-2.928005918958960230e-01
1.000000000000000000e+00
-5.887580415573043791e-01
-1.000000000000000000e+00
-3.894968429276522981e-01
-1.000000000000000000e+00
-6.191411173556808922e-01
8.497262295448142488e-01
4.170640601021540772e-01
9.392828855722455961e-01
-1.413789216234393464e-01
5.351533275151061364e-01
-4.370118090572547298e-01
-1.735486105584782002e-01
-6.288269944814519619e-01
2.177668915417881601e-01
-1.000000000000000000e+00
9.236474696287436115e-02
-8.644366272071545287e-01
1.000000000000000000e+00
1.000000000000000000e+00
1.000000000000000000e+00
5.513404660778321587e-01
3.203928283091067586e-01
-7.810393475091635951e-01
-9.491097272005355467e-01
-4.830214833607616720e-01
-5.809058072412086604e-01
3.462439266053907172e-01
-9.393971706692976209e-01
-8.197750912862975525e-01
3.692318746486469294e-01
1.000000000000000000e+00
-6.745946445553430149e-02
-8.345384625810903234e-01
1.423255184893509329e-01
1.000000000000000000e+00
2.196435802702682849e-01
4.504261527072992433e-01
1.061535960432233860e-01
1.000000000000000000e+00
1.000000000000000000e+00
4.680671067181191858e-01
5.429895659106850347e-01
1.000000000000000000e+00
-1.000000000000000000e+00
-5.138836421706854951e-01
1.374001710206981253e-01
-1.858702673840473274e-02
1.000000000000000000e+00
-1.000000000000000000e+00
2.199527203363140782e-01
7.542508550856030780e-03
-1.000000000000000000e+00
-5.695882283014360725e-01
1.000000000000000000e+00
-1.000000000000000000e+00
-1.000000000000000000e+00
-6.776012522179041264e-01
-9.446898809927940510e-01
