1.000000000000000000e+00
1.284954534873136711e-01
-8.501192246211038972e-01
1.000000000000000000e+00
-9.076084019765643385e-01
5.973223507465785787e-01
7.633067154346552252e-01
5.771738754944614191e-01
-1.000000000000000000e+00
-1.373078390469987808e-01
-3.215467479272012818e-01
-3.114165861087003773e-01
6.565603053425582702e-01
-8.306075131168566550e-02
-5.537635521092743041e-01
-5.106055003088139088e-01
4.143676920703388000e-01
1.000000000000000000e+00
-7.988820233536871873e-01
-3.090317693943333069e-02
1.000000000000000000e+00
4.249007349340407358e-01
-9.732027647194602116e-01
-3.089921333065489550e-01
9.965102279560446030e-01
8.919403984435573252e-01
-1.000000000000000000e+00
1.000000000000000000e+00
3.903150850953081563e-01
6.385144766232984104e-01
5.244798302619864128e-01
-6.995553374221558096e-01
-4.896124226722887163e-01
1.000000000000000000e+00
-3.573999345330344246e-01
-3.951181412815252258e-01
2.171693923303043006e-01
-7.807955906965794446e-01
2.318187226224388553e-01
2.379296525583223243e-01
-2.590992718276707851e-01
1.346130360536287873e-01
1.000000000000000000e+00
-1.000000000000000000e+00
-3.078651534070897533e-02
-3.852689151772693554e-01
2.670158734141125922e-01
-7.426585783889365633e-01
-1.000000000000000000e+00
-8.207629719863211992e-01
6.369844148506393910e-01
-9.922937343292359547e-01
-5.858204418600556629e-01
2.783300574889827628e-01
9.833473296490826687e-01
-1.000000000000000000e+00
-1.000000000000000000e+00
-1.000000000000000000e+00
1.000000000000000000e+00
7.377386177918229260e-01
-9.936169033872606082e-01
-1.000000000000000000e+00
1.000000000000000000e+00
-1.000000000000000000e+00
5.632078063643396471e-01
1.000000000000000000e+00
-6.446282033416087520e-01
-2.044275324129345706e-01
-1.371109759976010811e-01
-6.879636910277592277e-01
-6.994123035250783271e-01
-5.731011865920726533e-02
6.044765267488017013e-01
2.393676167803213684e-01
9.763874894025071915e-01
-9.968215184461847178e-01
-3.970143496814001333e-02
1.000000000000000000e+00
9.924032583582956812e-01
-2.966457356639454757e-01
-9.628356093430395779e-02
1.000000000000000000e+00
6.799687927976288959e-01
-1.000000000000000000e+00
-1.000000000000000000e+00
1.000000000000000000e+00
9.970869703075518897e-01
3.923365182899608006e-01
-6.902269446542270703e-01
-6.605161379940064359e-01
2.964653905140683943e-01
-1.000000000000000000e+00
-9.339070236652681212e-01
7.496023823008856057e-01
-4.183232374655476704e-01
-1.000000000000000000e+00
-8.022509553993564246e-01
2.770923713003285438e-01
5.538675067265446117e-01
-5.695945061515368391e-01
1.000000000000000000e+00
-6.438381920880078546e-01
-3.886519980680833153e-01
7.972715391916946892e-01
5.538428744642542867e-01
1.000000000000000000e+00
6.539165801928766841e-01
-1.000000000000000000e+00
-2.613473094699191313e-01
-6.923874798645800535e-03
-1.000000000000000000e+00
3.800601147027457549e-01
1.426541598317982440e-01
1.000000000000000000e+00
-4.704370442429933741e-01
-6.089316782595933786e-01
-1.000000000000000000e+00
9.986865568224616574e-01
-7.335029286889788169e-02
-9.868024834449905525e-01
-9.972776174209009303e-01
-6.723063588531416057e-01
-3.770319496372673829e-01
-1.000000000000000000e+00
-1.000000000000000000e+00
1.000000000000000000e+00
-4.370539137318598111e-01
-2.103766634651630107e-01
1.275614688151181508e-01
8.472857006882813513e-01
2.583610687796407124e-01
-1.000000000000000000e+00
1.000000000000000000e+00
2.261202180787748039e-01
-1.000000000000000000e+00
-5.715024929120660069e-01
-6.129093220621206761e-01
1.000000000000000000e+00
-9.921739356720066239e-01
-4.676478760698885018e-01
-1.736438811443257735e-01
-1.000000000000000000e+00
-1.000000000000000000e+00
-9.478181339954520057e-01
1.000000000000000000e+00
2.570076656679957106e-01
-1.000000000000000000e+00
-1.000000000000000000e+00
-1.917264073382748957e-01
1.613485576521341697e-02
-9.997050812087133753e-01
-9.268756605407325599e-01
7.361720815073954371e-01
-6.637788552272564369e-01
-1.000000000000000000e+00
-8.671431952016135369e-01
-8.484065821834253507e-01
-1.000000000000000000e+00
-1.000000000000000000e+00
-8.077031558035716041e-02
9.642336069540623222e-02
6.904166688607976665e-01
-6.665485099230140653e-01
-2.954786793090445896e-01
7.421987543434385715e-02
1.000000000000000000e+00
1.000000000000000000e+00
1.000000000000000000e+00
3.952764467052595765e-01
-5.687757691713529740e-01
4.264548898400112864e-01
-3.724058336455923768e-01
-8.737964853847760560e-01
4.106582738204052618e-01
-1.000000000000000000e+00
-9.932639732754768858e-01
-5.633475649109875860e-02
1.000000000000000000e+00
-1.244483225060944061e-03
9.961520179517023843e-01
1.000000000000000000e+00
4.261247519904214354e-01
-1.057580563639047844e-01
7.739879054989757812e-01
-9.477978119384353750e-01
3.687366445431555784e-01
-5.638837059610540825e-01
7.317553776564260648e-01
6.861801724537490710e-01
1.000000000000000000e+00
-1.771139471271469812e-01
-4.791125996656443453e-01
1.000000000000000000e+00
1.000000000000000000e+00
-6.685189130127586754e-01
-1.000000000000000000e+00
-1.000000000000000000e+00
-9.718938426361537486e-01
-9.987286320959927188e-01
-9.456211242092293912e-02
-6.622224920891309763e-01
3.252290975193478650e-01
6.164055983208523992e-01
-1.000000000000000000e+00
6.214492041455255134e-01
-3.060653933044545916e-01
8.435440881376869982e-01
1.457509913164631854e-01
-8.735610509946449831e-01
4.823219625340649519e-01
-3.957319016441042669e-01
5.126170358814141625e-02
1.000000000000000000e+00
9.313572990097266358e-01
1.000000000000000000e+00
4.968014227480958556e-01
-2.270809248598043562e-01
-5.107387312208677699e-01
-5.710147481473148989e-01
-7.864964241828177327e-01
-1.000000000000000000e+00
-9.994317657796749632e-01
-1.000000000000000000e+00
-8.505677423217616884e-01
-5.539534141737015860e-01
-9.990254911988969422e-01
-5.080700199806011952e-01
-1.319502521057613342e-01
-5.311095682023125875e-01
-9.803835767322085504e-01
-2.627905220900522698e-01
4.652768936699867020e-01
1.000000000000000000e+00
9.950097224056716483e-01
2.348202723951875737e-01
-6.217937127425376964e-02
8.813812677603890533e-01
9.804859712079974088e-01
1.327036318498273082e-02
2.756185683150981156e-02
-6.713497273970017165e-01
-3.305124809448029000e-01
2.088016059624934750e-01
-9.253102073946151140e-01
-1.000000000000000000e+00
7.281467832872065005e-01
-2.758135820888699685e-01
1.564818450051730925e-01
-3.415727024380010857e-02
-1.000000000000000000e+00
5.381407840410052934e-01
-5.183988250305755496e-01
-2.384162289253313749e-01
9.255769093073249465e-01
9.739537493364975873e-01
-1.000000000000000000e+00
-9.995674154962068680e-01
-1.000000000000000000e+00
5.940969159881567263e-01
-1.252307768465411586e-01
-8.089464608428518222e-01
8.402086336356343610e-01
1.000000000000000000e+00
2.197472944630913805e-01
1.000000000000000000e+00
