-1.000000000000000000e+00
6.790979985274119279e-01
8.612560199963811280e-01
7.455273291543772496e-01
-6.558771550410971152e-01
-5.714115382765391216e-01
7.156099486821398958e-01
-1.000000000000000000e+00
-3.405869077206531981e-01
1.000000000000000000e+00
1.732947302690882041e-02
6.055338960885400801e-02
1.000000000000000000e+00
-3.200127429866303497e-01
-1.590617880146931173e-01
4.842957591576242393e-01
-1.000000000000000000e+00
7.445083666345859719e-01
1.000000000000000000e+00
-8.509141095370511554e-01
-9.457946511783983379e-01
1.460953231709251621e-01
-1.000000000000000000e+00
-6.967637476609850333e-01
-1.000000000000000000e+00
1.000000000000000000e+00
6.474201734383696616e-01
-8.096594283843102646e-01
9.035740017800528712e-01
-1.000000000000000000e+00
-1.000000000000000000e+00
-9.957002171470052954e-01
1.000000000000000000e+00
1.000000000000000000e+00
7.991708887724188193e-01
5.187410936619396562e-01
1.864098287073256976e-01
-8.431701380624807562e-01
9.233302432875176713e-01
1.000000000000000000e+00
1.895539018510156715e-01
-9.308933931768587078e-01
1.237408198435862028e-01
2.028128429957826717e-01
-3.935714278783344344e-01
-4.692937027728947830e-01
-8.270251796391191457e-01
1.000000000000000000e+00
-5.596863356537318257e-01
8.090782900656354748e-01
-8.178473979528648741e-01
5.750118385372022800e-01
8.615893908335908735e-01
-1.000000000000000000e+00
3.688755525121111267e-01
-8.876852296644129892e-01
6.009637419235080991e-01
2.453426214943621730e-01
1.000000000000000000e+00
-8.792216894034113883e-01
7.755367350967661277e-01
5.610101457172149697e-01
-8.803226368558895176e-01
-6.366038494418214677e-01
-7.761957462046387146e-01
-8.301627594048313075e-01
-1.000000000000000000e+00
-6.582577565402074615e-01
-8.492602762367443825e-01
5.740577810616163124e-01
-1.554039467312990919e-01
-4.786284565624763787e-01
1.697416910329461737e-01
5.301395846897105635e-01
-8.673987670461393851e-01
7.564960371389839455e-01
5.883498902292234600e-01
5.769047982435071553e-01
-8.566007189622654172e-01
1.000000000000000000e+00
-2.169114224311003425e-01
8.874531960032125966e-01
-5.644930001812061837e-01
1.000000000000000000e+00
7.788434250785289392e-02
-9.886781934360773239e-01
2.679396989604733159e-01
1.000000000000000000e+00
1.000000000000000000e+00
-1.000000000000000000e+00
6.771216197465493858e-01
4.010711493827204266e-01
-9.575377368854449678e-01
-9.986078125823988350e-01
-1.003828246855314743e-01
1.000000000000000000e+00
-1.000000000000000000e+00
5.608534584354274433e-01
4.531236014498274400e-02
1.000000000000000000e+00
-1.000000000000000000e+00
-9.752934925100199548e-01
5.878790197323164879e-01
6.564521322787417734e-01
-1.000000000000000000e+00
3.480438782079623428e-01
1.049581667064513335e-01
1.000000000000000000e+00
6.011946899084446017e-01
5.210201762316053475e-01
4.414072690995946568e-01
8.415277070379933999e-01
-9.204168321970658262e-01
1.000000000000000000e+00
6.542122085671944198e-01
-3.992798214102010190e-01
-4.482204892204616486e-01
1.000000000000000000e+00
-4.867006413479000315e-01
1.000000000000000000e+00
7.162821739432105872e-01
-1.000000000000000000e+00
9.742248190889241100e-01
-3.121253324036194488e-01
1.000000000000000000e+00
8.725973542355025536e-01
-1.825180837658872957e-01
-9.116333016170110604e-01
-2.847302679930489022e-01
-8.284847051939119300e-01
-2.763516666872017358e-01
-1.000000000000000000e+00
-1.000000000000000000e+00
-1.000000000000000000e+00
4.541653200466410079e-01
7.027927506705110572e-01
-2.434332628568440793e-01
5.520295888574462406e-01
-1.000000000000000000e+00
-7.646625297603872884e-01
-1.000000000000000000e+00
-7.604712493160237230e-01
7.828067527544377846e-01
-1.000000000000000000e+00
-5.046171945213201449e-02
-8.065623282446769959e-01
-6.144377263974130088e-01
1.000000000000000000e+00
-1.000000000000000000e+00
-1.515714313821240333e-01
-1.000000000000000000e+00
-4.313895329613919305e-01
-1.000000000000000000e+00
5.948173300170895850e-01
-8.302344068533722421e-01
-4.915815069647769264e-02
7.498879331141381499e-01
4.400830875396256614e-01
-3.579012490125514367e-01
-1.000000000000000000e+00
8.148962397097264665e-01
-9.376903260464983791e-01
-1.000000000000000000e+00
-7.241400840519479631e-02
1.000000000000000000e+00
7.832088842476606638e-01
2.510638329326375096e-01
-1.255571020849329256e-01
1.000000000000000000e+00
1.000000000000000000e+00
-1.000000000000000000e+00
8.291917565251334388e-01
9.383123329145653946e-01
2.670119208462040650e-01
-1.000000000000000000e+00
-4.778342622771050152e-01
-2.628421843247843448e-01
2.591426917260766793e-02
1.000000000000000000e+00
1.000000000000000000e+00
-8.886699247521208100e-01
9.638848947518153798e-01
-1.000000000000000000e+00
-9.855997850112820924e-01
-6.558420249965694060e-01
1.000000000000000000e+00
-7.622691558582654903e-01
5.629225621775852950e-01
8.925652064587655810e-01
1.000000000000000000e+00
-1.000000000000000000e+00
-1.000000000000000000e+00
-7.945588778705932054e-01
-6.305411865859820164e-01
-6.350279395357925072e-01
4.438177153655853413e-02
1.000000000000000000e+00
5.204745995364387090e-01
6.788575907516173347e-01
-8.720314205688595166e-01
3.269135487562092601e-01
2.432382385121408253e-01
-1.000000000000000000e+00
2.553107231791176268e-01
-8.538766130360038176e-01
4.705516461065159528e-01
-1.000000000000000000e+00
-1.000000000000000000e+00
1.000000000000000000e+00
6.508547840523031258e-01
-7.497670815612286210e-01
-5.052150923658595971e-01
-6.431317761516364140e-01
-4.207522098990817971e-01
8.661945430028270554e-01
4.674324599613236542e-01
-8.148780515228396526e-01
-1.000000000000000000e+00
-6.309852796099449379e-02
4.872096494855621129e-01
1.000000000000000000e+00
-8.802582553695725842e-02
1.000000000000000000e+00
-7.675731173454430900e-01
3.549933731295701334e-01
4.183497676751880556e-01
-1.000000000000000000e+00
5.863472600932002621e-01
-2.057327916444407212e-01
-1.000000000000000000e+00
-4.307917093670436959e-01
-1.226236701731303474e-01
1.000000000000000000e+00
-5.409783496044948681e-01
-4.389062373326558797e-01
1.000000000000000000e+00
5.231515320344608533e-01
-1.000000000000000000e+00
1.000000000000000000e+00
1.000000000000000000e+00
1.000000000000000000e+00
7.575640717866937157e-01
-6.108485758871307070e-01
6.830028403089085653e-01
1.000000000000000000e+00
-1.000000000000000000e+00
-7.622867715247103604e-01
8.414754827582519026e-01
1.000000000000000000e+00
1.815987789030445998e-02
2.547497740740986560e-01
1.000000000000000000e+00
-1.000000000000000000e+00
7.712461571610929045e-01
-3.216816605483563962e-01
-1.657843579108680965e-02
7.033267212183683670e-01
6.486940107165775071e-01
1.000000000000000000e+00
3.250144438874695285e-01
-9.464713264955524341e-01
-4.402570334822740739e-01
2.525966925003318431e-01
3.812307460550921068e-01
1.000000000000000000e+00
