-3.279355874101775314e-01
1.000000000000000000e+00
-1.000000000000000000e+00
-5.329263215540327447e-01
1.958977376997169395e-01
-1.000000000000000000e+00
1.977779049247668508e-01
1.000000000000000000e+00
-9.025643578125348565e-01
4.424442369370471528e-01
5.380927890313227380e-01
8.945238018837369243e-01
1.000000000000000000e+00
-1.056335127952138242e-01
3.610854230295644229e-01
-3.212698852376037473e-01
-5.547454371305216014e-03
-1.000000000000000000e+00
1.000000000000000000e+00
-1.000000000000000000e+00
4.864956805134228457e-01
1.234877541618606411e-01
8.669806464428009285e-01
-1.821320758736078571e-01
2.650455081721762030e-01
-3.003640427468472485e-01
-4.590415028294761446e-01
7.184631550472355688e-01
-8.537443322238047472e-03
-7.882474713140645850e-01
-9.181148567618767631e-01
1.000000000000000000e+00
-6.409046821766806179e-01
2.777410254201004847e-01
-9.219945749902974663e-01
6.747805399739947863e-01
-3.193347340951013247e-01
-8.504155519285108156e-01
-1.000000000000000000e+00
8.019374683138132953e-01
-5.455953850240874425e-01
1.061866442510061015e-01
1.000000000000000000e+00
-2.117044559455461272e-01
9.345643029501494725e-01
-1.000000000000000000e+00
9.697965112184175895e-01
-1.000000000000000000e+00
8.266030146246730048e-01
-1.000000000000000000e+00
1.843612283577730215e-01
-1.000000000000000000e+00
-1.000000000000000000e+00
-6.742654881963198177e-01
-1.000000000000000000e+00
-3.210720996506719049e-01
8.306622616313057428e-01
7.244233287238710517e-01
-3.889546098062274249e-03
-7.519945515780346312e-01
9.209567931790264839e-02
-1.000000000000000000e+00
1.000000000000000000e+00
1.000000000000000000e+00
5.048322714298194569e-01
-9.041399865844734762e-01
1.000000000000000000e+00
-1.000000000000000000e+00
-5.847388995434502634e-01
9.553568811016710516e-01
1.000000000000000000e+00
1.000000000000000000e+00
-2.191775911450252745e-01
-2.733964412880415806e-02
2.322222673136803417e-01
-1.000000000000000000e+00
1.000000000000000000e+00
-9.420893258182613250e-01
5.019264226474973167e-01
-8.038791361592518836e-01
3.034673269036995968e-01
-1.000000000000000000e+00
-2.019312963851963572e-01
-9.171143585634194961e-01
-8.783299589550479514e-01
-7.660027154450973486e-01
1.000000000000000000e+00
-1.000000000000000000e+00
-1.000000000000000000e+00
-9.310778269899044890e-01
-6.530767644270294436e-01
2.915247565350995163e-01
-1.000000000000000000e+00
-7.400586399290454143e-01
1.000000000000000000e+00
-1.000000000000000000e+00
-4.214146936259846044e-01
-9.224808254677638875e-01
1.000000000000000000e+00
-9.186266969815078953e-01
-1.000000000000000000e+00
6.804275212699651965e-01
-5.419876252714570519e-01
8.511155845002054132e-01
-8.348843055280137371e-01
-1.000000000000000000e+00
1.000000000000000000e+00
-9.235880342943900700e-01
-1.000000000000000000e+00
5.800538751256563152e-01
-1.000000000000000000e+00
8.431938048132304742e-01
5.283251430075849298e-01
1.385292530299646885e-01
-1.000000000000000000e+00
1.000000000000000000e+00
7.923112902710673922e-01
-9.134187639273654291e-01
3.444833865250473415e-01
4.392756622793720922e-01
-1.000000000000000000e+00
-4.890422456418177521e-01
4.658864220717029991e-01
-1.000000000000000000e+00
1.000000000000000000e+00
1.000000000000000000e+00
1.000000000000000000e+00
1.000000000000000000e+00
-1.000000000000000000e+00
-7.644094407286993187e-01
-1.000000000000000000e+00
6.249979542366543850e-01
-2.185461206659027322e-01
5.479266323221293478e-01
9.880097581607096835e-01
8.420040036787415083e-01
-1.878228245111492889e-01
7.199110801712089724e-01
1.000000000000000000e+00
-1.000000000000000000e+00
-1.000000000000000000e+00
1.000000000000000000e+00
-1.000000000000000000e+00
-7.476437620518189275e-01
-9.388091646200921181e-01
1.000000000000000000e+00
-1.000000000000000000e+00
-9.483009155571017201e-01
1.000000000000000000e+00
-1.000000000000000000e+00
-7.054736843173015082e-01
-1.000000000000000000e+00
2.752997012732543158e-01
1.000000000000000000e+00
-8.390135853159031987e-01
1.000000000000000000e+00
-1.000000000000000000e+00
-1.000000000000000000e+00
1.000000000000000000e+00
-1.000000000000000000e+00
7.598631960024510024e-01
-1.000000000000000000e+00
1.000000000000000000e+00
-1.116448873546097981e-01
-6.820768319461025797e-01
1.000000000000000000e+00
-1.000000000000000000e+00
1.000000000000000000e+00
-1.000000000000000000e+00
-3.385508159834385022e-01
-6.484596124896027103e-01
3.305901988552689130e-01
-1.973464215526389842e-01
1.000000000000000000e+00
1.000000000000000000e+00
1.056294966717022943e-01
4.653459935186385898e-01
-1.000000000000000000e+00
-1.000000000000000000e+00
-1.000000000000000000e+00
-6.740350735730123999e-01
3.837297788371771268e-01
1.865918652132621536e-01
-5.855308326542791875e-01
-9.388278629436648259e-01
1.000000000000000000e+00
9.607859018072273383e-02
1.000000000000000000e+00
1.000000000000000000e+00
-5.934739670984058302e-01
-1.000000000000000000e+00
7.580659204126963813e-01
-1.000000000000000000e+00
9.245896532776285426e-01
-8.604322111452824551e-01
-1.000000000000000000e+00
-1.000000000000000000e+00
-9.456408342663565891e-01
-2.860262724846633353e-01
1.000000000000000000e+00
-4.864306403282421809e-01
-3.213882760663754334e-01
1.833328281449409514e-01
-1.000000000000000000e+00
-1.000000000000000000e+00
-1.000000000000000000e+00
5.710432751889042702e-02
-4.480359334053456433e-01
9.854452677184625253e-01
9.235147497582818499e-02
-4.076170552073700160e-01
-3.212119288499114544e-01
1.000000000000000000e+00
9.821615864560671039e-01
1.000000000000000000e+00
-1.000000000000000000e+00
-1.000000000000000000e+00
-1.069580538702834260e-01
-7.079800078805751351e-01
1.000000000000000000e+00
-1.000000000000000000e+00
-6.329890176455024164e-01
-6.805809029343773409e-03
-5.804511660488528291e-01
1.000000000000000000e+00
-5.714458464918031888e-01
9.913790576203109772e-01
-1.000000000000000000e+00
-1.819218941987607030e-01
-4.614078115677431313e-01
5.756036922203615624e-01
-1.000000000000000000e+00
-2.774593113723343718e-01
9.575777933501010697e-01
3.264024100819428176e-01
-4.885092381489156699e-01
-2.167279223413612621e-01
-1.510321039850692770e-01
-1.000000000000000000e+00
5.644186133736086575e-01
7.955474154317473401e-01
1.000000000000000000e+00
2.253207431132209226e-01
-2.482630060381323667e-01
9.804716769609733706e-01
-1.000000000000000000e+00
4.700504986201357593e-01
8.243799326173644193e-01
-2.067689592748840899e-01
-1.000000000000000000e+00
-9.456222045085170835e-01
-1.000000000000000000e+00
-9.626625548860038295e-01
-5.804605519129643065e-01
3.962850237504462747e-01
-9.407617881106873359e-01
1.000000000000000000e+00
8.085276242153800474e-01
8.678406542358582110e-01
-1.283121114367881677e-01
1.000000000000000000e+00
-1.000000000000000000e+00
-1.000000000000000000e+00
-8.813756625017828972e-01
1.000000000000000000e+00
