-5.104593402323551743e-01
-9.073220879028994768e-01
2.774684178874899446e-02
4.618069435413668100e-01
4.644402246192194106e-01
3.968954317136382803e-01
1.119494459002963113e-02
9.832638200797533257e-01
2.350527743396435554e-01
-2.442884841815079477e-01
3.891506202363405609e-01
9.145036662783216919e-01
1.169801796342984923e-01
-3.198289084950230177e-02
-1.930019957378250883e-01
-5.432069240635267748e-01
-8.929984572522615960e-02
6.633247902522105832e-01
3.548801981956778984e-01
-4.282362969421740079e-02
5.821084215559824138e-01
-5.919495849411339217e-01
-7.594188543827449234e-01
8.096419831469882089e-01
5.310430285418855645e-01
4.341773874210356210e-01
9.390705935488168343e-01
2.900949030191967148e-01
-5.140712945511928256e-01
-7.501963459300088344e-01
2.092086637847426767e-01
2.758442050370614185e-01
-4.960884124560586139e-01
3.751590674157467276e-01
-6.685356413907826978e-01
-5.340817823349727766e-02
-1.816056558371524909e-01
-1.073564390639497601e-01
-6.713416229734272545e-01
-1.012342189582920576e-01
-1.508488013859194399e-01
2.984294484571208272e-01
-2.460890573243314783e-01
-1.706115982025034339e-01
-1.000000000000000000e+00
-6.437272850380303391e-01
-9.787079296318863531e-01
4.577343662374501743e-01
2.483031728551124140e-01
-2.240034179287956340e-01
2.600860831375174098e-01
2.123779415677401750e-01
6.765869495964285107e-01
-9.013733865164409442e-01
-6.248000357147830419e-01
2.175267594793918180e-01
-1.121663442222877172e-01
-4.069794660249128615e-01
-9.710368636968731704e-02
-8.245574511983276844e-01
7.070263408419937834e-01
4.198949413217569204e-01
-9.764917371138754909e-01
-5.544207836303450820e-01
5.631892770253692504e-01
1.028908525143288656e-02
9.008171224085981255e-01
-3.611521609356821427e-01
-8.272315441210708054e-01
-6.740522766798344723e-01
-4.793506363686537708e-01
2.077272296196461532e-01
-1.608058762704334399e-01
-2.479932030542166543e-01
3.770557447365951997e-01
-8.235656690440239514e-01
7.333249665885137603e-01
-5.210263381810947836e-01
5.386602470030884549e-01
1.617029009592544087e-01
-8.126509883999816219e-01
8.981469191737713187e-01
1.896670224570396468e-01
2.371826719780836534e-01
-1.806006197816571457e-01
-5.165760749427918824e-02
1.635172702186133142e-01
9.348661482188164173e-01
-6.471833713200630944e-01
4.331586855741854092e-01
-4.166155527550740034e-01
3.853022368012957166e-01
2.551781895531493038e-01
-2.296913377863478434e-01
2.896298949945059209e-01
-4.605931436564369985e-01
5.750911017590787377e-01
8.036262562873088822e-01
1.378884943766625903e-01
2.202917110702892201e-01
-7.410128538270882581e-01
5.078038148113230843e-01
-5.303662040705352521e-01
-9.411436509241962733e-01
-6.130640284228024983e-01
-4.366022624510708106e-01
6.102621523550646465e-01
3.677206128488164083e-01
-1.077663283224519764e-01
3.331866098970909240e-01
-6.732885489040734139e-01
1.652535368106136382e-01
9.448634092739505164e-01
-3.631381387254126736e-01
-3.958107782404066133e-02
3.285042268926022246e-02
-9.172262892053661965e-01
-4.220469457058875079e-02
8.916425655268348516e-01
-1.521705345402028509e-01
3.483283571919187915e-01
-5.303634343133402096e-01
-5.234662784993523443e-01
9.283945006321788762e-01
-8.845300240350089105e-01
-9.187120620411243221e-01
5.748811731901115607e-01
1.607380282901405832e-01
5.170811777178064839e-01
-8.266199673304009954e-01
3.730475223585669187e-01
9.430593749384463820e-02
9.248929940090775403e-01
3.856092041076136234e-01
1.809890263506490349e-01
-1.000000000000000000e+00
-4.637653564432152320e-02
1.700766262884432223e-01
-1.668994484735374650e-01
8.818516345498962350e-01
-8.626145108647957915e-01
-1.546853320185689051e-01
-1.132905852101119409e-01
8.218206790262240213e-01
7.645390275911699840e-01
-3.631022234866243537e-01
-7.620273708453105810e-01
-8.610647270170715961e-01
-6.886882720753807752e-02
-9.902555651952607008e-01
-1.000000000000000000e+00
-2.810004240709452761e-01
-1.601330508890767002e-01
1.000000000000000000e+00
5.747510666365687193e-01
1.000000000000000000e+00
-2.310731847530133054e-01
-2.517835776438994699e-01
-8.991289569836051765e-01
1.436084820396691941e-01
-1.194121210624205301e-02
6.763718176952918659e-01
1.245188854143829266e-01
-3.364973037628014585e-01
1.955454107372505135e-01
-1.000000000000000000e+00
-1.322263798575858684e-01
3.369140187494623073e-01
2.303860232471203751e-01
-1.099718999365601330e-01
-1.137158243410618108e-01
2.115763723807527752e-01
-3.907897701064066975e-01
-1.000000000000000000e+00
1.941075889557190015e-01
2.219965856156635563e-03
5.549790931749341016e-01
-5.507661159995880240e-02
1.637754730707787210e-01
-2.372775723287343652e-01
4.600732838732975866e-02
-1.472060044852336880e-01
-5.515568108155193272e-01
-9.150291037224254076e-01
-2.008907041004781568e-01
2.707256012336044584e-02
-4.150558642784727414e-01
-2.889956236858398642e-01
-4.184010140861749161e-01
-8.771965003857272736e-01
-2.554306968044691706e-01
-5.210183631274631910e-01
1.000000000000000000e+00
-2.125668254044525418e-01
1.000000000000000000e+00
-3.513138229804508850e-01
3.610025030562160619e-01
-3.668798541073439723e-01
-2.378413479383464924e-01
2.662245258980522333e-01
2.907132245140597315e-01
9.581572740197792371e-01
3.025244364215212145e-01
-9.932245769100280786e-01
-8.140387840240778106e-01
2.070594987249290420e-01
-3.561863726193510993e-01
4.624566884912399423e-01
1.000000000000000000e+00
9.640726976764028011e-01
-2.398819971876967744e-02
-5.203788804183032690e-01
2.786270937224497035e-01
3.925098410067587307e-01
5.641789332023054993e-01
-9.993544850972264637e-01
-2.695328684925276108e-01
4.658385964750474950e-01
-3.286415175494160068e-01
-8.785813934591291119e-01
-1.235356662486544327e-01
6.859012762491079052e-01
2.245487188882661078e-01
5.055111319768067490e-01
7.764979256480372127e-01
-9.116206430724423937e-01
-9.504408486200349726e-01
-7.409703142952801802e-02
-3.735361585625426306e-01
-3.214564771239930563e-01
2.926831809396826523e-02
1.999791780199088875e-01
4.807869748136269772e-01
4.839117993844087584e-01
-4.765200058671048566e-01
5.474641073765017241e-02
-1.000000000000000000e+00
-5.849507998493918004e-01
-5.711973631279676500e-01
-2.580536170017520836e-02
3.173553163829501145e-01
-3.751281469672619884e-01
9.404798645440061167e-01
7.762541211005702380e-01
-9.820342783747131044e-02
-5.059612130157513654e-01
-3.729387572560834418e-01
8.314648469636576333e-01
5.550540321378905073e-01
-1.983049359289154323e-01
-9.006173727040915900e-01
-7.668629324117554047e-01
4.691169056369026147e-01
-1.000000000000000000e+00
-7.079739983658992486e-01
-1.000000000000000000e+00
-4.726870460356208947e-01
-9.185912528656149378e-01
2.502180422323951325e-01
-4.585523599988966525e-01
-3.914575970271616523e-01
3.515487028804312186e-01
-8.240302270560414533e-01
9.405149693713282799e-01
-4.586017479751233195e-01
