8.065374818563159076e-02
1.000000000000000000e+00
-8.867791120531037796e-01
5.334892663535923951e-01
-1.000000000000000000e+00
-1.000000000000000000e+00
3.823779876796045141e-01
1.000000000000000000e+00
-3.868417974817506266e-01
4.611119374487041567e-01
-1.000000000000000000e+00
8.982547143399668421e-01
-9.684005169055425188e-01
9.539124370885143644e-01
-2.679720034083566405e-01
1.000000000000000000e+00
-6.164449255108364056e-01
-4.004797838052436276e-01
-1.085413355126053497e-01
-1.000000000000000000e+00
6.960241116516889814e-01
-2.375026826691682136e-01
5.090811340794509920e-02
1.000000000000000000e+00
2.309002482122193556e-01
-1.000000000000000000e+00
6.910091564733499281e-01
1.000000000000000000e+00
6.223671785973321491e-01
7.845106872176753621e-01
-3.377507490293036874e-01
-2.933088804316490161e-02
-2.273952115059622026e-01
6.916982808874123645e-01
7.124052246059646709e-01
1.000000000000000000e+00
1.223528653835894708e-01
-1.000000000000000000e+00
1.000000000000000000e+00
4.594894197334823960e-01
-8.820874919883356924e-01
6.408378547170527906e-01
1.000000000000000000e+00
-1.000000000000000000e+00
9.250599558782750254e-02
-1.000000000000000000e+00
-3.314039166679966231e-02
-1.000000000000000000e+00
-3.611270031131907920e-01
-6.873478529876319021e-01
1.000000000000000000e+00
-4.121183301372282615e-01
-8.699990369534771339e-01
1.000000000000000000e+00
3.299178193849017782e-01
-1.000000000000000000e+00
-8.977463320866505558e-01
-3.809377898656158834e-01
-6.491921619152212219e-01
-1.000000000000000000e+00
-1.000000000000000000e+00
-1.000000000000000000e+00
-1.397390463891964585e-01
4.271217774321793281e-01
-9.634268393262442887e-01
-1.000000000000000000e+00
-1.000000000000000000e+00
-9.357074058975473063e-01
-9.208789135146391303e-01
1.000000000000000000e+00
-1.000000000000000000e+00
-2.861180922288319994e-01
1.000000000000000000e+00
9.345365977128211599e-01
1.000000000000000000e+00
-1.626801295291273042e-01
3.633335118922848550e-01
5.131524962850366745e-01
5.661455370270501719e-01
-1.000000000000000000e+00
-1.000000000000000000e+00
5.729568609312150063e-01
-5.220145563734955863e-01
1.000000000000000000e+00
1.000000000000000000e+00
-7.941681613935883677e-01
-5.207914926668784084e-01
-3.536812910970332791e-02
-1.000000000000000000e+00
-1.000000000000000000e+00
1.000000000000000000e+00
-1.000000000000000000e+00
6.503405871596272536e-02
1.000000000000000000e+00
-5.578156882603712008e-01
1.000000000000000000e+00
-1.000000000000000000e+00
-1.000000000000000000e+00
-5.184059307424597751e-01
1.000000000000000000e+00
4.547327050346064437e-01
-2.558010872948892622e-01
-4.723882024780413913e-02
1.000000000000000000e+00
-2.143113538621663205e-01
5.237065408978023306e-01
-1.000000000000000000e+00
-7.118631741293446336e-01
2.842559114079382110e-01
4.244474927583182788e-01
3.469521628061326135e-01
1.000000000000000000e+00
-6.355875889884833319e-01
-1.000000000000000000e+00
-9.383169382248441881e-01
1.000000000000000000e+00
5.774178396919682488e-01
7.862828917671738083e-01
9.336797030120509433e-01
-3.721206550747585551e-01
-1.000000000000000000e+00
3.915403796991533958e-01
-1.144929169739597463e-01
1.110372742754196784e-01
1.000000000000000000e+00
1.208199470064669351e-01
-1.000000000000000000e+00
-1.000000000000000000e+00
-1.000000000000000000e+00
-9.970551251490333833e-02
-1.000000000000000000e+00
3.490079698746970105e-01
9.214220454744986855e-01
-1.000000000000000000e+00
-1.000000000000000000e+00
-1.000000000000000000e+00
-2.377194522796665654e-01
-6.263342863819196249e-02
3.949420356868272308e-01
3.152814596166987338e-01
-6.828718695738831279e-01
8.159783742372939130e-02
1.000000000000000000e+00
-1.214890470632831176e-01
5.560750326964031265e-01
1.000000000000000000e+00
-4.484643314906393563e-01
5.136270233701192289e-01
1.000000000000000000e+00
5.791719307428683239e-02
4.866104232998033630e-01
-1.000000000000000000e+00
7.563615287891568562e-01
2.906920537781381153e-01
9.204072018644992026e-01
-7.090831426251094083e-01
9.771567387380994951e-01
-9.358502213025056138e-01
1.000000000000000000e+00
-6.903066323223552292e-01
-8.495991921293202243e-01
1.000000000000000000e+00
-2.689602624920003349e-01
1.000000000000000000e+00
1.739746109733874002e-01
-1.000000000000000000e+00
-1.000000000000000000e+00
-1.000000000000000000e+00
4.295505821026067428e-02
1.000000000000000000e+00
-6.926661753511255126e-01
9.799164871937798837e-01
1.654859650980610164e-01
1.000000000000000000e+00
6.575215147623507672e-01
-4.546393209190356943e-01
-3.533249557674400521e-01
1.000000000000000000e+00
-1.166791412678329642e-01
-1.033485010165034468e-01
1.000000000000000000e+00
1.000000000000000000e+00
3.266983139667959390e-01
8.895972481469647253e-01
6.189458823201140492e-01
1.000000000000000000e+00
1.460120785946731337e-01
-8.342277372557396209e-01
1.000000000000000000e+00
-5.333379086848224482e-01
1.000000000000000000e+00
1.000000000000000000e+00
7.293399690683924352e-02
1.000000000000000000e+00
4.181216379324161903e-01
2.589816256772486391e-01
1.000000000000000000e+00
-2.939853183917893742e-01
1.000000000000000000e+00
1.000000000000000000e+00
-3.054342476345189850e-01
1.000000000000000000e+00
7.014988465421832797e-02
3.423172412935020226e-02
-1.000000000000000000e+00
1.557625255020392840e-01
-8.405526464827226540e-01
-1.000000000000000000e+00
-1.000000000000000000e+00
1.000000000000000000e+00
-7.230225514208575843e-01
-1.000000000000000000e+00
1.000000000000000000e+00
4.878689327750689864e-01
1.000000000000000000e+00
-6.037357755877542642e-01
1.241726784849794540e-01
-8.351852317511833101e-01
3.586633644032043433e-01
4.996976125914159850e-01
-1.000000000000000000e+00
-6.106147973539254314e-01
3.935772335972910208e-01
-3.793238105082417239e-02
1.000000000000000000e+00
1.000000000000000000e+00
8.992074792201333322e-01
1.000000000000000000e+00
-6.987736806433151315e-01
-1.000000000000000000e+00
-2.024981263740660009e-01
1.000000000000000000e+00
3.060601726772597120e-01
7.070217124933970698e-01
9.572748078077671918e-01
-2.308670946660200118e-01
1.000000000000000000e+00
1.000000000000000000e+00
1.000000000000000000e+00
1.000000000000000000e+00
9.450835423181483952e-01
-1.312350158500859981e-02
-1.000000000000000000e+00
-2.632050890520425401e-01
4.351130120996047346e-01
3.034130382094126777e-01
-7.939974168846234415e-01
-1.000000000000000000e+00
1.003933104940634979e-01
1.535415683507802553e-01
7.796882692858657371e-02
-7.354299206344625528e-01
1.000000000000000000e+00
1.000000000000000000e+00
-1.000000000000000000e+00
-1.000000000000000000e+00
4.742797744693851847e-01
-1.000000000000000000e+00
9.010421742830065917e-01
-1.000000000000000000e+00
-8.908324567715465436e-01
-9.588619801127548081e-01
1.000000000000000000e+00
4.318483840143138019e-01
-5.825139321871641851e-01
