-4.158941704857043592e-03
1.838333285323507926e-01
4.179901474212734946e-01
-8.934804289655111642e-01
-9.989277590419172181e-01
-7.115102936900371544e-01
-4.605380768567401417e-01
-1.691194693104899338e-01
-9.386291196209398668e-01
6.159985066472151161e-01
2.108688058932565723e-01
-4.840849371060891859e-01
3.544394893867000018e-01
-6.574444900409166515e-01
9.957092537007619093e-01
1.171294127727948997e-01
4.865804533812459476e-01
-3.970808913812020613e-01
2.970420359776392294e-01
1.000000000000000000e+00
-4.406059227074926588e-01
8.591791446022557510e-01
3.831640781147072627e-01
-4.621932096890009611e-01
-8.243412486431527242e-01
-6.771185478867811636e-01
3.679254167606920145e-01
-2.267113829520953638e-01
2.944881428890248620e-01
-5.614821579561339870e-01
5.300643773506170664e-01
-4.499162325763299275e-02
5.909454550615510504e-01
2.051940073288040234e-02
3.438446276932060619e-01
-6.142950455187028425e-01
6.626984265986469724e-01
-7.930536026405519134e-01
3.912568226306704644e-01
1.663299493685729269e-01
-8.693052510118314258e-01
-4.869798697904267337e-01
9.506962386450011626e-02
-4.811535434019101332e-01
4.972886305647145067e-01
7.464031730604030468e-01
4.572377314617453448e-01
-5.377765577546209652e-01
-8.283555777892686045e-01
-8.235162458859581758e-01
7.859916925952614708e-01
-3.365839586289890994e-01
1.761028570202144705e-01
-8.115538616539256234e-01
-8.405610347942201743e-01
-3.693597512914217340e-01
-1.846238018452227986e-02
1.771288838265772381e-01
-3.825281403437662542e-01
7.711988527481258293e-01
1.000000000000000000e+00
3.554790460591815138e-01
7.930412381677872657e-01
-5.083696387050126164e-01
-5.353901090889007230e-01
3.537735323823343325e-01
-9.046891179687309714e-01
6.612410730344222554e-01
6.980145516907984016e-01
9.622894066949561065e-01
-7.405563181912288018e-01
-2.795413193711974720e-01
-3.131285651787675262e-01
-1.000000000000000000e+00
-1.000000000000000000e+00
-4.096234233567090377e-01
1.500058687972307021e-02
-2.565918179716922265e-01
7.738778896531242624e-02
6.533184566385253911e-01
-9.374459042453643365e-01
-4.321738825102942050e-01
-1.000000000000000000e+00
6.682004315899471303e-01
8.386932464963485767e-01
-5.893463905500970768e-01
1.000000000000000000e+00
-7.725601820166725364e-01
6.077291701017999426e-01
-4.417548441099604095e-01
-7.462210576249457272e-01
-4.620856890108329673e-01
2.882643990193722305e-01
7.603579408016772345e-02
-3.661601462389638684e-01
-3.053154893399391556e-02
-3.413503358014635669e-01
-5.344205905109896682e-01
-6.546072795226122454e-02
-7.847788652785985253e-01
4.710294762455089490e-01
5.521636821359501290e-01
6.043261031804681993e-01
5.801561035634275054e-01
-9.202692788308475258e-01
3.040378584000020812e-01
5.241668895115160487e-04
7.872907319255004754e-01
9.931668961431457110e-02
5.986657071283751907e-01
1.422328859709325044e-01
-9.478716221441851886e-01
-1.359661639032900549e-01
5.656422494714968829e-01
-4.098324784706620649e-01
4.046765639308753659e-01
2.229546360769922228e-02
-4.437541301109766967e-01
7.748298933443966696e-01
1.119483239589790791e-01
-5.838287668595791846e-01
-4.526666745393941038e-02
-7.807942425482804483e-01
9.962439319854551334e-01
7.638865859496153377e-01
-6.821112790305144946e-01
3.781765762196814262e-01
1.267864954216849915e-01
-2.464028414291267177e-01
4.064741863532089772e-01
7.961155103363072583e-02
-9.717112978622235442e-01
-7.276766576665885111e-01
-3.617994556926579786e-01
-3.366480496315545079e-02
-1.715606037566551889e-01
9.293050713393917472e-02
4.373024360744314221e-01
-8.981169655159634280e-01
2.240563412556559331e-01
-7.973404135321453534e-01
7.021607604163441207e-01
-4.724534894117269346e-01
7.245371965716864704e-01
7.081034658568677864e-01
2.998724959399918233e-01
-5.511915350548858283e-01
-1.926570267275417581e-01
-3.354303706266866802e-01
-2.270371579133236006e-01
-3.231835988255679637e-01
6.190744948580205742e-01
-4.473133854681461408e-01
-2.759282095965431836e-01
-3.035854109662428635e-01
-4.574733882952054520e-01
9.635013230675584239e-01
-3.456149631066561534e-02
1.000000000000000000e+00
6.488321389747527812e-01
4.236021219565177520e-01
1.000000000000000000e+00
-1.247916287855921902e-01
7.657867607712236513e-01
5.673390368148032575e-02
-5.584683389914384399e-01
3.897852610664755968e-01
-7.126264799556741858e-02
-2.975788376777411814e-01
7.903294986814335399e-01
-1.541259186121691311e-03
9.749681672689769485e-02
-9.212695798736967312e-01
-2.431898535545174433e-01
3.109359264737645567e-01
3.380136855627757231e-01
-1.980879370249535310e-01
2.596757176516057974e-01
-7.482909445104219959e-01
-1.989785854258503128e-01
5.912550357882125907e-01
1.359606916090455031e-01
5.491094989227504053e-01
5.680137962797456863e-01
5.339995307748430786e-01
1.645584873523886216e-01
-4.176642759457225296e-01
-1.133847838523615176e-01
3.545077875770840520e-02
8.043118852850621447e-01
4.864635514124643345e-01
3.853795477195551267e-01
1.525818804875714030e-01
-9.055189374386070078e-01
-9.206920740295757577e-01
-2.323920889272962920e-01
-1.139583577187526231e-01
-5.476174615012863005e-03
8.657762187265866105e-01
4.659359876968218739e-01
-1.526525053157720135e-01
7.089523952221298275e-01
3.017912957582470912e-01
-1.484009239226374566e-01
6.686998951022603971e-03
-2.551612525841520304e-02
-2.820206953836934538e-01
5.632130843015320694e-03
3.289851488498380383e-01
2.479611199397895593e-01
-1.000000000000000000e+00
-5.746364467129051468e-01
-9.573162026363151167e-01
-2.718356960465279082e-01
-1.000000000000000000e+00
-6.988852107285618009e-01
-1.467884528772573083e-01
8.881412757225654042e-01
-7.964534224977938281e-01
-9.554259208501033607e-01
-4.054519998910481871e-01
-2.815781194371964058e-01
-3.033430105038639746e-02
7.752136124238175885e-01
5.903778086772799166e-02
2.600948086852754582e-01
6.494800173618107131e-01
1.165614186664682278e-01
6.782922886542728236e-01
-8.083754889416664424e-01
-9.128905324263887344e-01
-9.882933300597958048e-01
-3.986916041249098930e-01
4.394328958753995762e-02
-1.144166248309545081e-01
6.259920011611390667e-01
8.736640164643397211e-02
7.040675036947183774e-01
-5.085205949885212018e-01
6.601474594622277481e-01
-8.233925129495127671e-01
1.747388876241417754e-01
8.896743903252636310e-01
-9.163411054477703654e-01
-2.199425381309853822e-01
1.141780285605781126e-01
-6.682772097377781551e-01
9.643212912264522707e-01
-2.198977337224581607e-01
8.678385869682920806e-01
5.148511193806590835e-01
1.021970245115381287e-01
1.000000000000000000e+00
-7.383360318802331124e-01
-9.678839262277229016e-01
1.305267135787923638e-01
7.831778880256993203e-01
-1.045792318002412291e-01
2.265240509807584512e-01
3.394324713616873046e-01
9.933262362530931311e-01
-3.971694956037249424e-01
1.716417806762008114e-01
7.354924584021085288e-01
9.552953424409440508e-01
