-5.453067950658871954e-01
4.391242743279015759e-01
-6.884155487780644345e-01
-5.830232747673229632e-01
4.453920873357154059e-02
5.082468285467709457e-01
1.000000000000000000e+00
1.000000000000000000e+00
-7.734396618070938922e-01
1.000000000000000000e+00
5.741114815110241743e-02
6.332291676134902403e-01
-1.075423165200631997e-02
-4.298538572428567961e-01
2.112990981516103470e-02
-2.989904527966754100e-01
-6.879576865260234042e-01
8.259579910635865829e-01
-4.024471690238241584e-01
-2.609920519161169072e-01
1.257717437298115359e-01
-2.322765579606846445e-02
-2.144304323132267542e-01
-1.158301031459614688e-01
3.246862001203802417e-01
8.454455584006452529e-02
1.021340417838110665e-01
-4.670657548765558831e-01
-1.000000000000000000e+00
-5.343774004483323736e-01
-5.722826666245163230e-01
2.954842560024703024e-01
-4.248563773539061339e-01
5.299172400624504453e-01
6.017523875991592774e-01
-7.384264790082546437e-01
-1.169481112653280308e-01
-5.219778594507725744e-01
1.556886138849193357e-01
-5.309611826866418305e-01
-1.000000000000000000e+00
4.092664767450737151e-01
2.370577495355654651e-01
6.068095994744823196e-01
2.031642938030178702e-02
-1.000000000000000000e+00
6.251425332386179035e-01
-7.537796943329211352e-01
2.880935247321668724e-01
6.888854839226288274e-01
1.723957883053682527e-01
-2.508964624104172425e-01
1.543391919266478562e-01
8.287578727774947973e-01
3.943861355130916513e-01
-9.402137146941387247e-01
8.395027761203243122e-01
2.711251248738693609e-01
1.664284570619962156e-01
1.000000000000000000e+00
-2.043972320760804318e-01
-5.352402381026145628e-01
-6.880775995939147904e-01
-2.226180884662195547e-01
1.777394596715860808e-01
-5.817561424931924074e-01
-7.877457332849319149e-02
-2.334412535853639878e-02
6.575348814817406629e-01
8.493259290978613096e-01
1.000000000000000000e+00
1.000000000000000000e+00
4.245031913799710566e-01
6.318785646431310243e-02
-6.937863704428108569e-02
-1.164248912579931156e-01
-2.897269579726362010e-01
1.000000000000000000e+00
-3.440967237465373807e-01
-1.038917332958348566e-01
-2.180509294844366064e-01
4.458417101244042668e-01
3.620797482183899518e-01
-8.492516636316780332e-01
-7.929179951880974825e-03
-6.509626631497672511e-01
7.218533293288411645e-01
2.497257733434144478e-01
-1.000000000000000000e+00
-8.274091657006628353e-02
1.981928310178157349e-01
1.959080464428760715e-01
5.897237712052956216e-01
8.822712848231606397e-01
5.138478116368794257e-01
-7.339007041329479453e-01
9.697762736421721153e-01
-1.000000000000000000e+00
3.646896252528550320e-01
9.598919828121434961e-01
1.606633131231208489e-01
8.104708784745034977e-01
3.368220378813864824e-01
-1.000000000000000000e+00
1.702167457433421405e-01
5.640579558475545402e-02
5.173423548185400733e-01
-5.760135636016634475e-01
1.486832975322275596e-01
8.211384956173228833e-01
-1.864522943225309926e-01
-7.793465428778117987e-01
-1.264673271626823581e-01
1.000000000000000000e+00
-4.292474900528510662e-01
2.259188375999195419e-01
-4.277226225365067247e-01
-4.518890018074982473e-01
4.754519654344369628e-01
-1.385170080412322646e-01
1.000000000000000000e+00
-5.612692605969842319e-01
1.000000000000000000e+00
-2.089411562332923189e-01
-1.236053797441374891e-01
-1.613847926367886210e-01
2.311477514971174985e-01
2.764305369157160630e-01
2.357838693517347872e-01
-7.898085814226066814e-01
-7.942934181736521770e-02
3.177313484406950050e-01
5.903545791432487366e-01
-4.508990490267847928e-01
1.411439143678865360e-01
1.417736623662627371e-01
-8.800736037819392732e-02
5.587890514493984995e-01
2.186757472253798573e-01
-3.117013231839539378e-01
-1.425192950289145000e-01
-2.163647647764679882e-01
-4.584564205415590510e-01
2.740748551763957375e-01
-3.027562507322066887e-01
-7.937749759804206551e-02
-3.098324413726070148e-01
9.488389360993949584e-01
8.202108437237221050e-01
6.312119193604776024e-01
-2.572006685507036150e-01
6.588301287208899737e-01
-7.609525791832141284e-01
1.119362908068610718e-01
-2.894889919398069278e-01
5.090386960982692249e-02
-1.000000000000000000e+00
4.813715555763051213e-01
-5.064098501967304600e-01
-3.930655094666190008e-01
2.308250582644427451e-01
6.927821745285658306e-01
-4.362027620670651251e-03
-7.880565466146046694e-01
1.000000000000000000e+00
-2.407082450510341087e-01
-7.103086668026642458e-01
-8.734202066977184153e-02
-3.428530201118626941e-01
-3.082587442558133439e-01
-1.000000000000000000e+00
-7.619805142398783371e-01
4.871056053350953929e-01
-1.729916455949927767e-01
2.527222597053533915e-01
-1.000000000000000000e+00
-4.596135720919241052e-01
4.499868650130982028e-01
4.689067508473905854e-01
5.487544423165681140e-01
8.920673668701789572e-01
2.766208416525508529e-01
4.949925429383908448e-01
-5.912251297542667761e-01
-3.739834265270898239e-01
1.061495037565424876e-01
-5.874583404114384205e-02
-1.997455406042336623e-01
-6.689558354892322090e-01
-2.984755804535859092e-01
8.880238149892323296e-01
-3.764147254821408883e-01
-1.154112412201512283e-01
-5.263856344041309976e-01
5.345033787750722021e-02
-4.511216548747514765e-01
1.789938090415736649e-01
3.023591557393797910e-02
-2.024877152945762839e-03
-3.217365839734011024e-01
9.736700466432108847e-01
-7.163799897333650302e-01
4.194262016310525976e-01
-3.140855405556904900e-01
-9.416879685919024023e-01
3.709038038095291250e-03
8.906038932794794194e-01
-3.151915298426722356e-01
-7.132046494645251089e-01
4.909218229143992585e-02
-7.716071878098548220e-01
-1.920550900808550843e-01
-4.498863092442281775e-01
3.019909152318449586e-01
5.964875058548656517e-01
-5.005692412352770182e-01
3.769402046212956825e-01
2.695419971333942177e-01
4.226293693891310377e-01
-6.839915488804112487e-01
9.993358397647298386e-01
8.329543269242525305e-01
-1.172779839488173603e-01
-7.239627423975939502e-01
6.414263921487106668e-01
6.194904034450978703e-01
-1.630867501565881339e-01
5.270993167516163647e-01
7.197735799372178001e-01
-4.608586116391326648e-01
-3.950857480467725447e-01
-1.807195184316463255e-01
-1.380581452025825551e-01
-2.182055564828140892e-01
4.325448431571730090e-01
-3.718917579497261205e-01
-2.910229617235327582e-01
2.141103264768960124e-01
7.425576259971746751e-01
-2.947133068464781180e-01
4.906058855728371304e-01
2.430659533558879593e-01
-6.514002645757565046e-01
3.543564952518328259e-01
-9.998476905394895198e-01
4.660495141664010993e-02
6.837692780930925140e-01
4.087348889443493394e-01
-9.111748047840030618e-02
-5.215931840381407003e-01
5.204823453870500299e-02
9.127535156678676653e-01
6.365431124110686456e-01
-3.023777945523949962e-01
4.747645992104681523e-01
8.536943407237772563e-01
-5.556742027305702769e-02
-8.462646080364669698e-01
1.533030942431943822e-01
-3.659503068814949911e-01
-1.567686960300991306e-01
-4.054107544687400311e-01
-7.574425861596194576e-01
-2.817011615613231323e-01
7.979334851428346309e-02
