5.357965024244725205e-01
6.071947093322853650e-01
-9.154263185546523962e-01
-2.983041269620830271e-01
-9.301274873415256161e-01
-9.952995855227211308e-01
1.375088264610331290e-01
-8.930148219858750069e-01
5.380408863612718973e-01
-1.068189614404436161e-01
3.434756715088373435e-01
-5.418253582047287686e-01
2.566543250054957315e-01
5.715759691512074525e-01
4.190042972157747569e-01
-1.000000000000000000e+00
1.113663660275514139e-01
-1.345520061727011399e-02
1.506871399383249155e-01
5.732564786133031998e-01
2.453115067298015650e-01
-9.068184932660075873e-03
-5.290575399661464617e-01
-8.495448486293853962e-01
6.477250418952289479e-01
-3.991973099642910916e-01
4.519163753717815868e-01
-9.391216161968991838e-02
2.750514309039429617e-01
5.075961004074844851e-01
9.962114716104323309e-01
-2.522543309646702037e-01
-4.432577512642091877e-01
-3.896574587580036719e-01
9.671650315457046565e-01
8.626268291514955777e-01
-4.595548430010042151e-02
2.120645713242736430e-01
-8.172690192927305475e-01
3.807126592717141600e-01
2.913759303065408535e-01
4.387024894891033422e-01
3.577398378683351310e-01
-2.262016392141007193e-01
-9.693409307953645415e-01
-2.430964857000756651e-01
-3.272549083549362026e-01
3.394790171430159265e-01
-8.570798122604958991e-01
-7.286501317402463984e-01
1.000000000000000000e+00
-7.659107476163697914e-01
6.558117280844204533e-01
-1.018760037039449368e-01
3.076964217499369436e-01
-3.817762400748492824e-01
5.691896987707600886e-01
6.292870127806805547e-01
7.745568077116088412e-01
-9.973679126377478221e-01
-7.565614336512488380e-01
9.650580716664236558e-02
8.519921919864439364e-01
8.384893104656566676e-01
9.108866607676719962e-01
-1.997915141032114983e-01
3.553247983246889813e-02
6.847996996443165285e-01
9.072493854209936481e-01
-9.675411891620769866e-01
8.203418955022381831e-02
-7.421911613230212090e-01
-1.354396881972739775e-01
-4.982894101243329210e-01
-3.870147441898955654e-01
-3.260917036685402892e-01
-7.448828925835494497e-01
5.228960443219887733e-01
7.493656969097850507e-02
3.002265006651897439e-01
-7.636923060665260499e-01
3.977858498425219935e-02
-9.150261220390345507e-01
5.219710783159858813e-01
-8.321879667304890038e-01
-8.038530150922475193e-02
-6.123658090202389603e-01
7.452401324473213462e-01
8.323754485603037656e-01
-9.698318262718347293e-01
4.154316815785336070e-01
3.332324113044414782e-01
-1.483077562173108245e-02
4.361021891333440870e-01
-4.932906462449154206e-01
8.615360971055979755e-01
9.001914356497882075e-01
1.217818883887713810e-01
3.984914244110383807e-04
-8.932619554780660831e-01
-5.426444820539425562e-01
-2.112851121205344129e-01
-6.878709771777868909e-01
-8.669734589685093584e-02
7.089730703619576690e-01
7.169553858835873150e-01
9.870689219588345553e-01
8.763280397930158783e-01
1.000000000000000000e+00
8.485568339516398328e-01
-8.133565083423942577e-01
-1.496490312180351612e-01
-8.520469198160363078e-02
3.622286008541200641e-01
6.428277980707620687e-01
-4.700095003511477465e-01
2.500394813907256264e-01
4.059486984152729239e-01
8.134436949132942685e-01
-6.096940169259974507e-01
8.640356307626427534e-02
5.127556861822342160e-01
-5.965569945617322789e-01
6.946463700894979221e-01
-6.913189053295294428e-01
-1.000000000000000000e+00
8.590026601090701153e-01
-7.472634274810996402e-02
-8.696277674683220438e-01
6.942307389870158163e-01
-4.147055024861777128e-01
-1.000000000000000000e+00
-3.529235164539244463e-01
1.673590577414234004e-01
-6.256172105517827653e-01
1.355310994563067306e-01
-1.004615870158649116e-01
-7.098615481382806180e-01
-1.000000000000000000e+00
-4.693074716321925521e-01
5.712079946572091310e-02
5.828809088602959765e-01
8.141290285593404119e-02
8.321592181041617131e-01
-3.658028630126879954e-01
1.604517757428151614e-01
9.815164473534679912e-01
-7.261039487215262822e-01
1.135053921825214251e-01
1.192491184823792350e-01
-3.807336995451227751e-02
-5.929316553090063779e-01
5.599493302706627373e-01
-5.734070353035274764e-02
-9.985585463604617074e-01
-3.410921737502283224e-01
-4.699835455598250777e-01
7.836911969376892939e-01
9.032380755266238292e-01
-9.124911689012267235e-01
-5.684708228714216993e-01
3.810907091719499262e-01
-2.195757553289583719e-01
-4.720602032521196284e-02
-4.343555912416302012e-01
-3.285797166239343703e-01
-8.037822004311699631e-02
5.495666400650478511e-01
3.593083341365401195e-01
3.837069094930598556e-01
-9.922334522358434716e-01
1.000000000000000000e+00
2.997594925391691145e-01
5.069751091372868279e-01
-9.533141059717359367e-02
1.000000000000000000e+00
4.314941649915419175e-01
1.346795667748822978e-01
-3.731415700753178410e-01
3.120695021601280206e-01
8.341890439801671331e-01
-3.779438525287694833e-03
7.635626374776904868e-01
-4.410647534676761516e-01
9.625041625935407130e-02
2.279130169504938186e-01
-3.953764782660514343e-01
2.669635534754084549e-01
-9.937727647056865399e-01
-1.087429905536269059e-02
2.141260264088567233e-01
6.356031144099184571e-01
9.334550650475738065e-01
-5.751191156800699034e-01
5.755499631825957696e-01
-4.306462365394660152e-02
4.762022944525138302e-01
6.741489333601304867e-01
-3.054721657845957949e-01
-7.828773950831930950e-01
7.805847118367715831e-01
6.886725973223352115e-01
1.000000000000000000e+00
-4.399590533171147122e-01
-4.618613276355320457e-02
-4.172109775047433411e-01
1.887114953975126963e-01
-7.980182472414372175e-01
-6.313232189607429490e-01
2.644523862329563046e-01
-1.103521288793289368e-01
-5.583572057577107506e-01
9.521950342636522624e-01
-1.553304426912798242e-01
-5.867168219735260370e-01
-4.646649535583551316e-01
4.908046403359787035e-01
-1.000000000000000000e+00
-4.414607362301166682e-01
2.709525853855868083e-02
6.861888846834544031e-01
-9.034761489769350673e-01
7.398044856038892281e-01
-2.029317233061926629e-02
2.463312482814342119e-01
4.314109570736773258e-01
-1.749697892157192625e-01
4.457055289714166313e-01
9.673905814250752799e-01
1.000000000000000000e+00
2.266179549683015326e-01
9.246094811904586042e-01
8.504318536908127557e-01
1.000000000000000000e+00
7.848833425484255111e-01
6.673552239992323054e-01
-7.275617200428594611e-01
-3.015879449836519344e-01
4.460278480029725157e-01
-8.214489274747774350e-02
-6.409928423328614677e-01
-3.393520485540355014e-01
1.513887870253692314e-01
6.766316680107324899e-01
-3.028336483789768607e-01
-9.736953652187772812e-02
-5.791849745774996228e-01
5.832452746970855362e-01
2.324849463866559829e-01
-7.183783153776793773e-01
-8.120721641746599939e-01
-1.000000000000000000e+00
3.574896206067176285e-01
4.526090975638583647e-01
-1.402549846414952867e-02
-9.521757420416329110e-01
-1.436001399768670472e-01
9.912700189370611259e-01
8.065493976412352328e-01
1.362117038780923661e-01
-3.359828929367514871e-01
-2.827883433889044618e-02
2.931926155258292588e-01
1.000000000000000000e+00
-1.212784329256258870e-01
