7.929950571356664257e-01
7.148033350573683720e-01
1.000000000000000000e+00
5.850279256829027386e-02
-3.881017489901986139e-02
-9.711941302684418131e-01
-9.958061593581765125e-01
1.263450271959907778e-01
-1.000000000000000000e+00
9.711941302684418131e-01
-1.000000000000000000e+00
-9.711941302684418131e-01
-1.000000000000000000e+00
2.677849708117634453e-01
-1.000000000000000000e+00
8.626883392360540359e-01
-3.259625419873942720e-01
-1.000000000000000000e+00
-8.925625485763664102e-01
8.656857949296001831e-01
-1.000000000000000000e+00
-7.303227316925443857e-02
-6.617534696625085866e-01
7.422428018509442671e-01
-6.622942711310262354e-01
-1.000000000000000000e+00
-1.000000000000000000e+00
5.202124810153188061e-01
-9.007486328929146246e-01
-9.989700697309747968e-01
-1.000000000000000000e+00
-9.793326163792338557e-01
-1.000000000000000000e+00
3.818566883046747851e-01
-9.806337015630063325e-01
-1.191128747221512074e-01
-1.000000000000000000e+00
-9.680346941518341852e-01
-9.735296012714028668e-01
-7.268663911357863272e-01
-1.000000000000000000e+00
7.422428018509442671e-01
5.542525562088742586e-01
-2.682255647942551890e-01
-4.983807280498117609e-01
1.000000000000000000e+00
7.365501053142745613e-01
-9.239600564636002433e-01
-7.912237164477877727e-01
1.040409469693873989e-01
1.000000000000000000e+00
9.674863049856504693e-01
3.637191357223492072e-01
2.707227833717156251e-01
5.335701642313837034e-01
1.000000000000000000e+00
-1.993079249546915177e-01
-4.357032737949461665e-01
-8.291640111437269534e-01
-9.455054116837291467e-01
2.181015595274057861e-01
-7.940778352128139428e-01
-9.004117466171822626e-01
-1.000000000000000000e+00
4.080249930440645878e-01
-6.757228747609154151e-01
-1.000000000000000000e+00
1.000000000000000000e+00
7.422428018509442671e-01
3.110940949471675543e-01
-9.198618533121278862e-01
-6.227734263002232540e-01
5.825518458776703934e-01
3.829979498819593431e-01
-9.711941302684418131e-01
-1.312064501945690853e-01
-2.438450160551381418e-01
1.863362978017660820e-01
4.182545087727959077e-01
-1.000000000000000000e+00
9.267697591845216465e-01
9.071752232825930351e-02
-2.215673906392719161e-01
7.232588041183075633e-01
-9.242045273590876464e-01
3.440433412670911850e-01
1.000000000000000000e+00
-6.386733276826135342e-01
1.000000000000000000e+00
-4.916813365777408240e-01
-8.926881107975483953e-01
-1.000000000000000000e+00
6.738725943527004159e-01
-5.871320828927599766e-01
-9.505271932090838538e-01
2.154496784757329308e-01
-2.664183982811685891e-01
2.987412578692426046e-01
-8.188282924065410917e-01
-5.588755430045969641e-01
-1.817640908016283086e-01
-8.611865467507298089e-01
-7.422428018509442671e-01
1.000000000000000000e+00
5.492754942016127018e-01
-1.000000000000000000e+00
1.000000000000000000e+00
-1.697305211999478036e-01
1.000000000000000000e+00
4.015298604881920030e-01
8.202194326599226981e-02
6.940309210431169218e-01
9.711941302684418131e-01
9.904992262745183629e-01
1.000000000000000000e+00
6.518223763726683773e-01
-9.453746422848970932e-01
-9.864239128086661479e-01
-1.679268114005837420e-01
-9.964997258791130630e-01
-1.098717455321230330e-01
8.484518624774212148e-02
2.966704874102019107e-01
1.000000000000000000e+00
9.638567504505108907e-01
5.344434418281128751e-01
1.000000000000000000e+00
-1.000000000000000000e+00
-5.981847080869023836e-01
-1.000000000000000000e+00
-1.000000000000000000e+00
7.147232994525437588e-01
1.755283989182422066e-01
-9.956301570022962899e-01
-3.753544558877197623e-01
1.000000000000000000e+00
-7.786042779870843145e-01
4.149573153907862300e-03
9.801781854978700581e-01
-9.711941302684418131e-01
-9.099310953526340562e-01
1.000000000000000000e+00
-1.000000000000000000e+00
-3.671599230175296436e-01
9.966015026099775964e-01
3.015309908359287694e-01
3.533798642272936719e-01
-1.000000000000000000e+00
1.000000000000000000e+00
1.153504619932871345e-01
8.212735121978504971e-01
1.027847867259495951e-01
5.245625499812278658e-02
-7.887297950850151729e-01
9.637574838312620296e-01
6.471451919818331788e-01
-2.829262044355698169e-01
-1.000000000000000000e+00
4.151489496814553815e-01
1.627227980039142596e-01
1.000000000000000000e+00
8.619872838600622922e-02
-1.000000000000000000e+00
1.000000000000000000e+00
4.589298391008040934e-01
-9.833671053529465800e-01
-1.000000000000000000e+00
9.646045294163507755e-01
1.725161293151661335e-01
1.000000000000000000e+00
2.198577410282027134e-01
-1.000000000000000000e+00
6.712697967449168246e-01
9.188605047680319382e-01
1.000000000000000000e+00
-1.065305379905893135e-01
8.024392630259186143e-01
9.419633793587514070e-01
-9.031816861072256009e-01
-9.725471934363506543e-01
1.000000000000000000e+00
-3.115612672703993447e-01
9.980898189207280113e-01
6.280048662222498246e-01
1.000000000000000000e+00
-2.877090519831649873e-01
-7.218356586440533018e-01
1.000000000000000000e+00
-9.661310595280795388e-01
1.000000000000000000e+00
-1.000000000000000000e+00
-3.993773309334142096e-01
7.331042843946894427e-01
-9.749034370134848082e-01
-1.000000000000000000e+00
-3.652716314004219034e-01
-1.000000000000000000e+00
-8.174495125093317327e-01
-8.106592507365284472e-01
1.000000000000000000e+00
9.808629115287784694e-01
3.697428549779170348e-01
9.771660095228617005e-01
7.710486715825024540e-01
1.000000000000000000e+00
2.224675706339379888e-01
8.274253681347372158e-01
-9.155849882584597976e-01
7.200823894419102755e-01
6.702545337055165753e-01
-9.128774200207501188e-01
-1.000000000000000000e+00
1.897464855753347446e-01
-2.092997597043798619e-01
1.000000000000000000e+00
-5.902284642380717372e-02
-9.070276850479128683e-01
-1.000000000000000000e+00
7.422428018509442671e-01
-1.000000000000000000e+00
5.162751600857993228e-01
-1.000000000000000000e+00
1.000000000000000000e+00
-5.382791789122268744e-01
-1.000000000000000000e+00
-5.931631189015712513e-01
-1.000000000000000000e+00
1.000000000000000000e+00
1.000000000000000000e+00
7.653669607280740861e-01
-1.000000000000000000e+00
8.860701583759175159e-01
1.000000000000000000e+00
6.963131723152820030e-01
1.000000000000000000e+00
-6.215799506449792844e-01
1.000000000000000000e+00
2.788944409232308463e-01
8.357153524093261510e-01
-8.180841967950321925e-01
-1.000000000000000000e+00
1.000000000000000000e+00
-8.405892217371699893e-01
-1.000000000000000000e+00
1.504499628944698797e-01
-2.548869182835119540e-01
-9.226175725093263003e-01
-7.333951556767788205e-01
8.473261668152072268e-01
-9.265245213286322779e-01
8.358196299505178395e-01
-1.000000000000000000e+00
1.654706287747976790e-01
-6.435628233093448891e-01
9.865732783680498663e-01
-9.241242652167841465e-01
-9.711941302684418131e-01
-1.000000000000000000e+00
-1.624236374758907531e-01
-5.010293587952773242e-01
-9.810164856568226455e-01
9.630008552559150559e-01
3.885551635367101575e-01
6.386883614366405393e-01
-1.000000000000000000e+00
