-4.674912190568103476e-01
1.000000000000000000e+00
4.493579601138174007e-01
5.130496345456030394e-01
-5.409559475573949561e-01
-5.023540928107017578e-02
-2.131348428891122193e-01
1.743421940777763190e-02
-7.177348450086118437e-02
3.186795255603582788e-01
-8.859696780194380450e-01
-3.042381551482455926e-01
-9.087683221034696945e-01
6.851283144972516448e-01
5.023540928107017578e-02
8.362405611241746639e-01
4.616197464131092110e-01
3.942236041358036513e-01
-2.828687239644053220e-01
9.622425509533394372e-01
-1.000000000000000000e+00
-9.574863172583076842e-01
2.068425170451281270e-01
-3.059252012968350920e-01
-9.805320276213473907e-01
-1.000000000000000000e+00
-7.378121150549098450e-01
-3.083864148395149551e-01
-1.000000000000000000e+00
-9.801426565633705179e-01
-1.331034137698614284e-01
-9.901476326127389704e-01
-9.962804595492138482e-01
-1.055009162920883536e-01
-9.433136697069267607e-01
2.928472811023976469e-02
-7.629304847541994450e-01
-8.404439166285792018e-01
-1.000000000000000000e+00
-1.000000000000000000e+00
-8.758389940270354668e-01
-1.694538371853082648e-01
5.841657542864486796e-01
-3.793352205815882505e-01
8.748771465312219497e-01
1.000000000000000000e+00
1.240894217584531806e-01
-9.494646261928527675e-01
-6.838890210388633983e-01
5.151802062221647605e-01
1.515173793264839863e-01
9.845003666513035823e-01
1.000000000000000000e+00
1.000000000000000000e+00
2.418845719864540778e-01
5.023540928107017578e-02
-9.844791639733487809e-01
-4.895291197194690525e-01
-1.213991829312302123e-01
-9.724250692858600331e-01
5.023540928107017578e-02
-6.568153405603637252e-01
-4.596084183410015789e-01
1.878172137904015604e-01
7.197806207643605569e-01
-8.002741489343622172e-01
-1.681235675868829604e-01
-1.000000000000000000e+00
-1.000000000000000000e+00
1.000000000000000000e+00
-8.177933935316433756e-01
-1.000000000000000000e+00
8.722667797556702407e-01
1.000000000000000000e+00
-6.443068609847166783e-01
-5.858366306335361928e-01
5.459083371029944676e-01
5.133897478426331373e-01
7.235682882960370321e-01
-5.252617937437114026e-01
8.331140639675354009e-01
2.213164153750994401e-01
3.590232587285184795e-01
6.892813948490233988e-01
-5.917675317924169232e-01
1.000000000000000000e+00
1.000000000000000000e+00
-1.000000000000000000e+00
-8.025573088577626635e-01
7.327536753005614578e-02
-9.525004932049926376e-01
-3.011175345409915494e-01
6.932686099657946466e-01
-8.302059250450183336e-02
-6.708414306904985080e-01
6.293032546649153236e-01
-6.396129364222210567e-01
1.000000000000000000e+00
-6.724106957052732314e-01
5.023540928107017578e-02
-4.749427062650424802e-01
8.510903682855577856e-02
-1.000000000000000000e+00
-1.966199121381600468e-01
4.993656503562749482e-01
-1.000000000000000000e+00
-3.329837451726356257e-01
-1.461303280482686429e-01
9.711829795174817814e-01
7.901916688354843066e-02
-6.048579100322322155e-01
-1.000000000000000000e+00
-1.732874305600188847e-01
1.000000000000000000e+00
4.136729157380316102e-01
6.374452800717763656e-01
-1.000000000000000000e+00
-9.081631743862549344e-01
-1.000000000000000000e+00
-9.159118082302791786e-01
-5.509584976097301467e-01
5.668398821115391284e-01
1.000000000000000000e+00
-1.000000000000000000e+00
4.586368548613791729e-01
-1.000000000000000000e+00
5.023540928107017578e-02
-9.926485575224656133e-01
9.218421216235122007e-01
7.626840822553438981e-01
-1.000000000000000000e+00
3.580100302835989567e-02
-1.245252537942674598e-01
1.000000000000000000e+00
5.774389145142775348e-01
-5.023540928107017578e-02
-4.140800264334050240e-01
-2.046436777194071965e-01
8.110441640990694312e-01
1.000000000000000000e+00
-9.996405912220105439e-01
1.000000000000000000e+00
-1.000000000000000000e+00
-6.990723990898124462e-01
1.000000000000000000e+00
5.509915894756480803e-01
6.489337642220840419e-01
-1.000000000000000000e+00
-8.614362311260820304e-01
-1.994647539182411999e-01
8.299795419955233733e-01
-2.812578243648983234e-01
1.000000000000000000e+00
-4.088238863518459110e-01
9.988855123757035548e-01
1.000000000000000000e+00
8.390593053834993764e-02
-5.656011852830056252e-01
-4.669189856820848972e-01
3.583633786172861213e-01
-7.824024490143118848e-01
2.879337145351510974e-01
-6.376157816390826127e-01
-1.000000000000000000e+00
-5.087054387204773542e-01
-4.401959852458061651e-01
-1.841145073972492163e-01
-6.345157424578573568e-02
7.889052782197287783e-01
-6.758795308687339798e-01
1.000000000000000000e+00
6.131134556570851935e-01
8.436440540447674996e-01
9.755466971865148773e-01
6.693522272863063893e-01
-2.842380289727924891e-01
-2.221121355872001935e-01
-2.457121631823973029e-01
-2.835975265020311831e-01
2.728077015672595307e-01
6.160598346869528008e-02
-8.497864650987807522e-01
9.566945317908213120e-01
1.000000000000000000e+00
1.534055481615792527e-02
-6.941026747020631049e-01
-1.000000000000000000e+00
-3.633602898717414043e-02
-6.182474569502547368e-01
5.567120160119410910e-01
-1.000000000000000000e+00
-2.298536367509642075e-01
8.727678988071166932e-01
-1.000000000000000000e+00
-5.588672672915091511e-01
-6.433669819235634524e-01
-5.214039424959575619e-01
5.937310160505700901e-02
-8.498483802008495180e-01
4.148768957065140928e-01
1.933583033214394953e-01
-1.000000000000000000e+00
4.115242414644684210e-01
5.023540928107017578e-02
7.299448656517061318e-01
-4.172363640264420415e-01
2.573855640605283712e-01
-6.721430123854132965e-02
-6.430775433931537055e-01
5.387231089979966914e-01
-7.768896428678879751e-01
-1.000000000000000000e+00
1.502719405231943695e-01
4.434998594643414505e-01
9.026438785363577466e-02
-8.844129318683235930e-01
-9.199564622977648432e-01
-3.883614864082236551e-01
8.830813636485831397e-01
-1.000000000000000000e+00
1.000000000000000000e+00
-1.000000000000000000e+00
-5.609117987509312231e-01
-7.798926442177334106e-01
-1.000000000000000000e+00
-5.509325859972347139e-02
-1.000000000000000000e+00
1.000000000000000000e+00
4.835903975400493437e-01
9.509565182385049109e-01
1.896717781201820996e-01
6.424821950833838891e-01
9.720168350831135395e-01
-8.349034237605623687e-01
6.928413041271892503e-01
8.158802733743957258e-01
1.000000000000000000e+00
1.482027560318767978e-01
-1.285516941989006678e-01
-5.430301868978755220e-01
-9.874688776883139285e-01
7.779301374496929711e-01
-6.919674732950562568e-01
4.616197464131092110e-01
2.311424155423094928e-01
-1.000000000000000000e+00
-8.804551158472684325e-01
-6.725230847523715472e-01
6.772547491587177504e-03
1.151319320175415856e-01
3.526083684168344057e-01
4.200782449399265150e-01
-5.069778667803040983e-01
-4.644700363794236342e-01
1.000000000000000000e+00
-1.000000000000000000e+00
-1.000000000000000000e+00
-1.000000000000000000e+00
4.680917622285329371e-01
-6.088696033748504099e-01
-1.000000000000000000e+00
3.984448378072953378e-01
7.091361885894877926e-01
1.000000000000000000e+00
-4.113268501152684831e-01
