1.000000000000000000e+00
-2.972211144676784045e-02
-1.847567230350701806e-01
-1.000000000000000000e+00
-9.486752533917628405e-01
7.003531573357305584e-01
-5.452483296406029911e-01
2.034247323387424755e-01
4.145775416025520022e-01
5.849485681225877753e-01
8.658546874475721022e-01
1.000000000000000000e+00
-1.000000000000000000e+00
-9.137408772112736166e-01
7.309747653927511912e-01
-2.821363125730945165e-01
-1.000000000000000000e+00
-3.693195243402216388e-01
-1.958007330555299186e-01
-1.000000000000000000e+00
5.374967041003064772e-02
-4.796313212552997252e-01
6.473471391176913725e-01
5.152230529119943281e-01
-1.000000000000000000e+00
-1.000000000000000000e+00
4.628722539561869187e-02
-1.000000000000000000e+00
-7.685334828794889717e-01
1.424628980112272458e-01
-2.246799189404415920e-01
1.000000000000000000e+00
3.953027535892850164e-01
1.000000000000000000e+00
-2.082453572763259264e-01
-8.393008561221584340e-01
1.484287621893408959e-01
-1.000000000000000000e+00
2.849292257936166806e-01
4.998723765177053302e-01
-8.572168527470124255e-01
4.264677293247377543e-01
-1.000000000000000000e+00
5.913627041955427099e-01
3.071203798930719486e-01
1.486148943524782662e-01
-9.931473275938386136e-01
5.672172923471250350e-01
9.988284996812281102e-01
1.858762793254836732e-01
-3.549466084047510073e-01
9.716790678225322164e-01
-8.028600562305427957e-01
-5.004808253413572938e-01
-8.261257889673847554e-01
-6.864084972290582787e-01
8.156344087109743679e-01
-1.000000000000000000e+00
2.071753567487986392e-01
-9.869425411193938347e-01
6.773616541105409450e-01
6.561067918002129185e-01
-4.451149381144258177e-01
2.271015966376149497e-01
-9.784292047281076821e-01
3.386569325779038575e-01
-1.000000000000000000e+00
-3.799570912644179010e-02
-5.180488337757347406e-01
2.705326360265027930e-01
8.352781264252046034e-01
-9.810255520414525865e-01
1.000535995887686935e-01
7.314031520861495883e-01
1.311486645031871845e-01
1.953564778790357892e-01
-6.230022409715677556e-01
-8.092226435916448635e-01
5.836057469216724414e-01
-3.694924858270633994e-01
4.631096333857407377e-01
-1.000000000000000000e+00
6.891004517046404043e-01
1.000000000000000000e+00
-1.354649723568729369e-02
3.866349389475553511e-01
5.572052640892913300e-02
4.243652640081523320e-01
7.212148317885729298e-01
1.000000000000000000e+00
1.000000000000000000e+00
-7.826806766037377461e-01
5.725480083029412803e-01
1.762608333290761331e-01
3.520219721439403759e-01
-5.783514749832545654e-01
9.111784751290522566e-01
1.000000000000000000e+00
7.905521160398203406e-01
1.000000000000000000e+00
1.636538809927470528e-01
-1.000000000000000000e+00
-5.408148964494161604e-01
-6.732902448099740145e-01
-1.428373913062979672e-01
3.462490748579623023e-01
9.625695674732357432e-01
-4.089205656475927153e-01
-9.073647167586964546e-01
6.524038226943570384e-01
-4.105859075374757583e-01
5.624233101999619455e-01
3.534785381400109561e-01
-6.710768596239097272e-01
-1.530952570892302189e-01
3.291950184013650582e-02
-8.671662469827545738e-01
7.591148998018071303e-01
-1.000000000000000000e+00
-4.376601871856377612e-01
4.954920078724058818e-01
6.966203538507151904e-01
5.866399643739587111e-01
9.827785712578199773e-01
7.925456200946943142e-01
1.000000000000000000e+00
-9.962820563272843932e-01
8.012349395818491038e-01
5.311908643772385030e-01
2.232127237422409094e-01
3.549289247819665261e-01
-1.000000000000000000e+00
-6.158060709998682825e-01
-6.979097904120001861e-01
8.303713151272795745e-01
3.817989962672807547e-01
1.000000000000000000e+00
-1.222518308435510681e-01
-1.000000000000000000e+00
1.438009544652978366e-01
-8.608419305270833544e-01
9.706510234120471203e-01
8.829126066774689585e-01
-1.199156938568021608e-01
-4.578395012612529458e-01
5.537568096789347027e-01
6.621650536132008824e-01
1.000000000000000000e+00
-2.978229899887525622e-01
-1.123026996115710219e-01
-6.061323761533263799e-01
-3.568226583420797127e-02
5.304368193231198680e-02
-8.265527543462537485e-01
-8.521727675288542914e-01
2.204272695733711651e-01
5.526397040816132256e-01
-9.360381987438792795e-02
-8.750710196003641528e-02
-1.000000000000000000e+00
-9.891376487865211065e-01
1.000000000000000000e+00
7.683723807436037001e-01
-1.206105433862734722e-01
1.000000000000000000e+00
7.905521160398203406e-01
-1.298194578835109858e-01
-8.244618077461547401e-01
1.399005905372437963e-01
-5.166541886370750181e-01
-9.930573480764579575e-01
-8.066145081919182669e-01
-1.000000000000000000e+00
1.000000000000000000e+00
9.448535606644139495e-01
5.210041936358722481e-01
9.202304047541876031e-02
-6.469086089118605276e-01
-6.131184553151006744e-01
-5.612939204261101489e-01
-8.128358735485156084e-01
6.908808525039071835e-01
-7.645299941099223950e-01
-4.499566621104957309e-01
7.913828108299952868e-01
-9.959760541765214081e-02
-6.160719418230764521e-03
-2.461398854225549382e-01
1.599738575717467581e-01
-9.846605585665167970e-01
-2.407896448718014337e-01
4.296808347665589389e-01
-9.237636845141523612e-01
-8.449161552173301004e-01
-8.026519189362508744e-01
4.759186969684976454e-01
6.002482412261164191e-01
8.544414935603311667e-01
4.725610476626615486e-01
3.110836823507668880e-01
1.979428158130372983e-01
5.589795775718875426e-01
-3.097891813444356712e-01
-2.046179295190974634e-01
7.668101139863829907e-01
-2.610549416163441827e-01
-4.328336742376365232e-01
5.918512453065811751e-01
2.536497526231317190e-01
-7.608658718281346989e-02
-4.163335115637182282e-01
7.199348926189085007e-02
5.001147626082634856e-01
7.646522930103853977e-01
5.541160755263759841e-01
7.881639099591508657e-02
-7.167696830649781248e-01
-4.523830734152312072e-01
-6.330288215314092692e-01
9.228480549880331285e-01
-1.000000000000000000e+00
5.593848937149120681e-01
8.553837116680014230e-01
-2.756330274295411553e-01
-6.503559686004386498e-01
1.868703339978653455e-01
-9.971470734406816527e-01
3.546156580206460962e-01
6.948706981173682351e-01
-9.309400978213200339e-02
-1.000000000000000000e+00
4.341733037194412947e-01
-1.000000000000000000e+00
-2.351047211052667008e-01
3.494756048073676125e-01
-2.083906666369497174e-01
5.854818009573977688e-01
-2.507845814845840460e-01
1.045296287350954700e-01
-3.913507463459412472e-01
3.632223848138255717e-01
4.983964312777328654e-01
-1.419905173227486994e-01
-1.000000000000000000e+00
6.290257377425416685e-01
5.191340338737022719e-01
-5.208899890808430522e-01
2.859487458983464014e-01
6.915902762697263562e-01
9.980203658719265514e-01
1.514695007050357312e-01
-6.606743605974019218e-02
1.766576997089010781e-01
7.476314213013726118e-01
-7.733118067829023445e-01
-3.079988302676097134e-01
-9.203452898022266293e-01
9.940082795919291669e-02
1.000000000000000000e+00
4.617182930084533510e-01
6.735887696487659060e-01
-1.963984466271001539e-01
3.482878361858854355e-02
1.848008902307405055e-01
2.039177559547110941e-01
