6.768899086752198091e-01
-3.188528785292752410e-01
-4.423454636873731527e-01
-5.140931068605261167e-01
-3.658242283021247987e-01
-2.471616800002600645e-01
6.776564080197489126e-01
6.224619939743658570e-02
-8.775710754114700307e-02
-5.290414800310121457e-01
-9.748494947740624639e-01
-1.000000000000000000e+00
-8.461130326389254552e-02
7.461198877493647741e-01
5.337311522285178578e-01
-3.431188901260228685e-01
1.000000000000000000e+00
-1.513371816607799736e-01
-3.418435360823031677e-01
2.585728926593314214e-01
4.709228681117660908e-01
1.530112606426010102e-01
-7.237173664748661750e-01
9.895167107881424062e-01
5.420159828406088121e-01
-8.522417542935325496e-01
3.973266807572342629e-01
-7.327809842118114814e-01
-9.690749938261306040e-01
4.726089699250175524e-01
-9.941870960561138837e-01
1.689547022493642636e-02
1.000000000000000000e+00
-7.300812721720464360e-01
-7.102955390831853233e-01
4.214384967385550462e-01
-1.990360452022224003e-01
5.050192732310669896e-01
7.062012163182119773e-01
-1.944505825291420464e-01
5.963488613544718486e-01
-1.419388326724271288e-01
7.501762044959874309e-01
-3.471274716271934291e-01
3.753128631223491829e-01
3.656325552073791951e-01
-4.558476742202351994e-01
7.230566263891358147e-01
2.722557428524050582e-01
4.357009715298983954e-01
-5.830788600762371043e-02
1.419174489497402325e-01
1.669397009273931864e-01
7.826747141046422884e-01
-4.130814157736219516e-01
1.676161237619910871e-02
2.478930656315412873e-01
-8.080506170763850360e-01
2.737714255321693768e-01
-7.295869827680241393e-01
2.703918995597930364e-01
8.299457796374006824e-01
-4.966379248762881060e-02
-2.371116110991777215e-01
-6.436715576948537354e-01
4.818413118075036139e-01
1.000000000000000000e+00
-5.190367992526110363e-01
-3.425486636553579656e-01
4.618539127104285824e-01
-9.743059286315469691e-01
-5.579845044088573847e-01
-3.773945657490701544e-02
6.164950205693202623e-01
-1.057910624202651473e-01
8.393669979749494026e-01
3.330655914555415986e-01
6.098895344713500810e-01
-4.064605209421771059e-01
4.875185549719839306e-01
4.462011249560781656e-01
1.000000000000000000e+00
-2.454595694924252280e-01
-6.100509991351479311e-01
1.158000636308410825e-01
5.544036531815093038e-01
1.191518703584059230e-01
6.755184874798276784e-01
8.558048901918372531e-01
-1.266110779205109615e-01
-1.000000000000000000e+00
-5.201403049032785747e-02
1.527583811908572731e-01
4.650761198810904884e-01
-1.888785426752790930e-01
-1.965264481906814353e-03
7.673707749955448187e-02
8.138221737745101603e-01
-2.162973760783659660e-01
3.881040158770503457e-01
7.282422833763104730e-01
-3.055653139085906522e-01
-6.901541449802608419e-01
-2.829469260687207388e-01
1.773977409189693155e-01
-8.816768198599878037e-02
-5.926864066763265493e-02
-4.520877782982467563e-01
1.178976434476795981e-01
2.272408277222187079e-01
-7.768891134863765702e-01
8.771698349679361018e-01
5.529703021315048872e-01
7.427010403881894041e-01
-1.870644532775651014e-01
-9.290902108748123611e-01
-1.757415276838256990e-01
-3.551344679541453830e-01
3.460503218679906734e-01
-8.319784175929277881e-01
4.124919495151518900e-01
2.696996687831255679e-01
2.609228624017652098e-01
-6.161445857184321140e-01
-3.938816338396038952e-01
-7.119121072776396497e-01
1.000000000000000000e+00
8.253139118483339143e-01
-7.957856831778491458e-01
1.000000000000000000e+00
-8.110405431266901610e-01
6.559105826787053894e-01
7.986250556709779680e-01
-1.605522962214536442e-01
-5.024486704333539500e-01
-4.160381039654863500e-01
7.546466267193236988e-01
-7.014633609618284860e-01
-3.134431842139359103e-01
-4.481217329642098179e-01
1.866776182552160879e-01
7.077096080049127824e-01
-5.215967229866229626e-01
7.235770878502159054e-01
-4.100815545858194078e-01
8.320317385212189221e-03
8.744389534774834605e-01
-6.487649887391314096e-02
-1.000000000000000000e+00
-5.392882471526304622e-01
-2.860485061277953101e-01
1.507530070059924232e-01
-9.118017889564727918e-01
-1.851151150184110472e-02
5.621518883722310678e-01
-2.622646725461508233e-02
-2.063166501092686955e-01
-1.545584860008371586e-01
6.235487971411034502e-01
-2.451982140985966563e-01
2.332731597511882027e-01
5.681106663245221178e-01
1.000000000000000000e+00
8.370076426550279169e-01
-5.427424075275244508e-01
8.138355990785650640e-02
1.000000000000000000e+00
7.537030856623107011e-01
-4.334805344058610954e-01
5.712053951966832299e-01
-5.540696519431083100e-01
9.873381137776348071e-01
-1.000000000000000000e+00
9.689434588788367053e-01
-7.270474107405417996e-01
-1.000000000000000000e+00
-1.138016584673161580e-01
-1.653479065585328200e-02
-5.642207723248064966e-01
3.767162413874899918e-01
9.603392415726480502e-01
-1.801113144507288100e-01
-3.517995508955246153e-01
-4.798169734473633485e-01
-9.372372466072820263e-02
-8.746230335682556589e-01
-1.000000000000000000e+00
-2.491617705278274808e-01
-5.758424807418602853e-01
-3.644919948561776701e-01
4.613513204396686995e-01
-1.000000000000000000e+00
-1.000000000000000000e+00
5.585507522139587788e-01
-4.500573175742492715e-01
-2.859935469792028728e-01
1.000000000000000000e+00
1.000000000000000000e+00
-9.089521085133591694e-01
-4.315869197279135761e-01
-9.383332353924399294e-02
8.007635421606680293e-01
6.450119480744143097e-02
1.035950201740708371e-01
-3.663918799434167095e-01
6.832344368401924162e-03
4.918534025593813697e-01
6.215093202886486923e-01
-1.432365967378781690e-01
-5.590826158768206211e-01
-4.214832706692684949e-01
3.076017144660156966e-01
7.068369281593038789e-01
5.598295422835511959e-01
6.569632034331994719e-01
5.950925812695511130e-01
-1.778230014413584303e-01
-9.638854271193286749e-01
4.995402592504090689e-01
-1.000000000000000000e+00
-5.668690036065733295e-01
3.924621109516202022e-02
2.094913762308796557e-01
3.234885553238701639e-01
6.163700267145530987e-01
-1.661474537128373452e-01
4.883819020934829780e-01
-1.000000000000000000e+00
-6.663376657734518815e-01
1.000000000000000000e+00
-8.166418048237821248e-01
7.415794806409006235e-01
9.492781191353166781e-01
9.323990896379139581e-01
-1.000000000000000000e+00
-4.235937963699474285e-01
4.761974443080137509e-01
1.857725140572455691e-01
-3.938369308492449816e-01
-8.582006691154074607e-02
-1.191261193290875653e-01
-8.438488521801026376e-01
-1.000000000000000000e+00
-1.000000000000000000e+00
8.032978596999281740e-01
9.251431282122496436e-01
9.015366953983087184e-01
2.954951405108249274e-01
9.836039418861100003e-01
8.715240832531360171e-01
-6.406366807038715860e-01
-8.091502882641865568e-02
2.789826494370494792e-01
-5.784541238507048266e-01
6.191350437899069137e-01
-1.516594639798048427e-01
1.646004706257579719e-01
-8.797605064060887159e-01
-7.944794802380704679e-01
-4.967389737937143446e-01
6.874798307586499346e-01
7.979797731748389245e-01
-8.849158170048689875e-01
-4.644437244051560776e-01
-1.000000000000000000e+00
