3.931727697127542220e-01
-9.803198098965520968e-01
-5.050084704404597113e-01
1.880863679212997353e-01
-9.944560972485392281e-01
-2.598444194719666256e-01
-6.471370938574274589e-01
6.148958724999555037e-02
6.643825961310793893e-02
-4.508463336770871521e-01
-3.989958289347200759e-03
1.798208252230692472e-01
-1.957934071719781288e-01
-8.418574399956013643e-01
-5.961319661389306024e-01
1.893481099935445944e-01
1.738740412362353438e-01
6.156667725528910395e-01
3.084058376320320538e-01
-8.187154350631465904e-01
-8.883340151805713125e-01
7.464560162213711436e-01
2.986922893986556082e-01
-4.420072615198666899e-01
-5.576109243877445110e-01
-9.000531486237274281e-01
1.128798147604378466e-01
3.877475203587451014e-01
7.431012349252036353e-01
-8.968541782150591946e-01
9.424897538058709667e-01
-1.000000000000000000e+00
7.809235172805553127e-01
-1.000000000000000000e+00
2.579536021545177360e-01
3.823432947702669060e-01
2.890655639458403758e-01
-4.241962704926230954e-01
-2.989866680040875191e-01
4.932082720094483896e-01
1.000000000000000000e+00
-1.646506414663929940e-01
-1.203843466137306528e-01
4.193055565107175475e-01
-5.690263504055553812e-01
-1.000000000000000000e+00
2.897523933867665047e-01
-8.904312190191129850e-02
-5.261288270485972030e-01
-7.059682289258959464e-01
1.924827762084321547e-01
4.750554238366794246e-01
2.079138325664232345e-01
5.339062047760324559e-01
-5.881153913286946144e-01
-3.976151794593116851e-01
4.320169527858613301e-01
-1.834937405403754551e-01
-1.391515554955414791e-01
1.498377170841246747e-02
2.266811703998800054e-01
-1.436668926027920568e-01
-3.805354653028680811e-01
-1.000000000000000000e+00
-4.593656797925126933e-01
-5.925661152517379682e-01
7.310218368763067298e-01
6.632145291179405433e-01
7.914407542625652159e-01
3.885968026064857694e-01
1.000000000000000000e+00
-6.673264821962303639e-01
2.803981486139053847e-01
8.106505442205413914e-02
-8.425154525606928235e-01
4.497713109607058835e-01
-1.000000000000000000e+00
-8.662809559951185623e-01
1.000000000000000000e+00
1.000000000000000000e+00
2.146800038604640415e-01
-5.969623403185724264e-01
1.000000000000000000e+00
6.758688419307056217e-01
1.000000000000000000e+00
-2.975272401245430132e-01
1.202081088875840836e-01
-1.000000000000000000e+00
-3.043109005956914359e-01
2.335465717847030886e-01
-1.640280983958909977e-01
9.217626673026877437e-01
-9.224989800683858210e-01
1.899611261912341753e-01
-1.000000000000000000e+00
-2.812377192954781946e-01
-9.722171095835960841e-01
-9.782254653437623126e-01
-7.751904914003309166e-01
-9.950427076371910484e-01
-7.924561016275086245e-02
3.488306363103593766e-02
-9.999437794742419561e-01
6.870708919901703515e-01
5.794299452593903998e-01
3.977434070041859782e-01
-6.013756894010643950e-02
-4.084013662691798885e-01
-9.425493621871179339e-01
-6.293924867515910959e-01
-2.911052036120664877e-01
2.892730017814436616e-01
-2.441237049680407001e-01
5.341180057121809321e-01
-2.574506580894381780e-01
-8.990333744098640834e-01
3.040481054916849835e-01
-9.190629521204862762e-01
3.156268234180561461e-01
-4.618913906302438144e-01
4.470251990130492681e-01
2.685201447305016753e-01
4.302803549409325301e-01
-8.657617398772573525e-01
-4.123693545051640985e-01
3.830635590666453538e-01
5.038358747562416973e-01
-7.651010945761917981e-01
5.421994522354331991e-01
5.362001714195425706e-01
-7.823784378849080179e-01
8.638328501148785366e-01
-9.279971933482958346e-02
-3.951511542132680188e-01
2.948638652856158671e-01
-7.638779580641058553e-01
6.634919421192023714e-01
-6.269451457219903379e-01
-3.839503381143469229e-01
5.540441307072838661e-01
2.636375940626548564e-01
-1.173091298875549859e-01
-6.843459449161177766e-01
-5.548160268550461627e-01
2.747867311112662803e-01
1.000000000000000000e+00
-2.991891788817613862e-01
-1.000000000000000000e+00
5.990238184351144302e-01
-5.618254044275369785e-02
-4.338889706488785469e-01
-8.034302421713496178e-01
-2.988753660007361090e-01
8.053790282751659424e-01
-5.255772648218859366e-01
-4.583565227788636287e-01
-7.467285982892180041e-01
2.298975080613316901e-01
5.754794303928395527e-01
3.196904083248467421e-01
4.338646348593402924e-02
1.000000000000000000e+00
-7.580873638045964036e-01
7.275475345877024935e-02
4.349111376735028678e-01
-7.390758289125358704e-01
6.220893479647209290e-01
7.612682009718243492e-01
-1.000000000000000000e+00
-6.530099849918413746e-02
7.183137145057227890e-01
1.000000000000000000e+00
-3.478567508275118292e-01
-2.385279558278907974e-01
-5.276295996650847142e-01
-9.157344483265561497e-01
5.209574249527559875e-01
2.492214265369966375e-01
9.035929075684381306e-01
4.947062156830507318e-01
-2.141742673781197870e-01
-1.971471140079890660e-01
3.593290546490474635e-01
-3.832112382999335320e-01
8.885348432353637471e-02
-1.899622683050881666e-01
-1.777296940869110831e-02
2.960766628290378288e-01
-9.893430774090392066e-02
6.861845787044764666e-01
2.933043725035001659e-01
6.031050632603711659e-01
-6.820972900131621053e-01
2.566075062424037490e-01
3.448398929537442315e-01
-9.354227542283811980e-02
1.581224484647527628e-01
3.342976774113581850e-02
1.245316954338189369e-01
3.369255126605099626e-01
3.436811379412125778e-01
7.828087474320062356e-01
-2.260691413550694473e-02
9.749364509137965484e-01
1.448086704322123497e-01
-8.978380629389420831e-01
1.796708712179126421e-01
3.789470869691932697e-01
1.986679436520823738e-01
2.635340340938417958e-01
-8.228475840156157517e-02
2.484126424513933562e-01
-4.985917735549805774e-01
8.018265756733363725e-01
9.428260879698693309e-01
9.831824084432658761e-01
5.479798914774822727e-01
1.743704342569049048e-01
-4.392158242300628346e-01
3.618189951732314058e-01
-8.807523693481755789e-01
1.066520656598093919e-01
3.687173102496744681e-01
9.111928397361000742e-02
6.397125919389885507e-01
-7.706481810960220946e-02
-1.290891381446478137e-01
-5.759428590355359923e-01
-6.053286235470967114e-01
8.303462670364478715e-01
-4.633908831514039761e-01
5.663487027096199000e-01
3.397315450696213324e-01
-4.718971408126283462e-01
8.175459308088055543e-01
-3.525963730287628994e-01
-3.680286656443779170e-01
-7.983615716138101615e-01
-2.242354737702255407e-02
5.905692363285740543e-01
-4.132165403270487980e-01
7.634133215509919523e-01
5.240762835900747429e-01
-9.920212823862217810e-01
6.998938170861561670e-01
-6.231909158339254962e-02
5.780753073181167379e-01
-9.167974982045930255e-02
9.864785249008814483e-02
7.001994814263912126e-01
-4.773119201007886003e-01
8.875164156399948379e-01
-2.089082324460517226e-01
2.287250193329469217e-01
2.323978174619341086e-01
-4.258096407119560389e-01
8.151312998966055989e-01
8.495144989436873573e-01
-6.595311257301696983e-01
9.289757042495573325e-01
8.101798553658160484e-01
2.641106750372831380e-01
4.566461584834176080e-01
4.855612950658388938e-01
3.050183419327904821e-01
