3.695556957203032789e-01
-8.095556138653031697e-01
-5.344285051132702247e-01
-4.473098314363185279e-01
-6.779829693599492835e-01
-1.575114043407456199e-01
-4.668419536266081304e-01
-9.708809531714807095e-01
1.177399463408742575e-01
-7.110341675583137233e-03
-4.201215648368555877e-01
-6.503937075226273734e-02
-6.002256125628024908e-01
-8.698263212446037951e-01
-7.036966012472050114e-01
5.196434352054971617e-01
1.213257310360198321e-01
-3.155214781472140961e-01
5.974537499662810336e-02
-1.000000000000000000e+00
-8.193967096750253143e-01
7.584314968360448272e-01
-7.661992477162318238e-01
-3.615586744194664304e-01
-6.485004928860296225e-01
-7.420044259683648002e-01
-6.354402845557370894e-01
1.703186257305888684e-01
1.000000000000000000e+00
3.267631358552446352e-01
5.514705483805236730e-01
-4.234609151611017919e-01
8.786684269641523715e-01
-8.196116584511807801e-01
7.546058787507525789e-01
9.717315647126307798e-01
2.923356239888809660e-01
-3.193954572609394305e-01
-6.616052149508448998e-01
-2.452904639769005746e-01
1.000000000000000000e+00
-5.635739385074312047e-01
-2.174201933711972928e-03
-3.126011591154218006e-02
1.000000000000000000e+00
-4.665554312368440648e-01
-6.638394578692478065e-01
3.128894300284272290e-01
-9.299275825393944483e-01
-7.156184353008898658e-01
2.337298449884750440e-01
7.411132904092051499e-01
-1.768425675205295144e-01
-1.767021643715976920e-01
-6.796468772132230329e-01
-1.722355304768050654e-01
3.155776908175998985e-01
2.438575073140215599e-01
5.655846439044682761e-01
7.727737264622357438e-01
1.000000000000000000e+00
5.151122499994590376e-01
8.664395915838539741e-01
-5.720137135529730354e-01
7.706063100418807377e-01
-4.850179489613160033e-02
-2.443556207686754522e-01
3.124601410053975403e-01
-4.140653181240174230e-01
-8.377377648660491172e-01
4.011900576474742852e-01
-5.046783608551617117e-01
-5.714329513658162885e-01
2.562967910877113620e-01
4.778690740017443872e-01
-6.178028306728671204e-01
-6.916678939621582201e-01
-4.862673825467445088e-01
8.034838998374393970e-01
7.807478599685309106e-01
7.077093474172402310e-03
-9.146222447255449861e-01
-4.024485565929121766e-01
1.978361107732788948e-01
7.300503233688997451e-01
-4.358655729338998253e-01
-3.347981741260049326e-01
8.639817520445502996e-02
-5.201110641458175365e-01
4.760544198189490261e-01
-3.642521774004943147e-01
1.079364631715397371e-02
1.929489471051890059e-01
5.965006938414185722e-01
-1.000000000000000000e+00
3.946511110293278168e-01
7.638115589826093010e-02
-6.987567367182657696e-01
-8.607712419297585127e-01
-6.536145647591820040e-01
5.707789614094802566e-01
-1.000000000000000000e+00
1.835884593585333513e-01
-3.394197084193488756e-01
5.692322434667067554e-01
6.065928632389893105e-01
3.517133217515766574e-01
-5.959982781572276123e-01
-2.036384841435762150e-01
-5.192217033664128234e-01
3.104334519582410135e-01
3.417214341109286457e-01
3.716410815901960429e-02
7.101786827647629252e-01
-1.000000000000000000e+00
-8.374208722101359470e-01
6.158844857439127463e-01
-5.870600265175076604e-01
6.599810565653938532e-01
4.121280267687325027e-01
1.000000000000000000e+00
1.000000000000000000e+00
2.610491028276964998e-01
-8.280959776587299981e-01
-7.851682765573470002e-01
5.242720386123504994e-01
-1.241177685506749673e-01
-4.611866044575165802e-01
6.664856910760861286e-01
3.760713498933233589e-01
7.944142937711977659e-01
6.502841678992805630e-01
7.400336775857062621e-01
1.000000000000000000e+00
-3.065754477917650989e-02
-8.951018497927222262e-01
3.786017340554579391e-01
-5.231157124446211837e-01
-9.422881140663948996e-01
-3.936324636553243383e-01
-8.986474448076464672e-02
4.026617526367526345e-01
-5.385644660471443357e-03
-3.929153253549523828e-01
-5.196498258654622671e-01
2.036029847433284412e-01
1.000000000000000000e+00
-4.864481717717920040e-01
1.698820412203302099e-01
-6.302652433520692377e-01
-4.132849536472555929e-01
-5.273462778580928489e-01
-3.507746941636190607e-01
1.924253795263809741e-01
2.342101342521612228e-01
3.063073911328894616e-01
-5.819929485291411853e-01
-6.055176253031783196e-01
4.748351499646314422e-01
-5.259718565038982163e-01
-1.884701946522001070e-01
-2.097008678690333305e-02
-6.840160187241703937e-01
4.376189983333875211e-01
-9.336949190617058747e-01
-4.860337300322320475e-01
-8.474572306023695489e-01
1.130012250178298594e-01
-3.724400630390284350e-01
-7.793516185146714959e-01
4.773137572074764301e-01
6.444507467131882494e-01
-3.191267110741296542e-01
7.846324059080216351e-01
-7.285194800099494827e-01
-4.374639300933130803e-02
-1.366452296331941707e-01
8.749085378167160698e-01
8.911233120185410583e-02
9.046461572158893960e-02
-1.300474132377340553e-01
8.893344510659842994e-01
4.694877159009309686e-01
-4.945032898355322670e-03
-6.389958487619715743e-01
-3.034057741427867438e-01
-3.377812488263224888e-01
8.352463057026158211e-01
-3.809208886170704633e-01
9.470986161994254804e-01
6.954468608325319323e-01
7.292940309863426007e-01
-6.069086220445467639e-01
9.786161501602700374e-01
5.239492486386825298e-01
-3.395512907571101024e-01
7.360330474775329535e-01
4.189976838816797389e-02
-2.086124834485099666e-01
7.513202820756731404e-01
7.233888984778109599e-01
8.574539399287642860e-01
-5.773389251152689639e-01
8.648998958219897837e-01
-3.188394755385422219e-02
-1.000000000000000000e+00
6.571846858221083165e-01
6.765648341090300111e-01
-1.738555173258574671e-01
2.971227504702073641e-01
-8.633791033958903016e-01
-4.619122580226181496e-01
-7.230613567765638017e-01
4.697102546863681782e-01
9.011123055055891840e-01
-6.271399754594475517e-01
1.000000000000000000e+00
-9.724171567607824140e-02
-2.056259221510410018e-01
7.671509056034916396e-01
-2.075720339081746912e-01
-4.268826390193809495e-01
8.584931419080102932e-01
4.885973816120887658e-01
5.453567360521039964e-01
5.676275470503513443e-01
-5.167079731753103644e-01
-2.530543960976918694e-01
-6.197239168012452781e-01
-1.000000000000000000e+00
-7.928947340548561096e-01
5.475164339776656952e-01
-1.573594917568840179e-01
4.786315658633276682e-01
-4.604053983039332887e-01
-9.982238653749901935e-01
-8.808233020876532482e-01
-6.715071555684677396e-01
-1.000000000000000000e+00
6.937841743433206254e-01
-6.139425458506246880e-01
8.182923033237274879e-01
1.552032205953441935e-01
-7.432802235254426515e-01
-2.043451502639496709e-01
-6.718946939661687434e-01
4.709128951385067596e-01
1.022537467124642330e-01
7.024749019327675148e-02
5.495173855391628503e-01
-6.082698039795746414e-01
3.751372256738372268e-02
8.441213148529772003e-02
3.619047309832099657e-01
3.279244394749880054e-01
-2.101632393301552382e-01
4.389968896027798828e-01
7.736893146691377066e-01
3.408792512824507237e-01
2.213427911014880997e-02
-3.160575102297620287e-01
1.558869378186703569e-01
9.632848948876169271e-01
5.720037209576588344e-01
2.375689835081368217e-02
