2.392652085113426141e-01
-8.527387899824593331e-01
6.125637149710445595e-01
1.025936967077705209e-01
-4.495715755820702264e-01
3.809502568575953707e-01
4.087736054058805912e-01
5.718947454094316374e-01
-7.424535789876710590e-01
-2.832832724379480971e-01
-5.503271543281940126e-01
1.000000000000000000e+00
3.100002904981353224e-01
6.566683380578345330e-01
-2.044215234960061467e-01
-5.228002801731261862e-01
1.000000000000000000e+00
4.192810338979424678e-01
-3.730691277225756108e-02
3.355316208695373614e-01
4.055625874893598742e-02
-2.809379209214663553e-01
4.136216839816020396e-01
-8.552076912713892920e-01
2.454631297589759398e-01
-6.571600796552199419e-01
6.510213252597633060e-01
8.197459058353716577e-01
8.622551500004456138e-01
-8.124723483231593990e-01
2.800955063008038204e-01
3.288234295149691233e-01
-8.726342025652467083e-02
5.130842589675519427e-01
-1.496013357187267467e-01
-4.552032617296007944e-01
2.705122025312666281e-02
-8.222046726065568301e-01
3.042010667156815895e-01
7.178664931775529112e-01
2.634126810897341464e-01
-2.894375824984920520e-01
2.088374729048901313e-01
-8.443852567008338639e-01
7.926812715336918336e-01
6.890235492981854337e-01
-7.734124451714844417e-01
-6.023890123869316549e-01
9.956319381244348454e-01
5.620336838672527202e-01
1.348119657298665341e-01
-1.685328640998033992e-02
-1.977597228591475298e-01
6.458858639807594226e-01
-1.136011491486380726e-02
-4.543320720753542541e-01
4.207933720147907786e-02
7.650342179946536536e-01
8.904120154754024963e-01
3.777290502831787689e-01
-1.000000000000000000e+00
-1.655075431442648293e-01
8.566446790200658024e-01
-1.503910075125364787e-01
-5.569577922018598137e-01
-5.113082991896364948e-01
-1.534643171264211681e-01
4.329045658403741226e-01
4.402432454667264405e-01
5.677288526124617540e-01
-2.182412357650793944e-01
-7.271442958137812607e-01
8.976482841914285027e-01
-2.505232748440689994e-01
3.588031040599884980e-01
4.654984251909644044e-01
7.906284691744779325e-01
-1.952485115692073336e-01
1.507875659381287814e-01
3.533371327650066673e-01
3.235795363647834266e-01
-2.995275286205649201e-01
-4.042045307642039287e-01
4.302998825855864906e-01
1.969008238866888031e-03
6.029549003856459199e-01
-2.993317350080744177e-01
-9.670263934078481005e-02
3.466457768755367153e-01
6.792199117947458342e-01
-1.753738568053587188e-01
4.446235567443719838e-01
8.542561385802151241e-02
4.465023516215030353e-01
9.904408654809513379e-01
-3.693436480447202519e-01
-1.000000000000000000e+00
4.288654492865661139e-01
7.500650736086510451e-01
-1.918808437409858236e-01
-6.144547766373246178e-01
4.104461459535532208e-01
-6.907608085660287001e-03
-9.394948143953836539e-02
1.089960910398979493e-01
-3.416518448675192610e-01
-1.153260520947632095e-01
1.002716420436655792e-01
1.093788297847537311e-01
-3.563684419284617322e-01
2.458199692045079099e-01
-3.895158829798359701e-01
-3.648185723676147102e-02
2.377953119187633524e-01
-5.535320824428782149e-01
4.267338976426217623e-01
5.671215989874919261e-01
-5.561987198038752522e-01
3.309228607570070535e-01
1.009758930834767365e-01
-7.075423461121530533e-01
-1.204156561349478335e-02
6.902603656229561180e-01
8.223314637663635684e-01
-3.848196242334291917e-01
1.000000000000000000e+00
-3.149653027533108607e-02
4.476250712284580713e-01
1.547191938221554597e-01
6.363183920618677991e-01
-3.007677556144243702e-01
-6.895768092736912491e-01
-5.331756053888256908e-01
-1.795448064662186205e-01
2.999394846525918479e-01
-4.956601862223752319e-01
6.767065248994578175e-01
-1.991152339953871642e-01
1.175806196126552988e-01
-2.004127656388108303e-01
-4.970311575571687013e-01
1.000000000000000000e+00
-6.650416925051751971e-01
-1.667868049855454338e-01
7.619167387975973593e-01
-1.440179066104504968e-01
8.569035082792569868e-01
5.140419330847677548e-01
8.124656813094351948e-01
-4.949702744740643312e-01
8.049693723324302663e-02
-4.708367970748608689e-01
3.612037834185899965e-01
2.012310746600770306e-01
-2.475502942261318118e-01
-1.000000000000000000e+00
3.475014633552410415e-02
-9.377058023982404178e-01
-5.905860956999774425e-01
-2.360301108911838641e-01
-1.887833835619476264e-01
-3.754937385699638197e-01
-5.586427072830059126e-01
-1.298339790247716730e-01
-3.355537954537477496e-01
-5.156456210954876163e-01
-9.572619460002611547e-01
-2.837352138368071097e-01
-8.032369391103573175e-01
-1.000000000000000000e+00
-3.250424637859050669e-02
9.464292467719372937e-01
4.274677365775656490e-01
-5.054684647458127511e-01
7.342335096515539838e-02
4.846478004435388898e-01
5.157983011895977965e-01
-7.526781008053203825e-01
-4.393209896306924378e-01
3.013146678841465698e-01
4.621392718288775403e-01
-9.260147688761850848e-02
-9.440058013620071797e-01
-9.647735297176316394e-01
-2.843063984789699905e-01
2.223199443826809896e-01
-4.269829208540085741e-01
-1.404132814379836225e-01
-1.205690815403490934e-01
-7.002257104740843285e-01
1.000000000000000000e+00
-3.088667580378816613e-01
-5.646538201690364245e-01
-1.703536823807128286e-01
4.047594827080108759e-01
1.695175156975837760e-01
-6.940981814396682825e-01
-1.000000000000000000e+00
9.052122661562773676e-01
-4.883524611281725436e-01
6.823047545348926990e-01
9.905103030495571170e-02
-7.352696023663374270e-01
-1.977235588544964950e-01
7.978932387257978154e-02
6.366052189756007396e-01
8.090841530443793062e-01
-2.453599038656771592e-01
-1.936000688922981383e-01
6.635803173609342021e-02
3.942487300017287477e-02
-7.614568867692861343e-02
4.130012951785455577e-01
6.997269077649540536e-01
-6.564437845490547208e-01
-9.331517386314326645e-02
-5.968841770333980223e-01
-1.000000000000000000e+00
-8.501670391339062605e-02
-1.561758435973322270e-02
7.304302616431460615e-01
-5.569078308336203875e-01
2.231826501551642250e-01
-2.343874350057388312e-01
2.760972874157169854e-01
-8.199883722261359642e-01
-1.600152654461766411e-01
1.787810393021416200e-01
1.155720581891065551e-01
-8.053866303462707821e-01
-3.580335654458649541e-01
-2.294672953797495252e-01
3.742466125183698811e-01
6.654978108211141441e-01
-7.804251607158255721e-01
1.000000000000000000e+00
1.192213955687670551e-01
9.111234568673025613e-01
5.538842512243837002e-02
6.297810500854225113e-01
3.877465819800072766e-01
-3.375757608007769472e-01
-7.668751415870901644e-02
6.463273251514587425e-01
7.271937423083850716e-01
-3.055606828195612801e-01
-2.222773407181434790e-01
8.438487134537732137e-01
-5.845939886625682869e-01
4.413874044064646229e-01
4.016962863932849737e-01
-1.000000000000000000e+00
2.022252867025319256e-01
-5.471879687837800654e-01
-7.749018763300929979e-01
-7.531446632875438141e-01
-5.617207957518209893e-01
5.737877934278932113e-01
7.215050003322421857e-01
1.142255115019556594e-01
-7.595526082219991038e-01
3.532403947196791072e-01
-9.375527994746448712e-01
-2.452255510294084062e-01
-1.347687598877422496e-02
