-6.129642386296170198e-01
1.000000000000000000e+00
5.965205855677833124e-01
8.954309548927170681e-01
1.857405773151399320e-01
8.682012846778253135e-01
1.000000000000000000e+00
8.058752578994254900e-01
-1.000000000000000000e+00
1.242447310303446129e-01
1.000000000000000000e+00
2.486873645499420582e-01
4.075734366069019843e-01
6.999513679299942392e-01
3.188404975454510737e-01
1.000000000000000000e+00
8.863733390546366664e-01
-4.662477516116434462e-01
-3.449131940043250744e-01
1.000000000000000000e+00
-6.032932170011306994e-01
2.700025081058465837e-01
1.000000000000000000e+00
1.000000000000000000e+00
-1.000000000000000000e+00
-7.285531515811508596e-01
7.373027311787623272e-01
1.552211592641991045e-01
7.413428932317340792e-01
-1.000000000000000000e+00
-9.069368947068541242e-01
5.995164549297522100e-02
3.267341847379392483e-01
-5.188936245530781921e-01
-7.737101789193423507e-01
1.000000000000000000e+00
-1.355211056579201934e-01
1.000000000000000000e+00
-1.000000000000000000e+00
1.000000000000000000e+00
9.063401304640273937e-01
1.000000000000000000e+00
1.000000000000000000e+00
-8.071957432909648844e-01
1.000000000000000000e+00
-4.201042567792106497e-01
-6.097094525745830884e-01
7.730801819888916127e-01
2.931673397555036864e-01
-5.808267074509669836e-01
9.009917345963514013e-01
-1.000000000000000000e+00
1.000000000000000000e+00
7.435242950808009788e-01
4.407670142334151331e-01
6.090360757318249996e-02
-2.396463898267742199e-02
-1.000000000000000000e+00
-7.760065451230546696e-01
1.000000000000000000e+00
3.976835920453032358e-01
-1.000000000000000000e+00
-2.568446735935341896e-01
3.545571702685144655e-01
-4.004284894094921610e-01
-1.000000000000000000e+00
-1.000000000000000000e+00
4.711015547004807624e-01
-1.000000000000000000e+00
1.682038084230061403e-02
3.180704636203302016e-01
1.000000000000000000e+00
-9.362677148287790185e-01
1.000000000000000000e+00
1.000000000000000000e+00
2.094476737948403056e-01
1.000000000000000000e+00
-1.000000000000000000e+00
-5.634206378611192889e-01
-2.119705549982792148e-02
4.692750165506230919e-01
1.000000000000000000e+00
1.954459782565886039e-01
1.347353995790496195e-01
6.713162381532613576e-01
4.301149152343092252e-01
1.800736825040368250e-01
-8.715379101030698017e-01
-1.000000000000000000e+00
1.000000000000000000e+00
-4.122249982126933721e-01
4.085609926050333129e-01
6.610178045327489427e-01
1.996176392653346149e-02
-5.719519202956009352e-01
3.260759561716642940e-01
1.000000000000000000e+00
8.827849713839831525e-01
8.194623941235937847e-01
-2.259714855834472624e-01
-5.619095663129420881e-01
-5.738862073750411463e-01
-1.000000000000000000e+00
-1.000000000000000000e+00
8.999007696313411353e-01
1.000000000000000000e+00
1.000000000000000000e+00
1.000000000000000000e+00
4.130657990936664747e-02
-3.078983589412953581e-02
-1.000000000000000000e+00
-3.698387309014539159e-01
-7.480630180099101523e-01
-1.000000000000000000e+00
2.946856694060075998e-01
5.931373159145149343e-02
-1.000000000000000000e+00
8.277017661795914583e-01
9.217041300606272358e-01
-8.598174326307147508e-01
-1.000000000000000000e+00
8.989559431031970971e-02
2.275650047034943335e-01
-8.950120121847031651e-01
-2.521816772292040376e-01
-7.693628684038947840e-01
7.620577585288360600e-01
-1.000000000000000000e+00
8.365481017347565773e-01
-1.417967729024843804e-01
1.000000000000000000e+00
2.712982159115045477e-01
-1.000000000000000000e+00
-1.000000000000000000e+00
-1.000000000000000000e+00
1.000000000000000000e+00
1.000000000000000000e+00
-1.000000000000000000e+00
1.000000000000000000e+00
4.039985501399522283e-01
-1.000000000000000000e+00
1.826999106562117170e-01
-8.300704333773301080e-01
-1.000000000000000000e+00
6.681145372343048061e-01
-5.224348670747819279e-02
1.000000000000000000e+00
8.117443662614195476e-01
-1.000000000000000000e+00
-2.001359582523221103e-02
-1.000000000000000000e+00
-1.000000000000000000e+00
4.185779451003621143e-01
-6.057927266460704646e-02
-1.000000000000000000e+00
-8.255254512407997347e-02
4.266172611087077904e-01
-1.000000000000000000e+00
1.000000000000000000e+00
3.546578443447803153e-01
-9.414485618594169436e-01
1.561692263459470986e-01
1.000000000000000000e+00
-3.647989225131460511e-01
8.170789161946825363e-01
1.000000000000000000e+00
2.799099655810282083e-01
4.651965808044582484e-01
-1.000000000000000000e+00
1.000000000000000000e+00
1.000000000000000000e+00
1.000000000000000000e+00
-1.000000000000000000e+00
-8.641285379688259938e-02
-8.817102059286208160e-02
-4.170256740408300189e-01
7.911550998356390307e-01
1.000000000000000000e+00
-4.081972902776122014e-01
1.000000000000000000e+00
-1.000000000000000000e+00
6.872849165693337703e-01
6.582750625480997542e-01
-8.963016285710656561e-02
4.491839627523955825e-01
-9.526446677055799839e-01
7.749801540818007650e-01
-1.000000000000000000e+00
7.899443898108381434e-01
1.000000000000000000e+00
-5.104187951711551818e-01
-1.067636937947380460e-01
-3.960169555287504917e-01
-4.139688186566962136e-01
-8.976127078178897101e-02
-5.079346877618790002e-01
-7.500563147749254034e-01
-8.553058514282008140e-01
-9.325285604985802945e-02
4.278379051325080784e-01
5.969151589971077865e-01
-1.000000000000000000e+00
-1.000000000000000000e+00
-1.000000000000000000e+00
9.343955421081548973e-01
2.039940193076580366e-01
-2.161851558191227873e-01
-9.193678461579700700e-01
9.975519584078904600e-01
-3.624704192812364667e-01
-1.000000000000000000e+00
-1.000000000000000000e+00
3.725832242290968432e-01
1.665757537112956266e-01
3.700387192061138086e-01
1.000000000000000000e+00
4.103295654103993051e-02
-5.367450909328195241e-01
1.000000000000000000e+00
1.000000000000000000e+00
-5.059282042710497862e-01
9.005785642802661695e-01
-2.330828527266133876e-01
1.000000000000000000e+00
-1.000000000000000000e+00
-1.000000000000000000e+00
-8.764661089998331267e-01
6.722013635176892210e-01
1.033706108744947283e-01
4.777120657136287307e-01
-7.036327466537544151e-01
2.478471687098122711e-01
5.437863641543354554e-01
1.000000000000000000e+00
-7.950873195261052295e-01
1.768240307543121892e-01
-1.000000000000000000e+00
7.804169789330159812e-01
1.000000000000000000e+00
-1.000000000000000000e+00
6.080914660404299621e-01
6.370446523723014565e-01
-1.000000000000000000e+00
-9.826231803171403545e-02
2.703006830857496157e-01
-9.744056723428395905e-01
-6.440393772069222811e-01
-3.952477040307578737e-01
-1.000000000000000000e+00
-9.479576719816108499e-01
3.090896440784881571e-01
-7.158544159580879640e-01
3.394821365868404273e-03
-7.891688094554048793e-02
9.565401702569065190e-01
1.000000000000000000e+00
-1.000000000000000000e+00
-1.014620486221046169e-01
-1.000000000000000000e+00
1.671119765126734269e-01
-9.899821111997776368e-01
1.000000000000000000e+00
6.233058983460919578e-01
-5.303306975859941597e-01
1.000000000000000000e+00
