-6.873231749842763083e-01
2.626175132956567460e-01
6.177857275874925058e-01
5.585683930225681104e-01
9.695299959975574033e-01
6.853109849365477402e-01
-8.547878097426584443e-01
1.064345734934388776e-01
3.241879963056876757e-01
9.997681185747120391e-01
-4.246027306841959267e-03
-9.674719953278211326e-01
8.271880978931878126e-01
-7.603700817648805232e-01
-1.000000000000000000e+00
-8.436806741832100776e-02
-5.479751591411715639e-01
-3.522509228737822351e-01
4.132517532328858212e-01
-8.437939022139397949e-01
-2.265216447287846935e-01
2.840973957504298597e-01
5.010871034252706302e-01
-1.000000000000000000e+00
-1.039860858648755937e-01
-2.353573832853050191e-02
-1.510069322632417999e-01
-4.974627811385822218e-01
-7.095704206731908714e-01
4.113623861953685235e-01
-6.339003424614011450e-01
8.602247477062523462e-01
-5.357923717589149204e-01
-4.994460023989498176e-01
3.990127241116557255e-01
-4.623306073611969658e-01
1.000000000000000000e+00
2.142606190109679343e-01
-1.000000000000000000e+00
6.680339812845990100e-01
-8.585296870927405788e-01
5.424670946731091625e-02
-2.289179940854499384e-01
3.659883268011114299e-01
-6.375384775889025857e-01
-7.140994551316162675e-02
-7.980671409983953746e-01
1.832082019064122103e-01
5.203199662467610231e-01
6.598756045556526395e-01
-7.620604877804082466e-01
-6.121020157371884207e-02
-7.304947646456654287e-01
-8.197252165280606295e-01
7.086880610317779494e-01
3.114816328951555691e-02
9.780874029555759464e-01
-6.934030482083497482e-01
1.000000000000000000e+00
-6.792805911275511255e-01
-4.492321851549006539e-01
-4.292514793241190840e-02
-2.201980194671931401e-01
-9.643023712424174665e-01
5.632389759374118593e-02
8.927704923625885414e-01
-8.074922993059503451e-01
1.000000000000000000e+00
5.187796742326586941e-01
-1.638858785445237443e-01
-1.301098501180324440e-01
-3.802740392324077123e-01
-3.966094100250870946e-01
3.325159100268697543e-01
9.351670941675909177e-01
8.960742280189094577e-01
-7.441236445094157048e-01
8.364529903525512733e-01
7.661586566015339272e-01
-2.655298450945626776e-01
-1.177190451053346382e-01
7.325179336554639153e-01
-8.538504580305857905e-01
3.975325401717800800e-01
6.672296090662289680e-01
-1.232170659565540172e-02
5.885027848393881156e-01
5.567267961431707768e-01
1.000000000000000000e+00
5.737604255841834977e-01
-2.031029849485831984e-01
2.712995431736201501e-01
-9.197193422580054456e-01
-8.672225492405546410e-01
9.522935977950481856e-01
5.585734075722685876e-01
1.911391065539733147e-01
1.701262072485125731e-01
6.291923262163667818e-02
8.567406665708379165e-01
-6.963780127653743657e-01
4.696341553326603691e-02
8.867454235151268627e-01
-8.217814629971453844e-01
-6.589405953280933481e-01
-9.093052352498902646e-01
-1.000000000000000000e+00
-4.410011672216083145e-01
-2.242522230470025413e-01
8.475645185777526125e-01
-9.599302202556372343e-01
8.130334047566616373e-01
1.000000000000000000e+00
-2.656610746300884784e-01
1.410017747487012363e-01
1.000000000000000000e+00
1.000000000000000000e+00
-1.000000000000000000e+00
5.841303325832254423e-01
7.990937280681554844e-01
4.041375749107498638e-01
-9.198877036566660559e-01
2.059212349616978965e-03
-6.280050808756918457e-01
-4.021028285186862838e-01
-5.241418302688144459e-01
-1.410886059518898228e-02
-5.478448611159182358e-01
9.839177063267458001e-01
2.125250184651223673e-01
-2.085329125756280044e-01
-3.066855034232295052e-02
-4.255101623540415989e-01
-5.786497570674182800e-01
-1.054381748370576410e-01
-7.513321105483391493e-01
3.191594156568586249e-01
-3.367490874082780250e-01
-2.165003437453671686e-01
-1.461485989151473097e-02
3.893684487628592539e-01
5.488253502307167686e-01
-9.799506952375200974e-01
6.529149843000676690e-01
-1.000000000000000000e+00
-7.574116131901620363e-01
8.884618251617124596e-01
4.716945743522660273e-01
-2.221115148025687713e-01
4.353122456026644049e-01
-9.985669926853583123e-01
-9.298327985989114364e-01
3.874233606643716077e-01
-9.853475834910431219e-01
-1.689025958932237059e-01
-9.440927357764925532e-01
1.174301739912073095e-01
1.930523437436721182e-02
-4.075106887494065466e-01
-3.621811757648192298e-01
-8.397412189814654759e-01
8.016415312989352837e-02
7.464671204432398177e-01
-1.000000000000000000e+00
-5.957923166663783299e-01
1.755301363512393187e-01
-8.645468008662797743e-01
7.341426972891630376e-01
6.771933789781251489e-01
1.000000000000000000e+00
-4.571527235124714927e-01
-1.000000000000000000e+00
7.121841084886009199e-01
-5.107086171581681766e-01
6.260304965434395630e-01
-7.987252209791196877e-01
-2.171954679625816009e-01
3.899229391450166338e-01
2.597603350647878506e-01
-1.398508353918070102e-01
-8.046094286496831005e-01
1.901945287051445554e-01
-9.225527058865192753e-01
-2.916362162053863227e-01
-6.541688046318855365e-01
4.958074978768466090e-02
3.035864620243590162e-01
3.956930057260507061e-01
-5.216794958872157384e-01
-9.868677915109627663e-02
-5.043781771998296914e-01
3.878171443935742868e-01
-3.304998675333233882e-01
2.565090867411334852e-01
-5.593702968748103244e-01
1.001975126727560061e-01
-6.988898354046266803e-01
-5.514943044189005161e-02
-5.066632186470686472e-01
1.566157873993015426e-01
5.286465712173578080e-01
7.567877554214650360e-01
2.269247271471862559e-01
-5.833882692730169017e-02
-5.038650169227341102e-01
1.268778601010525087e-01
-9.834777809310341068e-01
-3.918443236481145009e-01
-1.411299746242051789e-01
-1.000000000000000000e+00
-1.874245789921770433e-03
5.228942045314549647e-01
8.551687095667064309e-01
-1.680112865468028349e-01
3.991886244989137911e-01
-5.578369791617983076e-01
-2.950457080833081558e-01
-6.331298043763060601e-01
5.301765790345199791e-01
2.739682198765248655e-01
-5.455943164955556757e-01
-4.337864954215442381e-01
8.158201852819509936e-01
4.206683681292238686e-01
1.309250499865055595e-01
1.560596795660422753e-01
-5.236619136919182793e-01
1.714882196090783406e-04
1.000000000000000000e+00
-2.421749119359355440e-01
3.802530094460986887e-01
9.116532598604926152e-01
4.567640946021852555e-01
-3.142777709068220737e-01
-1.320116973944041039e-02
1.000000000000000000e+00
-4.642020687216215080e-01
3.572773102696298331e-01
2.022382142295582885e-01
-2.298493472001869320e-01
1.000000000000000000e+00
9.376196783878054664e-01
2.484801440211807377e-01
1.916953799416383497e-01
7.253950873687819989e-01
2.238495376717686280e-01
1.000000000000000000e+00
-8.314881779700344921e-02
7.204230814441647812e-01
1.592671295246946284e-01
4.136420694153370436e-01
-4.221446059048348243e-01
-8.613516035185894149e-01
-8.377676545745830206e-01
-7.818003048934252242e-02
-8.192357010485498137e-01
9.433469524623750990e-01
1.000000000000000000e+00
4.548837704607758270e-01
5.786403588408255416e-01
-7.606702656875130586e-01
1.392386110398813326e-01
-4.853906667138505604e-01
-1.814902853338055122e-01
-9.672225046501420342e-01
