-7.185463496678212714e-02
-9.019172271247615225e-01
1.000000000000000000e+00
-8.334434170414215526e-01
-7.651543941493381684e-01
-2.827400738040267147e-02
-1.874133036443030864e-01
-1.000000000000000000e+00
1.000000000000000000e+00
5.049997361988414202e-01
1.000000000000000000e+00
-1.000000000000000000e+00
-9.496038816389297255e-01
3.533008874516566089e-01
-1.000000000000000000e+00
1.000000000000000000e+00
1.000000000000000000e+00
-1.000000000000000000e+00
7.944633194910607488e-01
-6.216466020149751248e-01
-5.964122586979250240e-01
-1.000000000000000000e+00
1.000000000000000000e+00
-6.446981574763681611e-01
2.196540687717473128e-01
8.070338590030425863e-01
-4.941442432364959170e-02
1.000000000000000000e+00
-8.351415342186804258e-01
8.734749378500532568e-01
-2.508392565788483686e-03
-1.000000000000000000e+00
-8.150494363351185045e-01
2.117636590998361878e-01
-9.097043974410617961e-01
-4.110301677147898403e-01
9.618567176985775014e-01
-8.913157600384810086e-01
5.425135872972368656e-01
1.384791553013416804e-02
1.000000000000000000e+00
-2.903279690599206986e-01
-3.473554794454927208e-01
9.664981184071467224e-01
-2.291608308295002006e-01
-2.996823455675540759e-01
-9.733869107612491689e-01
1.000000000000000000e+00
-1.000000000000000000e+00
5.757931080483527086e-01
-1.000000000000000000e+00
5.099628062560886965e-01
-1.556684784163077651e-01
-4.651009667831783601e-01
9.758706496733575708e-01
-9.436505691450833844e-01
8.341959450900447992e-01
1.000000000000000000e+00
4.819674342918217058e-01
9.510889077419842907e-01
-1.000000000000000000e+00
-1.000000000000000000e+00
-1.000000000000000000e+00
8.369088722179728324e-01
-1.000000000000000000e+00
-1.452218182910768318e-01
1.330195621682353224e-01
2.556677870452146450e-01
-1.000000000000000000e+00
4.670626768743524337e-04
9.985253897984411875e-01
9.770617267933190409e-01
-9.979712983476706212e-01
-1.000000000000000000e+00
-3.639615492066552993e-02
1.865611842190695313e-02
9.081977045229170376e-01
1.000000000000000000e+00
-1.000000000000000000e+00
8.580112120106224705e-01
-1.000000000000000000e+00
1.000000000000000000e+00
3.949910046623118509e-01
1.000000000000000000e+00
-5.525970648682241304e-01
8.968595652168714905e-01
-1.000000000000000000e+00
8.707491864090705080e-01
7.404955995411431902e-01
9.673990054558285756e-01
-2.934721679194013944e-01
8.737866216471890102e-02
9.005180392643594711e-01
9.614319106662085890e-01
-1.000000000000000000e+00
-9.466151069456122391e-01
-9.282701346951044430e-01
-9.837810546048970650e-01
1.000000000000000000e+00
-3.368288509897327532e-01
-4.615409629970708139e-01
1.000000000000000000e+00
1.000000000000000000e+00
-1.000000000000000000e+00
-1.326772177982467049e-01
8.651079073217217141e-01
-1.000000000000000000e+00
1.000000000000000000e+00
9.700597803649997353e-01
1.000000000000000000e+00
1.000000000000000000e+00
-9.792963063550073066e-01
4.549522483937111783e-01
9.283614336343032347e-01
6.520126667732220049e-01
-1.192155322789663630e-01
-8.334434170414215526e-01
4.433678126105001227e-01
3.114894173568694136e-01
-1.000000000000000000e+00
-5.960680739150734375e-01
-4.000526193687523047e-01
2.972580246188648578e-01
-1.000000000000000000e+00
-1.000000000000000000e+00
-9.815156908392926871e-01
-5.371118772914825756e-01
1.000000000000000000e+00
-3.882556967098437783e-01
-4.962544842706376746e-01
7.357285945282655559e-01
1.000000000000000000e+00
-1.000000000000000000e+00
3.567067320249731610e-01
9.817688074043622315e-01
-9.999776011533143549e-01
-1.000000000000000000e+00
1.000000000000000000e+00
-8.624092961392199053e-01
1.000000000000000000e+00
5.273666616254851780e-01
-8.334434170414215526e-01
4.822938644261369756e-01
1.000000000000000000e+00
-9.778248026249479752e-01
-9.967784477509593621e-01
-3.306463118930852430e-01
7.803954065392154638e-01
-9.331580975591367011e-01
1.129890084768569170e-01
-5.761397223605055906e-01
7.067755675195938059e-01
-9.044585519948433738e-01
-1.000000000000000000e+00
7.332055440660286694e-01
-1.000000000000000000e+00
1.000000000000000000e+00
8.173297539791248845e-01
1.000000000000000000e+00
-1.000000000000000000e+00
1.276799480602049397e-01
1.000000000000000000e+00
-1.947286609242480093e-01
-6.371335926673793448e-02
-7.858415500156213929e-01
-3.317991154063179016e-01
-3.585787939719924378e-01
2.260935710523548636e-01
9.742641413826533814e-01
-2.750025492707855457e-02
-4.813085995072460266e-01
1.164151180156558496e-03
8.079584293444017074e-02
1.000000000000000000e+00
6.306561427502255235e-01
1.000000000000000000e+00
-3.282433465791015914e-01
-5.023838143871670603e-01
-1.000000000000000000e+00
6.819674762903427112e-01
-6.987478014477518373e-01
-1.000000000000000000e+00
-9.215824343080823988e-01
9.507124047054384963e-01
1.000000000000000000e+00
7.587532033969986989e-01
-9.564512520521486483e-01
-3.458971472422600613e-02
-9.975809909173557477e-01
9.160973713517294933e-03
6.318052753063450044e-01
-7.924982086742399234e-01
8.987597709154490078e-01
-1.000000000000000000e+00
-1.000000000000000000e+00
1.000000000000000000e+00
3.763313623424007770e-01
1.000000000000000000e+00
7.964051742464647310e-01
5.978083148519924839e-01
7.959537205074747046e-01
-1.703858426079755406e-01
1.000000000000000000e+00
-9.496827683935423758e-01
1.034011997088015306e-01
-4.700291410441045370e-01
8.624092961392199053e-01
-6.579516365959574564e-01
-1.000000000000000000e+00
-1.000000000000000000e+00
-1.000000000000000000e+00
-9.495184238429724144e-02
-5.068594167974191933e-01
1.869703817555473657e-01
9.953507566531287765e-01
-8.789222456528027472e-01
-1.000000000000000000e+00
1.000000000000000000e+00
1.000000000000000000e+00
-9.630341995655031795e-01
1.000000000000000000e+00
4.392577852174333608e-01
9.619387823972526119e-01
-1.000000000000000000e+00
-9.353095263513218072e-01
-6.745971053161459174e-01
9.498596213945231792e-01
-2.522762821392453558e-01
-1.401944424630835462e-02
-1.127988678689280932e-01
1.595709677129509840e-01
-1.000000000000000000e+00
9.433231880676591352e-01
-3.897328578562064827e-01
-1.147689427940207091e-01
-1.000000000000000000e+00
-1.080456285019316121e-01
9.925866313589484236e-01
9.594873501332493726e-01
-1.000000000000000000e+00
-1.343051384435763884e-01
1.000000000000000000e+00
1.000000000000000000e+00
1.000000000000000000e+00
-6.750890782046306549e-02
-2.818247741861905076e-01
-1.000000000000000000e+00
1.000000000000000000e+00
-4.419187996114126715e-01
-1.000000000000000000e+00
-1.000000000000000000e+00
-9.488385354627544288e-01
6.793457019550207532e-01
1.000000000000000000e+00
1.000000000000000000e+00
1.000000000000000000e+00
-1.000000000000000000e+00
9.931486837634522225e-01
9.792403919112213639e-01
-7.369422945487064114e-01
4.694040426111823483e-01
1.000000000000000000e+00
8.176632385278400639e-01
-8.915469725847766647e-01
-9.297346508385527786e-01
