2.990173713160613200e-01
1.570450636981185755e-01
6.014958733787605788e-02
7.333094545696569599e-03
1.000000000000000000e+00
3.479715066698285675e-01
-8.658487456931436288e-01
8.991345303818996104e-01
4.072871323433633894e-01
-3.271085555899170272e-01
-7.515468310712500877e-01
3.317947853352264387e-01
4.187453574223755082e-01
7.865828728725219321e-01
-5.121146189726346609e-01
2.481065653726476361e-01
8.960375513980369799e-01
-6.929728652603482919e-01
2.123550380319174369e-01
1.574976906575865088e-01
1.201501028193973364e-01
-8.455242938840512590e-01
-5.543512689113121172e-02
2.696434095742031301e-01
-4.160295200617215861e-02
-5.644662010635433935e-01
-1.000000000000000000e+00
-8.254025037412198174e-01
-6.549526116930326491e-02
-8.293667056573997831e-01
5.760834015248648132e-01
1.037689834219766849e-02
8.395858130116595763e-01
2.779698386830284917e-01
9.247792750341219392e-01
-7.185977493274947614e-01
3.569368498252504796e-01
3.729050490684420183e-01
-6.627775311034329597e-01
-1.452245483910880042e-01
-3.751200751246179799e-01
-1.043637178318401609e-01
4.638695866463226625e-01
1.571288187429677186e-01
9.774448721012064523e-01
8.334953819691318655e-01
-8.029727876606793102e-02
-1.000000000000000000e+00
1.000000000000000000e+00
-3.743339647099903633e-01
6.131957869979806075e-01
1.875228166492173276e-01
9.752391196541637663e-01
-5.621908856427830781e-01
-4.706756433752384838e-01
1.742412596590875440e-02
-2.011282300641452359e-02
4.377443026935615711e-01
-9.039311247269454785e-01
-3.046585732148197057e-01
-7.292599509605057762e-02
6.001833402320345678e-01
-3.784452813237829671e-01
6.492639951698605527e-01
-5.061142820221304905e-01
8.437213475071983493e-02
-2.016630273665046547e-01
2.695904135300960514e-01
-4.510901512035757621e-01
-5.541454227497107921e-01
6.433979751314823359e-01
2.580688803709120238e-01
-5.499349416590858519e-01
-6.242730790038225619e-01
4.978860833091649507e-01
2.795845278153746838e-02
-1.000000000000000000e+00
-3.080455959078085559e-01
-4.884448527726198974e-01
-5.409501324418495294e-01
2.319881212516537450e-01
-7.150240249733572639e-01
4.639169686075929055e-01
9.778725891219376409e-01
-5.029843835256889717e-01
-5.813819145777463504e-01
1.880541216915606051e-01
5.111402779029816656e-01
6.812766728675472006e-03
-1.911806661154570597e-02
9.642085483600135731e-01
6.421845783786830353e-01
3.903303928985057958e-01
-1.891999459067868206e-01
5.192766240877558781e-01
2.234271941458731425e-01
-4.540904519379745929e-01
6.979367694907355757e-01
-8.615287608517386841e-01
3.198297030557256115e-01
-7.918443424911708606e-01
9.384667320910752841e-02
7.307443597866065677e-01
-3.495721997425765837e-02
-2.141869165944054743e-03
-4.582927610659388584e-01
1.000000000000000000e+00
1.000000000000000000e+00
-3.310493440007272192e-01
-5.645756477315847510e-01
2.635873277938845516e-01
9.883544411775917471e-01
7.457261202834940539e-01
-1.366315664897295168e-01
-2.946078661635679330e-01
-4.632915080699350763e-01
3.295449238754575294e-01
8.652693472901710203e-01
-9.488092410522901421e-01
-4.906565329555774291e-01
-6.189519093798091509e-01
-8.977179311734416745e-01
-8.002520492195098756e-01
1.463373337601195090e-01
-3.919109910870310215e-02
-9.482881067073033465e-01
6.606149840154642572e-01
-3.357629992642793826e-02
5.880767038270847680e-01
7.094791297157395510e-03
2.040590924857502986e-01
7.110897259324190367e-01
-2.534736946686608206e-01
-1.414333440133226094e-01
-1.000000000000000000e+00
1.146242451433642229e-01
1.516397467958404965e-01
-3.674350411211635414e-01
1.043091713593080061e-01
-6.237549601217640127e-02
-4.983097217413210989e-01
2.206970129428570959e-01
-1.000000000000000000e+00
1.638061629193297564e-01
-3.512357993206746687e-01
-7.600101884137088204e-01
-1.301627647155731426e-01
-3.411692531390658756e-01
1.140723552340032892e-01
5.652912968442452835e-01
-1.000000000000000000e+00
-7.071114333640315941e-01
-1.278895218722285732e-01
-9.324756991716059984e-01
-3.515234358588014141e-01
3.820269884141545003e-01
2.345607158331079189e-01
7.013728378648704798e-01
5.783683068795376636e-01
7.836955881047198424e-01
4.715335913453439498e-01
-9.890943289091750357e-01
2.479871511409711682e-01
-4.554382080081314510e-01
-2.808627335452399398e-01
-4.295170388158706110e-01
-6.221674776203174329e-01
-1.451131017686085184e-02
9.974464103171226670e-01
-1.391162430948404971e-01
4.363256658903977292e-02
8.911502985845030089e-01
7.194512690047181191e-01
4.437512887142355811e-01
4.908266676286396346e-01
1.406130282856679070e-01
-4.107254208204573764e-01
6.684318688710028100e-01
7.481707534825354777e-03
-2.977543354761694183e-01
-2.403757405454931551e-01
6.684512534960632690e-01
-5.667434362146097637e-01
9.058321664204361801e-01
-1.878801181166170342e-01
-6.520124862327042470e-01
-1.264604766434246352e-01
-5.391283878206633018e-01
9.049068301392062530e-01
8.446608170759595247e-03
-1.989685183505436328e-01
5.642717379668560351e-01
5.160814671084119620e-01
9.658427468416503903e-01
-2.074375739814736663e-01
-8.754847546764286115e-01
4.253746900988052415e-01
3.215924275042020275e-01
1.651447780718360014e-01
6.770675254744963345e-01
-5.395269758364074075e-01
-9.612812323333499442e-01
-2.933171924205619785e-01
9.792456824478710242e-01
1.176088312389372559e-01
5.042088696344897425e-01
-1.408107785511740762e-01
-9.978657999292144254e-01
1.086345055936623893e-01
-3.034559912375502932e-01
1.901521536861255912e-01
-5.997964836401290523e-01
5.510858895409456171e-01
3.246982442536597291e-02
1.000000000000000000e+00
-9.654007835820239691e-01
-5.972351297814537663e-01
-2.535227130318234989e-02
8.311807681181870855e-01
-9.553034428213105222e-01
-6.291545720436512168e-01
7.842065822863742985e-01
5.727183352866126453e-01
5.038758187643330722e-01
6.593852477287983627e-01
-9.242747740315440108e-01
-3.230990322965033856e-01
9.497348306074244739e-01
6.431372360163334356e-01
-6.976800902759516809e-01
-7.483715011230932523e-01
-6.762120766642158998e-01
3.582429109917376064e-01
7.803237247410462762e-01
-5.212934936971206357e-01
-8.571686942567025014e-01
3.923167615677740083e-01
1.350770362244957390e-02
8.296835485129616661e-01
-4.522759736780002648e-01
1.278786859498567963e-02
-9.019973952759848812e-01
4.649582155283724094e-01
-3.643508895097463673e-01
-1.000000000000000000e+00
-4.762303125243452229e-01
-3.317956806487282750e-01
-2.199348653459355929e-01
9.775646370928607609e-02
6.115893895252233481e-02
-5.747082385576679497e-01
-5.618595406472864928e-02
1.130964362287189828e-01
5.471365401183737598e-01
-9.547832675203155040e-02
-1.000000000000000000e+00
2.652929138592706737e-01
-1.635941782607349959e-01
-1.868446092565192729e-01
5.610480142174316676e-01
8.932660203463647086e-01
-1.000000000000000000e+00
1.044547927859156844e-01
-8.069784364241410213e-01
3.242655928892179129e-01
