1.976295935622474076e-02
7.296032232815791163e-01
1.538603095260161202e-01
3.518345441598610401e-01
-1.000000000000000000e+00
-2.266281411795497969e-01
-3.479046461283801239e-01
1.000000000000000000e+00
8.647982098323401257e-01
-9.332036381149691473e-02
1.000000000000000000e+00
1.000000000000000000e+00
-1.000000000000000000e+00
7.076484628418761025e-01
1.000000000000000000e+00
2.435064114427481774e-01
1.000000000000000000e+00
4.681589573674482252e-01
2.568802402165028531e-01
-9.421742437528669578e-01
2.030228096285489059e-01
-7.718310562342186598e-01
1.891200243960300953e-01
-4.569123131657059633e-01
1.000000000000000000e+00
1.000000000000000000e+00
3.343694998286801390e-01
1.000000000000000000e+00
-6.523040011935125060e-01
-9.492875403810479007e-01
-1.000000000000000000e+00
1.000000000000000000e+00
1.000000000000000000e+00
-1.000000000000000000e+00
6.842925342803276578e-01
-6.731957883768073803e-01
-2.756613566893378886e-01
-6.119643292389560507e-01
1.000000000000000000e+00
-1.634633866678794345e-01
1.000000000000000000e+00
-1.000000000000000000e+00
-1.000000000000000000e+00
6.120858819518109062e-01
1.000000000000000000e+00
1.000000000000000000e+00
-1.000000000000000000e+00
-9.174473488464762738e-01
1.000000000000000000e+00
1.000000000000000000e+00
-1.000000000000000000e+00
1.000000000000000000e+00
3.563197143838979786e-01
-1.428095385582938137e-01
1.000000000000000000e+00
1.000000000000000000e+00
-2.989802961050253560e-01
-2.200462547375683919e-01
6.652396187592048149e-02
-8.571495329924767592e-01
9.651123883921858271e-01
3.193366532229329757e-01
1.000000000000000000e+00
-9.856974203534821788e-01
1.000000000000000000e+00
-1.000000000000000000e+00
-3.823678483847738896e-01
1.000000000000000000e+00
-5.288823928328086899e-01
1.000000000000000000e+00
1.000000000000000000e+00
-1.000000000000000000e+00
3.316042770770302184e-01
-2.171970638707350354e-01
1.000000000000000000e+00
9.803037716382656530e-01
-1.000000000000000000e+00
6.218791111291663842e-01
-1.000000000000000000e+00
1.000000000000000000e+00
7.455396839874267600e-01
-2.092538365167135872e-01
-1.000000000000000000e+00
-6.104923685420200474e-01
-2.766672584438491234e-02
-6.314114402682219351e-01
-5.813606788430832895e-01
1.000000000000000000e+00
-1.000000000000000000e+00
-2.788812366703177781e-01
1.000000000000000000e+00
1.000000000000000000e+00
9.686901589911269816e-01
6.606009562528308843e-02
9.785160674943592651e-01
-1.000000000000000000e+00
-1.000000000000000000e+00
-1.000000000000000000e+00
1.000000000000000000e+00
-1.113839989416682830e-01
-1.000000000000000000e+00
1.000000000000000000e+00
-7.104252006055916668e-01
-1.000000000000000000e+00
3.369230497658826651e-01
-1.000000000000000000e+00
-4.560753984777767833e-01
-5.251433668488636464e-01
8.114075534970061065e-01
1.000000000000000000e+00
-1.000000000000000000e+00
-1.000000000000000000e+00
-7.788254440166453296e-01
-4.946391781400032994e-01
8.640948655937437106e-01
2.868757364382752417e-01
-4.011122908504040629e-01
-3.746661186619943407e-01
-7.781806466404754818e-01
-4.943210731664987589e-01
-2.333608116038908276e-01
2.238746473108486623e-01
6.708632537141611119e-01
1.000000000000000000e+00
-8.594727889036026802e-01
-1.000000000000000000e+00
7.527185910412665937e-01
-2.825534858554822892e-01
6.784081060388952311e-01
1.000000000000000000e+00
1.000000000000000000e+00
-1.000000000000000000e+00
8.548752876161225256e-01
-9.448213793741409017e-01
1.000000000000000000e+00
-6.058234917493040550e-01
-1.000000000000000000e+00
1.000000000000000000e+00
-7.871129506403119480e-01
-1.681567614201813776e-01
1.000000000000000000e+00
-5.432667378192934660e-01
-1.000000000000000000e+00
-1.000000000000000000e+00
1.000000000000000000e+00
1.000000000000000000e+00
4.763893862668900914e-01
-1.000000000000000000e+00
1.000000000000000000e+00
9.970286534735735007e-01
6.966949430827215628e-02
-4.562089041628223374e-01
-6.193548594971530763e-01
-8.582874064702756822e-01
-1.000000000000000000e+00
-1.000000000000000000e+00
6.401898137655274157e-01
1.335068217890664766e-01
2.593157949832351761e-02
-2.232605564838947843e-01
-1.944975192383286422e-01
-1.060175699151134493e-01
2.089810127127460226e-01
1.000000000000000000e+00
-1.000000000000000000e+00
8.130970119103979599e-01
7.483620633372574105e-01
-6.150884022303140242e-01
-5.357774853898135126e-01
9.600016627218500576e-01
1.000000000000000000e+00
1.035790137288882390e-01
1.000000000000000000e+00
3.262205114726178801e-01
1.000000000000000000e+00
-1.000000000000000000e+00
-6.481123210592771855e-01
8.342710185912888265e-01
1.000000000000000000e+00
-6.948671516126498915e-01
5.281651089218893924e-01
-1.000000000000000000e+00
7.880304280968188912e-01
-1.215605626584087551e-01
-3.828885477422508399e-01
1.162800112209713688e-02
1.000000000000000000e+00
9.954929508628760360e-01
-9.084261679611451701e-01
-1.000000000000000000e+00
5.274267956752030084e-01
8.840805115866802177e-01
7.466154470668483478e-01
9.968774868541391276e-01
-4.589238341913938202e-01
1.000000000000000000e+00
-8.226721253926468913e-01
-1.000000000000000000e+00
3.633084764023933322e-01
8.113591278653964345e-02
-7.190981416385689995e-01
-1.000000000000000000e+00
-1.000000000000000000e+00
5.214539519162580961e-01
1.000000000000000000e+00
-5.671572182541093632e-01
1.000000000000000000e+00
-3.883079635111985617e-01
1.000000000000000000e+00
1.000000000000000000e+00
-1.000000000000000000e+00
-1.000000000000000000e+00
8.262149408343461010e-01
7.013168148959707526e-01
7.921340769627088774e-01
7.568312594044417363e-01
1.000000000000000000e+00
2.648251983079869532e-01
-4.471650325452117269e-01
-6.974922516273939221e-01
1.678412760239466062e-01
1.000000000000000000e+00
7.644128500722272568e-01
1.000000000000000000e+00
1.000000000000000000e+00
-4.968246789265683971e-01
-7.156564539546148573e-01
-9.447584931183216073e-01
-1.000000000000000000e+00
8.019261689722273490e-01
-4.622868836034542128e-01
9.149108197994239022e-01
-1.000000000000000000e+00
-1.000000000000000000e+00
-1.000000000000000000e+00
-7.560819968578446071e-01
9.173922116334998211e-01
1.000000000000000000e+00
2.455650471470415264e-01
7.169664374676544272e-01
-6.392457583284195943e-02
1.000000000000000000e+00
8.668405781619286099e-01
1.000000000000000000e+00
-1.000000000000000000e+00
6.152272482410857668e-01
6.588069338690739629e-01
-1.794128101104797146e-01
-1.000000000000000000e+00
-8.723273917750365980e-01
7.287356200039738496e-01
2.484721833147005288e-01
-9.248359787392471665e-01
1.000000000000000000e+00
7.067018678352920968e-01
-5.398972758659423832e-01
-1.000000000000000000e+00
1.000000000000000000e+00
4.270791825299796174e-01
-5.157783036585705805e-01
-1.000000000000000000e+00
-4.472806884318284437e-01
1.000000000000000000e+00
7.960648072732632308e-01
8.667884740380487063e-01
