-5.062805263400208672e-02
5.657174721886255586e-01
1.407464925751157891e-01
-4.284992298136889866e-01
9.894998272179242882e-01
-3.486756487489545142e-01
4.486026833455479534e-02
-3.061903151027332015e-01
1.587675906532587944e-01
4.944495144414690069e-01
-8.571682874107144912e-03
-1.000000000000000000e+00
-7.459858955574872885e-01
6.109631607487534533e-01
1.508842089248416951e-01
-4.637653753002232149e-01
8.681136800672366594e-01
6.361761974460473645e-01
1.000000000000000000e+00
-7.545699035926229925e-01
6.296770872386127094e-01
8.337457010648425815e-01
-2.985345277351292292e-02
6.361761974460473645e-01
-7.020919737134999616e-01
3.693430404235693576e-01
1.769012544977480172e-02
-1.000000000000000000e+00
1.777686735033058574e-01
6.361761974460473645e-01
-5.533592764437034184e-01
-4.584481242498834597e-01
8.814451023875885527e-01
-8.657432538740890138e-01
-7.614161559930124890e-01
-1.000000000000000000e+00
-7.404162910682593468e-01
3.889561282622231442e-01
1.000000000000000000e+00
-1.000000000000000000e+00
5.752483168648622192e-01
-7.723155993212604820e-01
9.818931082026518542e-01
3.045726878482746258e-01
-8.155689816962112815e-01
1.000000000000000000e+00
-3.645227735033637062e-01
-4.342177742927670892e-01
-4.347156835295046262e-01
2.867558447269239474e-01
-3.208053714139887935e-01
-8.311972087745925220e-02
1.000000000000000000e+00
5.715084068556848251e-01
6.454871729076006037e-01
6.626672276743375001e-01
1.264871449883978038e-01
1.250192318284812365e-01
-3.662032912097425985e-01
6.927416398718643231e-01
6.842086951007465556e-01
-1.225386833303064721e-01
-6.741890778452719335e-01
1.399860401802273668e-01
5.909818329974272366e-01
-1.000000000000000000e+00
-7.633536033657688513e-01
2.733203485547089917e-01
-2.622432778220830096e-01
-7.843422836358682204e-01
8.379539161764261168e-01
8.074995755824712074e-01
-6.817748207500428093e-01
4.564328275536585489e-01
-5.494113840392512715e-01
-6.048062332333181690e-01
1.000000000000000000e+00
8.005781461558333367e-01
9.757666774863494874e-01
6.258539535519314079e-01
-4.538920302360330838e-01
-1.000000000000000000e+00
-2.319740302186087955e-01
1.384163735493503800e-01
1.000000000000000000e+00
1.587885746720572311e-01
-5.145590873520926589e-01
9.877058404312900608e-01
-1.000000000000000000e+00
-6.797867746951732348e-01
7.262133393446924545e-01
7.311051176021736708e-01
5.047160910370387388e-01
5.104460824204639646e-01
-6.989566997859399944e-01
-5.603975637009257493e-01
7.163350781501345299e-01
-5.454060646448040395e-02
-9.002948092137704750e-01
-4.218652534521935005e-01
6.735462359259872800e-01
9.740076424523420595e-01
8.554189124715063652e-01
-7.672280389743855178e-01
6.949915998834852449e-01
5.304409352041943304e-01
7.242922815154583249e-01
-3.719023801559662723e-01
3.764517919593588502e-01
-4.359386201465494937e-01
7.874229207644639628e-01
8.732472569926513772e-02
9.874751368180116895e-01
-5.025332122201481289e-01
-2.765432735297077005e-01
-1.801303819839189524e-02
-2.772450044805742086e-01
-2.062690998899627259e-01
-9.117536563691828189e-01
-8.101402516122711006e-01
5.003464681212179688e-01
1.000000000000000000e+00
-2.095508946496151270e-01
-2.346910868620848689e-01
-4.749753294205842913e-01
-8.421496327266979609e-01
-1.000000000000000000e+00
3.882403659210207914e-01
4.247035261936202288e-01
-1.000000000000000000e+00
5.566484737721750786e-01
3.241167383285995518e-01
6.671671479322027754e-01
-7.473382331300216785e-01
2.591036815450248332e-01
-6.493064486141963965e-01
-3.300792562624549897e-01
-1.000000000000000000e+00
4.349856042381908816e-01
-6.894600536692028214e-01
-8.767300720008422421e-02
-1.682327605061539333e-01
4.335858337857372846e-01
-7.150701497782733229e-01
7.225620502151629543e-01
-6.605314916918643142e-01
-5.155632593156990184e-01
6.045476123825065384e-01
-6.778158412402329747e-01
5.360402527268152140e-01
-3.807320349857766795e-01
4.902960210611918557e-01
-7.674269955403333343e-01
-3.378373038858522581e-01
-5.891790267528143055e-01
-6.607629815134642426e-01
1.000000000000000000e+00
-6.809027914058540798e-01
-7.315424310159859278e-01
-6.361761974460473645e-01
6.039425986025290793e-01
8.414302573999006274e-01
5.607737317897655560e-02
1.000000000000000000e+00
-7.689303128991272773e-01
9.189095497701664783e-01
-1.918167359057290633e-02
-7.419770107695724537e-01
4.541892550310361876e-01
-6.812782883696772984e-01
-9.984765576912749130e-02
-7.577631868959568973e-01
3.076684323349391792e-01
-7.616640737893192181e-01
7.814011188711915690e-01
-2.281050483107306404e-01
-2.892601797722708090e-01
5.598665560676115982e-01
1.799900089956485982e-01
4.886501421884875684e-01
-1.633259209794555855e-01
4.835626961147578839e-01
2.333412781887722609e-02
-6.709754089097736962e-01
2.332763773815206554e-02
-5.536612217570131556e-01
6.773232444525921769e-01
2.007269173888214520e-01
-5.880317154088987586e-01
1.000000000000000000e+00
-3.656072141630301031e-01
-6.963916425031856372e-01
6.656789686165832665e-01
6.917063638141263127e-01
-5.531728839020606525e-01
1.415916436523417810e-01
2.250488632923193788e-01
8.400231688400829899e-01
6.093778297952209266e-01
1.000000000000000000e+00
3.009317464789518781e-01
7.949052892105914481e-01
6.084320588321316947e-01
-9.094387259936035361e-01
5.900143432701362434e-01
1.439170722383764645e-02
-7.031877855623102080e-01
3.232054016464324664e-01
1.000000000000000000e+00
6.660438706331984760e-01
3.852688801964368470e-02
6.585466342541708151e-01
-2.992512170785205372e-01
8.122275340476670102e-01
9.481112098388446707e-01
-8.383835229888934037e-01
7.814866178339856528e-01
1.000000000000000000e+00
-5.107842753014760762e-01
-6.881968733599882482e-01
4.433254720582693875e-01
8.090579824767767381e-01
-5.216703550517445831e-02
5.052078631825459576e-01
8.628558800763643788e-01
-7.134267478810281116e-01
-9.421801789143966488e-01
-3.784258265264915932e-01
6.541387515670716857e-01
3.978505294797957670e-01
3.705792672795630294e-01
-4.995240051745678533e-01
-1.000000000000000000e+00
9.728526533550904132e-01
-4.420624196354085433e-01
-3.411352915033898370e-01
-9.118114975824981316e-01
1.597342930048226972e-01
5.999974162426009450e-01
-2.290586024434365653e-01
7.560500904437827963e-01
-7.328347339763108259e-01
-5.212787474256841413e-02
-7.348055075879473819e-01
8.438540539693918374e-01
9.564306838081743090e-01
-8.037170613205375513e-01
2.696593341832800306e-01
-3.422328511842180898e-01
1.224523626553134792e-01
-5.760202222778674219e-01
-2.013331178499539742e-01
7.868722461552389857e-01
-1.815175604722194247e-01
-1.908019849630863130e-01
2.795833578131334818e-02
-6.938399466188769349e-01
2.688786372483595866e-01
4.159292401106574888e-02
-3.098408411114055849e-01
-3.665886415190279801e-01
6.172695644845518359e-01
1.000000000000000000e+00
-5.515770710595216397e-02
-2.525531543782380539e-02
