4.443806808615503590e-01
1.300539851990022977e-01
-3.189566845886092628e-01
6.056438469637974720e-01
-7.573033377396526378e-01
4.101685261987846887e-01
-6.966186512978954637e-01
5.426321879803788217e-01
-8.360855398524158488e-03
-1.815018956796019545e-01
1.000000000000000000e+00
3.743440276670552680e-01
7.188436686484350746e-01
1.129373769891877100e-01
5.298002722410946608e-02
-9.821533552141276102e-01
8.788093631601123779e-01
-6.985326386591457215e-01
1.846783244467984642e-01
9.398347790339032226e-01
4.500347997037719150e-01
6.988799058223592597e-01
-4.181471927373824893e-01
5.509055177922717039e-01
1.000000000000000000e+00
4.132825571730851522e-01
-5.193853960353927990e-02
5.489978264665585916e-01
8.782722074971813786e-01
-1.436663283400567703e-01
-6.746177372752351076e-01
4.374937645260911223e-01
-6.269345257642015001e-01
1.054327447216662772e-01
2.228316922715589676e-01
-3.361974672133519193e-01
-3.195081630971237097e-01
1.526907646874653413e-01
2.328617123249540899e-01
2.404223813214733663e-01
9.212913601835749366e-01
-5.177306260113452296e-01
7.248007956137172414e-01
-4.257294027293839211e-01
-6.616730313403077490e-01
-4.509080481971576293e-01
3.980039129704370238e-01
2.624224780208712637e-01
-2.034609431571541283e-01
-1.308801036327782441e-01
-8.377286433079185191e-01
1.071042453193100930e-01
-3.654990601184014976e-01
-3.493388806103349120e-01
-8.481571746273379730e-01
-1.000000000000000000e+00
3.828300303427767393e-01
-2.909010186650123342e-01
4.320548845492457879e-01
-5.858043862148347714e-01
-2.467176686533008034e-01
-2.426811282277152038e-01
-2.746119101327024747e-01
-4.423425210547414499e-02
5.454459432506468808e-01
7.812056503401318963e-01
-1.561941644298424081e-01
7.951013489292757530e-02
-5.440471562296016472e-01
-8.762789629400252744e-01
-1.606651192997942124e-01
-3.016146750590213976e-01
4.597512153474718755e-01
-9.605495896990898785e-01
-1.410509736541828152e-01
2.611915541664993623e-01
9.755891879634057684e-01
-1.832189382564383684e-02
-4.506850140762311829e-01
-7.481245859887616367e-01
-8.639068859601366501e-01
-1.000000000000000000e+00
6.323276178535656156e-01
-6.870056097987686794e-02
9.314068848242952336e-01
-1.000000000000000000e+00
1.086510088516425554e-01
7.405009705162760580e-01
-3.782505689352060330e-01
-9.332990003374437293e-01
-1.296151729848035727e-01
2.858258016054964212e-01
4.207359559328220922e-01
-6.930897185315229581e-02
1.000000000000000000e+00
-5.935328956745981044e-01
7.720303744832935910e-01
-1.389157874013042804e-01
6.940930778574990745e-01
-5.076453861671742507e-01
-5.747961934852754418e-01
6.926262387206292281e-01
9.454332215945018270e-01
-7.180533414138218218e-01
-4.282691644442774836e-01
1.000000000000000000e+00
3.230967206616669474e-02
-2.564523198071423371e-01
5.785228532521600187e-01
5.791732459322679327e-01
-6.486049183882893754e-01
3.787646963739554895e-01
1.109835161487600086e-01
-4.816791632111389609e-01
-1.145722527438360894e-01
-3.774743198840910807e-01
-9.727275069570116006e-01
5.504331777094169098e-01
-6.074632719314350116e-01
-4.327682942301673275e-01
2.345692116341815681e-01
2.406577302520879202e-02
1.742221198745840249e-01
8.729547971614270985e-02
5.953051140225640303e-02
-2.828120784148047129e-02
-2.326573764717443371e-01
7.652862572629522964e-01
1.000000000000000000e+00
4.562008471800376719e-01
-9.942484548544563427e-01
8.734201988380846382e-02
5.413414381342811499e-01
5.190924656953051913e-02
2.262700981729027783e-01
8.318026672414666756e-01
1.676185035134777623e-01
-1.000000000000000000e+00
1.000000000000000000e+00
4.318260995589838780e-01
1.762855487720930703e-01
-1.652648648140392362e-01
9.752742412197765720e-01
1.000000000000000000e+00
-1.488307253289834486e-01
7.941921028127297832e-01
4.644161624553949652e-02
-4.802051940608499381e-01
-7.367630641352630738e-02
6.399534006238405404e-01
-1.469294396898565003e-01
-1.852974297129812709e-01
1.379973088346252985e-01
-5.508300699429563574e-01
-3.710303090949249039e-01
7.646278749439052724e-01
-2.656220666553177345e-01
-6.866794684630379564e-01
-6.560089944646338989e-01
9.338261556446597611e-03
-3.685155636009951330e-01
-9.780057758399514078e-01
1.000000000000000000e+00
-2.263082894261692346e-01
-8.546687839260456165e-01
7.547723368969020408e-01
-1.000000000000000000e+00
1.476779349958181886e-01
-1.000000000000000000e+00
-2.335751559489970819e-02
-4.538515987261617646e-01
5.861662247292258598e-01
2.081811415810088106e-01
-5.955830376927386816e-01
3.388602170160417981e-02
3.435841670880901422e-03
7.534424758940003741e-01
4.461340378156891662e-01
-3.511763847030993091e-01
-2.391041103397154588e-01
1.000000000000000000e+00
-7.894456562319814852e-01
2.851138350876716854e-01
6.772972133628853975e-01
3.328571412618461789e-01
-2.127365945923093138e-02
7.522285474587195875e-01
-6.006443353033706911e-01
6.421229585252933303e-01
-6.289737846188105941e-01
-3.498384532578623363e-01
-2.187233719331857784e-01
1.868907347707564892e-01
4.947450315704103319e-01
-6.758722337067865071e-01
8.316826879752017843e-02
-7.521612102462857941e-01
5.283251436452701677e-01
1.000000000000000000e+00
-8.796403685186499066e-01
9.390779230459767035e-02
-1.507722764689861383e-01
-7.023356127809953220e-01
7.348539056070619857e-01
1.000000000000000000e+00
-6.959646407807096313e-01
3.844419401554632909e-01
2.080666144219807667e-01
-1.860440586734305457e-01
-1.000000000000000000e+00
-2.258162935397393378e-01
-1.031936959624701888e-01
1.705185767538914821e-01
5.217005190468643194e-01
1.000000000000000000e+00
-3.030235246030776874e-01
-6.688557176012088767e-02
8.825948747116023618e-01
2.671118544618378277e-03
5.432394038995630448e-01
2.250336211331716019e-01
-1.000000000000000000e+00
-8.059410590232489735e-01
-5.391830411759810371e-01
8.517826175421540080e-01
-7.323369636781992265e-01
-8.390680466519999658e-01
4.715975929400172406e-01
-4.158179652318336195e-03
-2.069712318685044961e-01
-8.465408710153247140e-01
-3.973088355030122698e-01
3.803292999932075258e-01
1.000000000000000000e+00
7.886587026699066749e-01
-5.331565422209778582e-01
-8.709220812229947484e-01
-1.765400087588731015e-02
1.178576187571136191e-01
-5.434003071438418125e-02
2.306539896809586820e-01
1.893996041799352326e-01
-7.035837819952277528e-01
2.239797961705192741e-01
6.193582083128111870e-01
-1.739990983960866822e-01
-1.404461248457788969e-02
-4.004223830133883943e-01
-3.772807480905442379e-01
-6.811717533166881111e-01
3.934816358755087728e-01
-3.839625425290988381e-01
7.755300011096062374e-01
-1.598713084054181888e-01
-9.058164291377694965e-01
1.414317912013282885e-01
1.479458521787302971e-01
-6.527385722750351782e-01
-5.633766180171069227e-01
3.626768431356836020e-01
2.618317639289467480e-01
-7.518866250929319150e-01
3.017839783590268166e-01
-7.067986189057660074e-01
-4.022296552323569863e-01
