-8.782402964990191352e-01
-6.856384422835463122e-01
-4.960829483436833276e-01
-7.296509471255976376e-01
1.000000000000000000e+00
-7.187565260653252519e-01
-9.555538913391832256e-01
8.009191265827625417e-02
-7.355852760606831353e-01
-7.435327904718461167e-02
-1.000000000000000000e+00
5.498000387743535722e-01
9.859492892927436136e-01
-1.000000000000000000e+00
-4.641474413484754091e-01
4.757258205500973225e-01
4.410974269326466413e-01
-5.757366844695327446e-01
-7.348426583297521519e-01
9.254745804008555066e-01
5.336054565503098868e-01
-1.812170742516388267e-01
2.013598763123865820e-01
-8.514851942909837934e-01
-1.000000000000000000e+00
2.218945636804280641e-01
-8.729795143750569419e-01
-1.000000000000000000e+00
1.146463842328358518e-01
-7.286176356786155939e-01
3.432902241077784855e-01
-8.797428142960679320e-01
-1.000000000000000000e+00
9.069191424913798372e-01
-1.899935725677618370e-01
-8.169093064491208533e-01
-5.858962223522903301e-01
1.431862738129272006e-02
-8.670728347916394352e-01
1.300632614565211675e-01
7.878055133127024323e-01
1.000000000000000000e+00
7.997350859176363125e-01
7.196055034208848067e-01
-7.302887458810547461e-01
-4.566682428634173396e-01
9.496591791210525768e-01
-9.885138593308457899e-01
-7.876876883599347456e-01
2.468238975763984988e-01
3.945482907714864540e-01
-5.145861884925778673e-02
-1.000000000000000000e+00
-8.647781027630233597e-01
-2.635055054433194655e-01
-1.621420926864013401e-01
7.064499775391364089e-01
-7.260839358344914896e-01
-4.659589284741936233e-01
9.523649696575774426e-01
-8.254316732750918151e-01
7.485007302277296715e-01
4.176444802557909286e-01
-9.335873751256317243e-01
8.802180878806034059e-01
1.000000000000000000e+00
-7.704217632130018201e-01
-7.920173472353121413e-01
-1.000000000000000000e+00
7.258913453007118655e-01
-1.000000000000000000e+00
-8.676505112233171557e-01
9.081856263898273607e-01
-9.246096783395073571e-01
-8.621568095634449813e-01
4.729674003859095088e-01
4.285821427648518478e-01
-5.439596745709156522e-01
3.857210579217770219e-01
-9.728565139492030278e-01
-9.363454223863532100e-01
6.317251617455799106e-01
5.374161718213863459e-01
-4.848198596693522044e-01
-7.853866907863629176e-01
2.679801626625277211e-01
-8.194427088093816369e-01
-1.727563725533616812e-01
-4.948046699172677088e-02
8.813117842206609209e-01
6.203707576510071320e-01
9.813029131890260714e-01
-4.512523046031355345e-01
-6.359651429186233829e-01
-9.472844684783151559e-01
7.690341510601597652e-02
-9.847884581427914785e-01
7.233898902735049763e-01
-6.334594220640481499e-01
7.965977853755144000e-01
2.392310791399151204e-01
-4.209789512618921647e-01
4.433471818267339382e-01
1.381595133586808466e-01
-4.454095639082452651e-01
-7.535446937563848868e-01
-7.538769858885068231e-01
-1.000000000000000000e+00
8.143431522278046231e-01
-4.347315997301953727e-01
-1.000000000000000000e+00
8.512301263424701947e-01
-9.574655653085364371e-01
8.972244221422176480e-01
6.536754479691841979e-01
6.617927912179573102e-01
1.000000000000000000e+00
-9.387308262755624799e-01
-8.186132476151074533e-01
1.000000000000000000e+00
4.708667630405032334e-01
-3.023185799624132919e-01
9.161086998868595010e-01
7.391919435688182327e-02
-5.705464803836097776e-01
9.826704786286779569e-01
-2.864229035868773310e-01
1.000000000000000000e+00
7.086244792459718278e-01
-5.912768304934687968e-01
-7.901422610617949704e-01
-9.487800786905925543e-01
-9.501223860064776927e-01
-1.000000000000000000e+00
3.529086821158013421e-01
3.506897247740446977e-01
6.118130746977745726e-01
5.449194577678833085e-01
1.135097061944976837e-01
1.000000000000000000e+00
-1.000000000000000000e+00
6.251138214383298308e-01
-4.084792827304299934e-01
-6.159971455032092758e-01
-6.395033335955482290e-01
8.661261177225415553e-02
-8.867346146471000168e-01
1.000000000000000000e+00
-6.601035151956859970e-01
3.510949106504610007e-01
-5.512506800375713834e-01
-1.000000000000000000e+00
1.000000000000000000e+00
3.077275653271249745e-01
5.713465517413015560e-01
-7.513069384467162548e-01
2.493036170164928400e-01
6.484752918900269503e-01
8.959719154352434600e-01
7.110043270185217867e-01
5.952534781690399512e-01
-1.879223314338319129e-01
-4.624939636845367685e-01
-6.211589266237672602e-01
-8.518757054088241798e-01
-1.000000000000000000e+00
3.005834541310292152e-01
-9.826889165495938938e-01
4.093655100380464429e-01
8.162552103483522448e-01
-8.098894856990185298e-02
1.384708021155067748e-01
-4.410974269326466413e-01
-7.747247321034104184e-01
8.807511805290988427e-01
-1.000000000000000000e+00
-1.000000000000000000e+00
1.000000000000000000e+00
-4.929890744192396701e-01
-4.816369981492888419e-01
-7.599344315791515259e-01
3.533656437560224739e-01
-6.620120290475568492e-01
-5.565963088666742165e-01
-9.234271089056227400e-01
-5.512906136210081742e-01
9.621900647369769910e-01
-4.830655537853041914e-01
4.410974269326466413e-01
-6.796966026891679835e-01
-9.143811980371830961e-01
1.000000000000000000e+00
1.000000000000000000e+00
7.628078976319164761e-01
-2.137868990803307168e-01
-9.708547823178417246e-01
-1.000000000000000000e+00
-6.491757749091624508e-01
-9.621758356820274694e-01
8.749300872406922114e-01
5.236607248328709607e-01
-4.302531313916596600e-01
-2.995985453489449224e-01
9.871098873517261119e-01
-4.538638853954105601e-01
-8.136527782371256734e-01
-1.000000000000000000e+00
8.449518726246472156e-01
-8.222484560564738976e-01
-4.597157189524850862e-01
-6.752273418308319952e-01
4.892843514693359652e-02
7.485202146276005442e-01
-6.759872707765632316e-02
-9.278292589598257090e-01
5.259275407172636640e-01
6.795643070973750310e-01
-1.000000000000000000e+00
7.271401434191780977e-01
-9.773500583117871177e-01
-9.969554214228514288e-01
-7.443083218177658500e-01
3.863659282331787237e-01
7.423363907729813027e-01
9.823225193347505657e-01
9.434524755759097214e-01
-6.407419357610186772e-01
-1.812522990710713211e-02
6.931454607428928494e-01
-8.195689149060431111e-01
8.800402361978044707e-01
7.115538364652572723e-01
-8.767415704833025902e-01
6.725916790486607955e-01
6.128746902163617616e-01
-1.748668835022343382e-02
-5.128053864631418879e-01
1.000000000000000000e+00
-1.000000000000000000e+00
-1.000000000000000000e+00
-7.699267951129873389e-01
-2.294526146161049440e-01
2.529655721600833629e-01
2.106957329302808213e-01
-2.827915512323798120e-01
4.410974269326466413e-01
7.953814910145208250e-01
-8.257907746588157849e-01
-4.059541251069548884e-01
-2.817198484767539091e-01
-6.094935883796956944e-01
-3.677177503605151276e-01
-1.000000000000000000e+00
4.208504440393188162e-01
6.425295391307248583e-01
9.283825425492031602e-01
-9.528147533457570484e-04
-1.000000000000000000e+00
-6.865501112887923973e-01
-6.796502224976260775e-01
-8.246487271371084615e-01
3.600013374637819341e-01
1.000000000000000000e+00
8.036205339053856811e-01
9.887669062291539746e-01
