-1.000000000000000000e+00
1.000000000000000000e+00
5.178432096081238001e-01
-1.050544959654394206e-01
-7.276503452771116986e-01
-7.480333942515802192e-01
1.981179240527812246e-01
1.000000000000000000e+00
2.276083315493976356e-02
-5.578801341462006347e-01
4.963870953065828706e-01
-1.549689020087427482e-01
-7.773156805928145285e-01
1.245642797886308273e-01
8.495897792934983261e-01
1.651058866162008198e-01
3.681771897723020159e-01
-3.267514182211295193e-01
-2.593302744221550604e-01
1.000000000000000000e+00
1.000000000000000000e+00
5.803665259465984327e-01
-1.000000000000000000e+00
-3.429673113306593857e-01
-1.000000000000000000e+00
-1.000000000000000000e+00
1.000000000000000000e+00
-2.456368914589002195e-02
-7.067343032422120919e-01
1.559599028898255302e-01
9.669633491847351436e-02
-9.441378510604696572e-01
-1.000000000000000000e+00
1.000000000000000000e+00
1.000000000000000000e+00
-9.247129344217567271e-01
-3.828796770331905908e-01
-1.000000000000000000e+00
2.934713496092353768e-01
1.000000000000000000e+00
1.000000000000000000e+00
6.259202436210562492e-01
-5.999127003320249285e-01
1.385778106101012708e-01
3.108570053402156530e-01
5.171714234332860927e-02
-7.759996450086943387e-01
-3.152632666348925694e-01
4.185789883201800343e-01
-1.000000000000000000e+00
-3.861743496423274413e-01
-3.709903517090331060e-01
-4.433660845424999275e-01
3.844098784271922087e-01
1.000000000000000000e+00
-3.798464025673343736e-01
1.000000000000000000e+00
3.197415439569680773e-01
-2.363166738783026855e-01
-1.347221001784290606e-01
-1.000000000000000000e+00
-5.368737132261662826e-01
1.000000000000000000e+00
4.958252333707658943e-01
-1.000000000000000000e+00
4.031026285912807650e-01
1.636764436534944578e-01
-1.226115315400451711e-01
-1.000000000000000000e+00
-1.000000000000000000e+00
-1.000000000000000000e+00
-7.901828774356511875e-01
-1.000000000000000000e+00
4.819341394640943022e-01
-1.000000000000000000e+00
2.262848573415281450e-01
1.268353633520709345e-01
1.000000000000000000e+00
8.630045990297954273e-01
-1.000000000000000000e+00
-1.000000000000000000e+00
7.538864981578288216e-01
8.822421360699329584e-01
-4.693181617403969774e-01
-1.713481823946004790e-01
1.000000000000000000e+00
-1.000000000000000000e+00
1.000000000000000000e+00
9.867479418480985531e-01
2.275600981595631289e-01
-3.719356699023029789e-02
1.000000000000000000e+00
8.335277907155718147e-01
9.827169976568579379e-01
-1.000000000000000000e+00
-2.298085950936834820e-01
-3.710386172723764697e-01
1.000000000000000000e+00
-4.875201947560889315e-01
-1.000000000000000000e+00
7.662095034880700428e-01
-4.083448648695020555e-01
-9.426550296649094385e-02
9.303845350697799166e-01
-7.602576108716622150e-01
-2.832117847572084290e-01
1.000000000000000000e+00
-6.160992330547643281e-01
1.000000000000000000e+00
6.674606534615216968e-02
-1.000000000000000000e+00
-3.732341847670260782e-01
3.280787760437386957e-04
1.314709690764666594e-01
7.649842282708894103e-01
4.421116013746912987e-01
-2.553395856302669714e-02
-9.870956342752272850e-01
-9.281340466705568781e-01
-1.225289638335229914e-01
6.037654021371565705e-01
-1.000000000000000000e+00
-1.000000000000000000e+00
-1.000000000000000000e+00
1.000000000000000000e+00
6.359885795859969715e-01
-9.958673047113855148e-01
1.000000000000000000e+00
-1.000000000000000000e+00
1.973436002608540685e-01
-2.226953590748309564e-01
1.882746771488306159e-01
-2.782126664320268006e-01
7.368656137419489216e-01
-2.265425509010549343e-01
-8.508929191356641164e-01
4.866741509961019507e-01
9.624543334277846363e-01
-4.882370806717470924e-01
2.477019829815855501e-01
-1.000000000000000000e+00
-1.000000000000000000e+00
-1.000000000000000000e+00
-2.742280459785536584e-01
-8.508057576602576777e-01
1.000000000000000000e+00
4.060953299119295368e-01
7.861485160132148931e-01
-8.346036723777142674e-01
-1.932184580116454997e-01
-4.315585247492338405e-01
1.000000000000000000e+00
8.463585875965967675e-01
-2.338384659521959841e-01
3.869252613142994401e-01
-1.475630350040402217e-02
-2.689199954366059409e-01
7.326112332084148138e-01
1.867647734540991422e-01
-9.624633305383591964e-01
1.591067195803344547e-01
-2.976174943024988417e-01
5.546510177347803161e-01
-6.332564730538252640e-01
1.000000000000000000e+00
6.637078902222942611e-01
1.871526370529492111e-01
-1.275442605820322206e-01
5.612551963052503368e-01
8.057353221689965428e-02
-5.949701477243649061e-02
4.187509312710470666e-01
1.000000000000000000e+00
-1.000000000000000000e+00
1.000000000000000000e+00
3.242866070379156751e-01
-1.000000000000000000e+00
-1.000000000000000000e+00
-5.701146272402387583e-01
-4.801886214769921501e-01
1.000000000000000000e+00
-7.394681240303024872e-01
-1.000000000000000000e+00
-6.950744180186232413e-01
-3.437722198560566600e-01
5.837523561579792686e-01
3.121649225132727690e-02
7.360482746929231102e-01
1.000000000000000000e+00
1.000000000000000000e+00
-7.903718774050125795e-01
-2.737293384012519093e-01
5.695966502998108805e-01
-1.000000000000000000e+00
-1.000000000000000000e+00
8.230631187691500594e-01
6.050999484085184399e-01
-1.000000000000000000e+00
7.520654067241576701e-01
-5.435020690105267782e-01
-1.000000000000000000e+00
-1.000000000000000000e+00
-2.982981465638850915e-01
1.000000000000000000e+00
-1.000000000000000000e+00
-8.166556649621945496e-01
-6.114949575361254830e-01
-7.533220957544628504e-01
1.000000000000000000e+00
-5.503387038547071786e-01
-1.000000000000000000e+00
1.000000000000000000e+00
4.727163280867359707e-01
4.111734384589744162e-01
-1.649938585719015194e-01
1.000000000000000000e+00
-1.000000000000000000e+00
-7.925269223714976885e-01
5.419654651507092025e-01
-1.000000000000000000e+00
-5.311513342733014120e-01
-1.000000000000000000e+00
8.774582485455751923e-01
7.110655481026650904e-01
-1.000000000000000000e+00
5.308231981326433369e-01
-5.709203962189967063e-01
1.000000000000000000e+00
-1.548936274871810237e-01
9.965066687528465472e-01
6.455247082927260127e-01
-1.000000000000000000e+00
8.383440613864325819e-01
9.701562593006609614e-01
-3.406638223988079917e-01
5.618975864159880818e-01
5.303966921573440851e-01
-1.000000000000000000e+00
1.620469770463663917e-01
-1.000000000000000000e+00
3.555067646407882864e-01
6.578499098793739730e-01
9.975331480541717033e-01
6.945094633271535756e-01
4.351786462798638566e-01
-3.728338683428105149e-01
-6.344740985680098477e-01
2.957059905667566158e-01
1.000000000000000000e+00
1.000000000000000000e+00
-1.000000000000000000e+00
-9.437354800962944879e-01
5.208291312320584288e-01
9.226681364693568588e-01
-1.000000000000000000e+00
-7.521218867551557885e-01
-1.000000000000000000e+00
1.275442605820322206e-01
-1.000000000000000000e+00
1.000000000000000000e+00
1.000000000000000000e+00
1.000000000000000000e+00
-1.316617747236886182e-01
2.059522860213584272e-01
7.459278935190085669e-01
