-3.370858267243466155e-01
1.915223597121399335e-01
-1.802070200734496030e-01
9.395505522759339812e-02
4.416527733369867148e-01
-2.698590099364461814e-02
-6.049866522165744942e-02
-8.331585328204582641e-02
-1.000000000000000000e+00
-7.691824567363247933e-01
-6.566465041926357049e-01
-1.766771277217166203e-01
-5.134992829007527515e-01
4.102538226536500687e-01
-8.762676099897529491e-01
7.888918468770954595e-01
3.394346002835499920e-01
2.185807305363013375e-02
7.628592714746132986e-01
-4.443085649460648545e-01
-3.762893834800795645e-01
-8.495593418433278199e-01
-5.652522330380811422e-01
-2.292092050320387875e-01
5.442019962595185945e-01
-1.000000000000000000e+00
7.442461468891956589e-01
-8.564787773407412930e-01
1.030632608592236821e-01
-4.283356038186577619e-01
-1.000000000000000000e+00
-8.643079989070029390e-02
-9.221257765929193884e-01
-3.163568764100954667e-02
-5.533893957897146887e-01
4.730439413604102805e-01
4.111330423392612898e-01
-1.159009164648470147e-01
7.823978550031124302e-01
-2.780281191130447027e-01
1.000000000000000000e+00
8.197111675558773625e-01
-1.000000000000000000e+00
-5.482076629292208514e-01
-1.396411997017384388e-01
-7.514832308973151687e-01
-2.522235693976443427e-01
-3.157388971634200736e-02
-1.000000000000000000e+00
-6.767401763812908033e-01
7.938761106764605779e-01
-4.378476999623382993e-01
-7.816705493364430879e-01
5.382965475580294701e-01
-5.027439726955718058e-01
-7.862894962500589502e-01
-7.003941313724026951e-02
2.001221782488394885e-01
-9.236602666918376503e-01
-8.962930390763428345e-01
-5.337637332397515699e-01
-8.679278380619994682e-01
1.000000000000000000e+00
-6.408766125024037974e-01
2.716936999860314339e-02
8.097983625064616442e-01
-1.832673645180765698e-01
-7.857773651319530650e-01
-4.515732864191820406e-01
-8.431218429863385211e-01
1.327040377606367172e-02
-7.592301024651186836e-01
-5.190041129140362530e-01
-7.961346549370955650e-01
-1.000000000000000000e+00
2.457408188586053532e-01
4.716622837861282336e-01
4.205091332779332669e-01
7.341573613348060245e-01
9.395505522759339812e-02
1.206748032232968226e-01
-1.000000000000000000e+00
-7.928127092417941446e-01
6.199076142840522774e-01
2.912837883649807558e-01
9.395505522759339812e-02
-1.000000000000000000e+00
6.928125363841874940e-01
-7.026342851840334802e-01
-1.000000000000000000e+00
3.476900841478332560e-01
2.133100160734312523e-01
-3.424516573112245110e-01
-5.204974933941275417e-02
-4.365621513270005472e-01
-1.576740499577633514e-02
-8.056755276033891189e-01
3.330825419532917331e-01
-6.193504829218757779e-01
5.566188069615332079e-01
5.506169568413987747e-03
-2.905185247523974779e-01
7.296115380382902638e-01
-4.557725210332111421e-01
9.395505522759339812e-02
-5.516605058336124801e-01
-4.241230765609824704e-01
5.797503811334343560e-01
-3.660201374468756708e-01
1.000000000000000000e+00
1.000000000000000000e+00
-2.507569325447663866e-01
-9.098797104924526424e-01
-3.969551865622629183e-01
-8.071960488059273242e-01
7.291804811153281829e-01
5.173431160884086610e-01
5.016977352460839645e-01
1.767858907986481487e-01
-4.616299547264057779e-01
-7.766208153585716367e-01
-1.000000000000000000e+00
9.556106203615991057e-02
9.194610640079650121e-01
-8.844994891258818326e-01
7.496511406840371539e-01
-5.119494054768530811e-01
-5.032592097866779302e-01
-4.571992900834193074e-01
5.456087591119831992e-02
-7.085649766189409116e-01
1.261212749102618158e-01
2.352444040601728847e-01
-8.779019114726414053e-01
-7.180098226385721594e-01
-7.820239300385078973e-02
-7.093774254882412311e-01
-1.916444987729559180e-01
3.936444139090677918e-02
-5.914369066406888198e-01
-1.000000000000000000e+00
-8.122166056193930173e-01
-7.405930019960853539e-01
-5.607294334494647980e-01
-3.726534275181637157e-01
1.000000000000000000e+00
3.852560483889382326e-01
-2.410158372038073704e-01
-5.782674343838762887e-01
-6.787007977128460823e-01
1.000000000000000000e+00
-5.932851492661692649e-01
1.082777393531161592e-01
5.359186238999776863e-01
-2.405352705839219896e-01
4.302709894737022367e-03
-2.791392827848006020e-01
-1.000000000000000000e+00
8.621941287612011617e-01
-1.344483299111206009e-01
-7.541058374836563383e-01
4.157278948944937574e-02
-4.389311679411626033e-01
-2.932706354633987100e-01
1.646069233975756552e-01
-1.000000000000000000e+00
2.342793308800787955e-01
6.923666715386416204e-01
2.939019563770893795e-01
4.927973130553050529e-01
-7.093277261506727438e-01
4.425018735756164334e-01
8.769617708099268771e-01
-3.641689493630834162e-01
5.804092972746416335e-01
1.877392883044931293e-01
8.247779749477227584e-01
-5.686740113506223437e-01
7.607134624510833998e-01
-2.193831623646106121e-01
-6.645762337440741518e-03
6.115088452988211021e-01
3.913516495766155012e-01
3.375664780226514949e-01
-9.151111522524841835e-01
5.662220578052836739e-01
-5.172685598751251002e-01
9.118530441911181228e-01
6.541707448020384064e-01
-1.000000000000000000e+00
2.896485072276869244e-01
1.000000000000000000e+00
6.823273561041455215e-01
-3.081916750679044026e-01
-6.685756650377007171e-01
9.611226030464560255e-01
1.244351197195275455e-01
-7.711746224447638687e-01
1.011270960961673238e-01
7.741785459239787504e-02
-3.478642257255404324e-01
4.420609872742489732e-01
8.276670849194900370e-02
-1.109003153719806400e-01
-2.371926032661266781e-01
5.290296191874355181e-01
1.000000000000000000e+00
-8.265674538342578925e-01
3.567286078180234021e-01
1.879251757834521364e-02
-9.809209821627383752e-01
-7.231624521714983267e-01
7.561833294695128327e-01
9.915189392750425323e-01
-4.853806215598146512e-01
1.000000000000000000e+00
-1.000000000000000000e+00
-1.000000000000000000e+00
2.384113950545437011e-01
2.789774384253429496e-01
-6.820159091206933200e-01
-4.790848771763944747e-03
-2.653416601658231677e-02
-4.240429817785542066e-01
5.638620870707798938e-01
-6.771488920187697103e-01
-1.698209953324468779e-01
-5.164175177094743052e-02
-6.027672447204439621e-01
-2.013959516202445954e-02
1.000000000000000000e+00
-4.333450599622688526e-01
4.643773585395656323e-01
2.397560931562711661e-02
-1.000000000000000000e+00
-7.609255987047116587e-01
-7.004047092695183663e-01
3.521629670758424924e-01
-3.957197874362912149e-01
-6.601910435087987583e-01
7.746605217344560979e-01
4.506610299767622729e-01
4.633914617285341819e-01
9.551630117824105870e-01
-9.209449899498223235e-02
-1.000000000000000000e+00
1.000000000000000000e+00
9.984001130214695263e-02
-1.000000000000000000e+00
8.934397496422865625e-01
-6.216942715626816440e-02
-1.000000000000000000e+00
9.362191450822482386e-01
-4.053192110193587494e-01
1.768550588019426328e-01
1.907525905975214764e-01
3.196328503894659834e-01
5.925859267311200940e-01
1.966057574554816445e-01
7.679703570075411267e-01
3.484679932518077172e-01
-1.024519983637320331e-01
8.700485820623664601e-01
9.477742860985158835e-01
-3.415161709038087023e-01
