-5.952210036525426018e-01
9.122638492694103984e-01
8.444042849529724837e-01
-1.260817793963904532e-02
-9.604699383575501237e-01
2.102804539651189630e-01
5.590909854108774141e-02
-4.083877553380667047e-01
2.349273235759170020e-01
-6.798309842634667755e-01
5.120155930699993307e-01
9.213586556335051636e-01
3.809559965139571180e-01
-8.232940671146473655e-01
-1.995067740324656946e-01
7.960760036962960529e-01
-2.167567788666749096e-01
-9.519544946645361883e-01
-8.158959438214523630e-01
1.026725120430207472e-01
-6.977434754317246579e-01
-8.886022152018711873e-02
-3.640848341122902010e-01
7.267211453918906994e-01
8.885913508644612824e-01
-3.344792413503638179e-02
-2.877629700002646285e-01
2.870862895507721863e-03
5.140586840317549200e-01
5.912612161831004576e-02
3.780791864135849556e-01
-8.772756602629191436e-01
4.203655074410970749e-01
1.721102856990452401e-01
-4.455885287312289500e-01
-4.555220888329020723e-01
2.782671392788432230e-01
4.668618554592975367e-01
-2.952646609748410533e-01
1.248611784603931296e-01
3.904355789945879174e-01
2.884520923173210516e-01
1.731470519956442300e-01
-5.855851431088603398e-01
3.967374441964013898e-01
4.447187618152922406e-01
-5.992985619358848215e-01
1.000000000000000000e+00
8.357047612585345453e-01
3.392431793116365557e-01
-6.064455748557404657e-01
-2.660818286724481174e-01
5.022818965741228103e-01
-4.682638158446063015e-01
-2.476468524383651226e-01
5.272911433381033408e-01
-1.000000000000000000e+00
1.000000000000000000e+00
1.540197347135349726e-02
2.257315450565530457e-01
2.761462476552833945e-01
-8.640279790857945397e-01
7.438837861925261530e-01
9.535152323966297749e-02
5.688880794116444317e-01
-3.990343864127837703e-01
2.107888937223003079e-01
-5.309896325126812755e-01
1.000000000000000000e+00
8.102594429955942701e-01
-4.063842402830175615e-02
-4.228037610618807229e-01
-4.193502605686017515e-01
3.530154435723749096e-01
2.565503598223255466e-01
-7.943185324405431791e-01
9.580932137023290274e-01
8.102610628650247504e-01
3.865937728415950181e-01
-4.690326441565214055e-01
-8.671455413630440034e-01
-2.411264713350881883e-01
1.000000000000000000e+00
6.285783932794637430e-01
3.784220449211948001e-01
-1.878076228073695397e-01
-1.000000000000000000e+00
-9.018131755012369632e-01
3.519405586694594468e-01
7.695994662694670696e-01
-1.000000000000000000e+00
-5.585396658238452883e-01
9.186291320575709074e-01
3.072761759827277173e-01
-8.122084867394199215e-01
-4.879539498557089461e-01
-4.392539184184747758e-01
-1.000000000000000000e+00
8.890890435063633079e-01
1.519963109053547035e-01
6.028376321389596892e-01
-9.371406043190591006e-01
-2.275931597013922669e-01
-1.895393219592075851e-01
3.992529655578767045e-01
-1.583904827779898661e-02
-7.989468184342823909e-02
4.289232100774063028e-01
4.969376920624446470e-01
6.970935201181553686e-02
9.395806626972296183e-01
3.307665523430232124e-01
-9.696294590145089209e-01
-8.275321187275765933e-01
-1.001360801402627204e-01
7.181766237360582839e-01
9.680633355693138986e-01
-9.580914018902725315e-01
1.426942791222862716e-01
4.787006131036441459e-01
4.644730673455682579e-01
6.970802008674480410e-01
-3.160661666456349717e-01
5.417211174581215705e-04
9.716899912656642435e-01
1.387081003506064336e-01
-1.700148724799171729e-01
-8.318204890255124218e-01
1.807986121103861699e-01
7.240354954919682173e-01
7.300348307839573669e-01
-3.915028465651722578e-01
9.188663978828406353e-01
2.873132055743760072e-01
-8.431825588677086536e-01
5.497485768464173139e-01
-4.044231101104417414e-01
-1.629529532336799758e-01
-6.519465541651485729e-01
1.000000000000000000e+00
-6.026531393270798675e-01
4.595543770421206542e-03
-8.220296297713213240e-01
3.852110273444140365e-01
9.170732684904709942e-01
-2.737633314066566514e-01
-3.678829995859412283e-01
-1.000000000000000000e+00
-3.243761247805264647e-01
1.059514562541427063e-01
-2.959361075453671441e-01
-3.912456619803137414e-01
5.032076232174291786e-01
2.651865379082533891e-02
5.215665694935631702e-01
9.385694071811180317e-01
9.521125638664165169e-01
-1.078016599642352691e-01
-7.043938749087848006e-01
-9.713652174687072982e-01
3.082353380355623562e-01
-1.300760751358510658e-01
-1.000000000000000000e+00
-8.141303924257583535e-01
-5.292614364551281314e-01
-2.846570539960843749e-01
2.665761017192780358e-01
-4.629456439238541776e-01
-1.910633794319832601e-01
-1.439047967002358985e-01
-4.002080506834065354e-01
-4.435995323798954115e-01
-1.000000000000000000e+00
5.622647061158336790e-01
6.590472401132211333e-01
-5.779251589097372799e-01
-4.805103907163390531e-01
5.322293893098166695e-01
2.358879523678481527e-01
6.348582295573010903e-01
-5.161956420597361150e-01
-8.405443537980727964e-01
-6.111147613158799397e-01
-7.468077959890462303e-02
7.591603402692317371e-01
-3.607594376493409860e-01
2.307986256348835696e-01
1.986441170853925353e-01
-2.106097497099051752e-01
2.559817058902738030e-01
-9.245966157070821534e-02
-1.612023958823193825e-01
-5.640133749400321195e-01
-6.230345530170773305e-01
8.894291665080968912e-01
-7.067532728385303997e-01
4.829671734615203493e-01
-9.714011719851014526e-01
-2.464508349188407332e-02
-9.678664155399396840e-01
2.214455730646607279e-01
-3.570407086499393645e-01
-6.848059722572474861e-01
6.348718263990696387e-02
4.688401431983113543e-01
-7.859926013847761128e-01
9.300297019011021238e-01
9.398428920806625730e-02
-7.393644335028394243e-01
-9.107798773244853985e-01
1.841459991981860556e-01
1.035898474502549849e-01
4.109942405619195771e-01
1.908859602034527758e-01
4.342206952555157651e-01
3.594465007558899639e-01
-4.230211889505712808e-01
-8.442377212559387667e-01
-4.543066591054157888e-01
-8.056651339585063631e-02
9.998559425248980670e-01
-9.027658690227579052e-01
-5.550607619297107664e-01
-1.854837441486931748e-01
1.000000000000000000e+00
7.358835547549866796e-01
8.703853505789946321e-02
1.000000000000000000e+00
5.475566694275250113e-01
-4.231038512695792231e-01
4.826081614940328501e-01
-3.184110522110922825e-01
9.514686906643933240e-01
1.000000000000000000e+00
1.000000000000000000e+00
-6.682362658175138304e-01
7.852099958022926707e-01
9.944469953719664579e-01
6.308190773984106992e-01
5.756214186580100867e-01
9.871269836302311029e-01
-9.610704715831982492e-01
8.360105835861956214e-01
5.610267267784070366e-01
7.910454679382240561e-01
-2.609335457221291787e-01
-1.217642885739031178e-01
5.849069672869064984e-01
5.028289062046300550e-01
-2.948676961049012668e-02
-3.089463699323236057e-01
-9.130213569665224238e-01
-1.906686848564796422e-01
1.174127721810374059e-01
3.197550516822531552e-01
-4.691405294332115505e-01
6.018163425390880006e-01
-7.101710833457690608e-01
-1.000000000000000000e+00
4.235010290905912855e-01
-3.911959985751973234e-01
4.373041720867337223e-01
2.921533298873155160e-02
-2.497613951429483170e-01
1.000000000000000000e+00
