-1.000000000000000000e+00
1.000000000000000000e+00
-9.608910932189449472e-01
-1.000000000000000000e+00
9.567690961368403579e-01
-9.640312631111187525e-01
-1.000000000000000000e+00
-1.000000000000000000e+00
-1.000000000000000000e+00
-1.505593231387806208e-01
-9.034779486331989684e-01
-3.745600945114666569e-01
3.252120813954871292e-01
-9.994758074677924098e-01
8.202583468711969195e-01
9.556335606577099906e-01
1.000000000000000000e+00
-1.000000000000000000e+00
-7.584498517228712711e-01
9.108202281787883825e-01
1.000000000000000000e+00
7.592019596720585017e-01
-6.394195397864406161e-01
-4.176557815193517875e-01
-1.000000000000000000e+00
-3.615974976051919976e-01
-1.000000000000000000e+00
-6.659984685777721181e-01
-7.313709504972574216e-01
-1.000000000000000000e+00
1.000000000000000000e+00
-3.674271298301216016e-01
1.000000000000000000e+00
-1.000000000000000000e+00
1.000000000000000000e+00
-9.965712406812583524e-01
7.012085101158185285e-01
-1.049934531002405524e-01
1.000000000000000000e+00
-1.000000000000000000e+00
9.178598357898151150e-01
-1.000000000000000000e+00
1.000000000000000000e+00
-2.256914551687003168e-01
-1.000000000000000000e+00
1.804846810698723658e-02
3.041838284306785933e-01
-1.000000000000000000e+00
-1.000000000000000000e+00
-1.000000000000000000e+00
-1.000000000000000000e+00
1.000000000000000000e+00
4.645268031390406005e-01
1.000000000000000000e+00
7.505815662445473047e-01
4.930001414422331418e-01
-7.454484881403213858e-01
-6.702823093854444192e-01
3.469503219743275135e-01
-2.081610412824203699e-02
-1.000000000000000000e+00
-1.000000000000000000e+00
-1.000000000000000000e+00
4.425635496752577946e-01
-9.982263925198363586e-01
-2.742734098100470530e-01
3.864756882062048149e-01
-9.083706433764568988e-01
8.564316768112689715e-01
1.000000000000000000e+00
-1.000000000000000000e+00
-1.945555533530984038e-01
-1.000000000000000000e+00
3.864756882062048149e-01
-9.134875979795286094e-01
3.249967908324229438e-01
1.000000000000000000e+00
4.832861942292290269e-01
1.000000000000000000e+00
2.444721211579015119e-02
8.904214444201861145e-01
-1.000000000000000000e+00
-8.793938744549002484e-01
-1.000000000000000000e+00
-1.000000000000000000e+00
-7.769070069584773641e-01
-2.271114580435608099e-01
-9.238450346331192331e-02
-6.280313176390150964e-01
-9.097040814239820694e-01
-9.913469479940730800e-01
-9.832169994499871946e-01
5.545847882308727606e-01
1.000000000000000000e+00
1.000000000000000000e+00
1.000000000000000000e+00
6.109875892980032308e-01
-9.952779160158929939e-01
7.910419816521790937e-02
1.000000000000000000e+00
-7.622783566066986261e-01
-2.430072765883738994e-01
-1.000000000000000000e+00
1.000000000000000000e+00
-2.201498405408207071e-01
-7.227192043555201728e-01
-1.000000000000000000e+00
6.733571139399239236e-01
1.000000000000000000e+00
8.783415907925986588e-01
4.314728166475989557e-01
1.000000000000000000e+00
1.195411752753702261e-01
-1.000000000000000000e+00
-9.900196728086106956e-01
-1.000000000000000000e+00
2.995921414228739366e-01
-1.000000000000000000e+00
-9.349084796402480357e-01
-1.000000000000000000e+00
6.673556783538048265e-02
3.409510496766021692e-02
1.000000000000000000e+00
9.109620148981864007e-01
-1.000000000000000000e+00
-9.969362202333006406e-01
-8.206430488095898257e-01
1.000000000000000000e+00
-1.000000000000000000e+00
-3.674492188988623953e-01
-9.477961222826573051e-01
-8.147596017228703191e-01
-1.000000000000000000e+00
1.000000000000000000e+00
-4.063935214378799343e-01
-6.286188017295195607e-01
1.000000000000000000e+00
1.000000000000000000e+00
-1.000000000000000000e+00
-6.220354476813627631e-02
1.000000000000000000e+00
-3.864756882062048149e-01
-7.719578478034244684e-01
1.000000000000000000e+00
1.000000000000000000e+00
-1.000000000000000000e+00
1.000000000000000000e+00
7.950819809328782961e-01
-1.000000000000000000e+00
-8.857167785304123075e-01
6.747254214631613900e-01
-1.000000000000000000e+00
-7.859924565816184261e-01
8.490720552680772748e-01
-6.688044462300651860e-01
-1.000000000000000000e+00
-1.000000000000000000e+00
7.700393791927937492e-01
1.000000000000000000e+00
1.000000000000000000e+00
1.000000000000000000e+00
-1.000000000000000000e+00
-1.000000000000000000e+00
-2.171122108908366544e-01
-9.798894035813984216e-01
-4.168341151760757146e-01
-1.000000000000000000e+00
-2.464383812869635482e-01
-6.347131585271472698e-01
4.261367738492451984e-01
1.000000000000000000e+00
6.762759678736990354e-01
-8.620759205822332572e-01
-1.000000000000000000e+00
1.000000000000000000e+00
-1.000000000000000000e+00
-1.000000000000000000e+00
1.000000000000000000e+00
-4.594269808823995271e-01
5.303977465991577267e-01
-5.697353425683955308e-01
-3.857374119277270363e-01
4.508099955828661631e-01
8.555626500180280036e-01
9.979916842156463241e-01
-4.332445609848321055e-01
-1.000000000000000000e+00
9.950047249211972922e-01
1.000000000000000000e+00
-1.000000000000000000e+00
-1.000000000000000000e+00
-1.000000000000000000e+00
5.565539672841457453e-02
-1.000000000000000000e+00
1.000000000000000000e+00
1.000000000000000000e+00
3.864756882062048149e-01
-1.916988050046623815e-02
-1.000000000000000000e+00
1.000000000000000000e+00
-1.000000000000000000e+00
-1.000000000000000000e+00
7.665726136307688954e-01
1.000000000000000000e+00
-1.728669976906623829e-01
-5.403734803068934722e-01
-1.000000000000000000e+00
-1.000000000000000000e+00
1.000000000000000000e+00
9.039740608719939452e-01
-1.000000000000000000e+00
9.214293253032741493e-01
4.112508374151391255e-01
1.000000000000000000e+00
1.000000000000000000e+00
-9.841907079385966428e-01
-3.470262991087966764e-01
9.489605928098607812e-01
-8.471182377601318425e-01
-4.331212456047928150e-01
-1.000000000000000000e+00
-1.000000000000000000e+00
1.000000000000000000e+00
-1.000000000000000000e+00
1.000000000000000000e+00
1.000000000000000000e+00
1.000000000000000000e+00
-8.350608212278021192e-02
-1.000000000000000000e+00
-1.000000000000000000e+00
1.000000000000000000e+00
-9.546095152111889748e-01
9.629786320657423015e-01
1.000000000000000000e+00
-3.724433243412605954e-02
-1.000000000000000000e+00
-6.711441790041507982e-01
1.000000000000000000e+00
1.000000000000000000e+00
-1.000000000000000000e+00
1.000000000000000000e+00
-1.000000000000000000e+00
1.000000000000000000e+00
1.000000000000000000e+00
9.772624745579332473e-01
1.000000000000000000e+00
-6.161754514559496521e-01
3.864756882062048149e-01
5.251400083521484685e-01
-2.167886227323727599e-01
-1.000000000000000000e+00
1.000000000000000000e+00
-1.000000000000000000e+00
9.046576761280060719e-01
-1.000000000000000000e+00
1.000000000000000000e+00
-1.000000000000000000e+00
1.000000000000000000e+00
9.252634597295785746e-01
-1.000000000000000000e+00
-3.864756882062048149e-01
-1.000000000000000000e+00
4.226513003160436988e-01
-3.724366674813343603e-01
7.442193659394673588e-01
