-5.331320895994786646e-01
1.568738784580958057e-01
1.871611784025713210e-01
-6.694680470959816221e-01
5.587675213540108654e-01
3.866863956907302668e-01
7.148955766092461861e-01
-8.038935483630328394e-01
-3.093817292213348891e-01
-3.060873293555561037e-01
7.569327051130867456e-01
-3.541040395865517887e-01
3.438312941658197563e-01
-5.925802131319607424e-01
-7.896869700312455498e-01
-1.000000000000000000e+00
-7.186021456691951137e-01
1.000000000000000000e+00
3.817382771012318154e-01
7.480826198774210845e-01
-4.318799109252560164e-01
-8.854217709062059960e-01
-5.888141351072350149e-01
2.556326107527570057e-01
-1.160624676997651511e-01
2.720236262003096206e-01
-2.285126795824864721e-01
-7.842868582594455518e-01
4.681309600379950364e-01
1.176001636285601698e-01
2.080273428697842486e-01
7.259068138885360622e-01
1.469261604140258415e-01
-6.780864881137075306e-01
-2.604290836484979277e-01
5.846644160322270745e-01
3.408987620310484634e-01
2.834309782466393202e-01
-8.077968752892172866e-01
6.663081008323401555e-01
2.397114305117890587e-01
-4.761821963481346343e-01
4.054508227717386615e-01
1.955832978344647644e-01
5.312368398479218046e-01
-4.317131518626666359e-02
7.719377968500635845e-01
4.817723863779458937e-01
-6.156933904296014726e-01
3.105566847311007073e-01
4.322735755967642701e-01
-6.217962253281567042e-01
1.365224781896654804e-01
5.323594516583028957e-01
4.380197124195694958e-01
-3.306113650010521487e-01
5.179041060724584034e-01
-2.173065676844831429e-01
8.223983367877957251e-02
8.803391321129119262e-01
-2.148519151910258662e-01
-3.687474480133427490e-01
6.793345302072536507e-01
8.390844881714781822e-01
-5.399305734139677737e-01
-7.844928831953006387e-01
1.049950298457869025e-01
1.149752815244394211e-01
-5.954990486635266395e-02
-1.515901128738040247e-02
2.095070496202315058e-01
-4.320177823734060452e-01
-3.083923877144941206e-01
1.489504650838006650e-01
3.250659803596956388e-01
-4.752007565463765015e-01
-2.986328531592520874e-01
7.961026390332900937e-02
-6.087962082620975712e-01
7.292982271398175120e-01
-5.763263333385050258e-01
8.956010128936228720e-02
9.895639927974929639e-01
-2.463035685795928742e-01
3.221047617319559575e-01
3.557101956752947158e-01
6.216677009516163865e-01
4.899305862820096946e-01
-1.851125739581248875e-01
-2.758110306285109156e-02
2.428030413840360779e-01
1.034935253108921760e-01
-6.460095900465818997e-02
1.624991181946273122e-01
6.493910711679172776e-01
-9.098914140973515252e-01
-9.955145085795240600e-01
1.649766609089177993e-01
4.518080528683801056e-01
3.350706027909695073e-01
-2.707318992626897222e-02
-6.813280091835456631e-02
2.452484341876730312e-01
-8.962693126072655003e-01
-6.935336276933569133e-01
6.441415671251319308e-01
8.694324103287484062e-01
5.942308857205252925e-01
3.073406903488433151e-01
-2.396788892432661355e-01
-6.176716589909101440e-01
2.224268827363254653e-01
-8.792275291928906000e-01
-8.340638308610005824e-02
-1.350704308937382414e-02
-8.681961949823708835e-01
1.544539014096662777e-01
3.831689334101300304e-01
4.587941810497991879e-01
-3.179898947398273057e-01
-8.542747263335968011e-01
-9.056265266917500334e-01
2.280958116340442432e-01
-2.819731059354173563e-01
-4.661978393834335654e-01
-2.328925540442088882e-01
6.869569566830041607e-01
7.613577631406281965e-01
2.187836999308609767e-02
9.488136394758968084e-01
7.971377183615940831e-01
4.477304894462780238e-01
2.429353112804459591e-01
-5.402683059032781232e-01
1.639457866565242894e-01
2.713817816644530367e-01
-9.669517892637878864e-01
5.146075503939510076e-01
-3.141236081202583574e-01
1.000000000000000000e+00
-1.121317542782707399e-01
-8.493333880578074480e-01
-5.929175815988976250e-01
2.044670782283460331e-01
7.675179326432753080e-02
2.928267779299950635e-01
5.901401396819886402e-01
7.246257430669283961e-01
-3.590989593651918166e-01
-9.799807085081732594e-02
4.991111635136717961e-01
8.234848168434414362e-01
5.694663626501703796e-03
8.993964503526187260e-01
-8.699914546035407426e-03
5.902952993842588425e-01
-1.835101886089632039e-01
5.815636810713680216e-01
-8.556464853552343819e-02
-6.156299353104877081e-01
4.047190737976776864e-01
-5.531208466974356641e-01
-5.554281418686756178e-01
1.823386523701096829e-01
-3.460520078975869857e-02
-7.760173911523680079e-01
-2.313872340623209511e-01
2.748019645644013131e-01
7.470895965383766990e-01
4.429756071753678248e-01
-1.592384470954806008e-01
-4.685904954690209290e-01
-8.428158427739501635e-01
-6.034704830629463723e-01
2.340145362981770755e-02
-1.448095815408393938e-01
-4.781079002771699837e-01
3.382730096640783612e-01
6.987513527604324315e-01
-1.703733375960734542e-01
-1.360048737356704118e-01
1.706708158598610747e-01
1.000000000000000000e+00
-9.709043383615149070e-01
-2.830153584613717688e-01
9.428982481614857081e-01
5.273247752345802120e-01
3.936667042191044907e-01
5.249706781393022048e-01
-7.889977746794009095e-01
-6.312031370477509951e-01
1.032607454487907972e-01
3.261796264514412735e-01
-8.694946057054248056e-01
-4.166676470966586554e-01
-5.839987835091063895e-01
-7.819922295486410324e-02
-2.796089191133920293e-01
6.667116443451281960e-01
3.630222534211879903e-01
-6.379292278772201730e-01
-4.899995548364355358e-02
8.471037309213709163e-03
-9.115841335901693210e-01
4.565891989469059165e-02
-5.930428374992838814e-01
-6.941465582073113039e-01
-4.312256572559266532e-01
-7.217129586448983725e-01
-2.589517863256020069e-01
-3.659077919847699700e-01
-1.619810031542338602e-01
8.857133658343122051e-02
-5.163568215890965152e-02
2.661504630435850699e-02
-1.220941357195177712e-01
-3.364910778791197488e-01
4.703548675966752191e-01
-2.704437260166457913e-01
1.750655116617657880e-01
-1.222394537445071344e-01
-2.354541644927109212e-01
-8.995570127498646595e-01
-9.963461845011817308e-01
1.672499102210952271e-01
1.681967547305160959e-01
4.326682626217508432e-01
1.071579654261383546e-01
-6.767443281794036092e-02
-5.030688527225734008e-01
4.978456776931668853e-02
2.008101107689361925e-02
-5.157840702586915516e-01
-4.430194727632958546e-02
-7.907023446680154777e-01
5.059336563482108584e-01
-3.591347672613408037e-01
6.398965446314935912e-01
-2.982948041719225007e-01
4.298677424231262534e-01
8.164107214433052873e-01
5.453561463682958799e-01
2.578105399662488084e-01
-9.488466431820279379e-01
9.723858464866692586e-01
-9.418189011299505919e-01
2.865773373490435039e-01
3.595774190170181739e-01
3.318105950559377959e-01
-2.429725439788181784e-01
-7.718037014428966724e-01
1.966943012481595088e-01
-5.081660834557480966e-01
9.346033491375033142e-01
-4.210483115689866440e-01
3.040009390531405176e-01
-3.667669484491788423e-01
-8.346141624905438761e-01
5.292707121737519893e-01
5.093565235863460883e-01
2.186493226654121769e-01
4.246589407281298190e-01
-5.531143967960130414e-01
9.920451793128997053e-01
7.392710805610170910e-01
