7.089136937297382257e-01
-3.480211812911862546e-01
3.425335185670921323e-01
-9.952755135141897469e-01
-1.737540291687154903e-01
6.386958405632760238e-02
4.804336351296807361e-01
-2.700150778348742175e-01
6.282845436264064554e-02
6.134933693819508704e-01
-7.897227117805840635e-01
1.000000000000000000e+00
-2.239737730410655825e-01
4.044370779778650449e-01
-5.572124331228570787e-02
-8.673102220826228725e-01
1.635004316950233461e-01
3.931357023878932766e-02
1.944934612284424658e-01
9.918494699297700778e-01
-6.872851274982471059e-01
5.749722518683618722e-01
1.215103287285033140e-01
2.708479055243346312e-01
-2.045597659746757335e-01
1.710973514642195603e-01
6.589613080073000173e-01
-7.900285977634671220e-01
-1.510828070309545024e-01
-2.000004377669470923e-01
1.643044443037219166e-02
9.456491743018990981e-01
-5.836868873633124094e-02
-6.557379307554100922e-01
1.029893418895776458e-01
-6.459666568633654071e-01
-3.583210748818987379e-01
-2.979677978206894395e-01
9.112809020877297161e-01
-6.823372520198019986e-01
5.003367620048526643e-01
-1.875962832407348235e-01
-5.313872830529904334e-01
-9.947171358309639944e-01
4.537009990197400366e-01
7.228414066374234670e-01
-1.595338393874969896e-01
-2.500282109961083354e-01
9.840140393643954653e-01
-5.138274834292957394e-01
-6.634997221150761293e-01
9.330472776060619866e-01
7.086431146955778360e-01
-7.180989458216568977e-01
4.052396680634374748e-01
6.722719204265678039e-01
-8.508995789326329051e-01
4.647939379042160257e-01
-2.514661316120675449e-01
9.014146792156083610e-01
4.161454016710781079e-01
8.128298320899615126e-01
4.919089635728234322e-01
9.422675446114804343e-01
2.739829064661605251e-01
-1.111394652045748915e-01
-4.979615538567694899e-01
5.526441618951538626e-01
1.151571526039258109e-01
-4.702136736174540310e-01
1.156645069094871664e-01
6.286763286190717448e-01
-9.209865992716571581e-01
8.777494994605133938e-01
1.557701243208132469e-01
-4.261317856909304647e-01
-2.329223000236490260e-01
3.098699854856690195e-01
1.538478313859612534e-01
-4.274587001307846856e-01
6.387539488644815577e-01
6.738942632771868224e-01
-5.060522205332008694e-01
6.713495394067300337e-01
3.042469539557293157e-01
7.597218137306048780e-01
-3.737992572253956980e-01
9.797479960462621706e-01
-9.115931028755119847e-01
9.478484921699085186e-01
-4.514587765234484573e-02
-9.439029702560128854e-01
6.864388017624831750e-01
3.814550106915810812e-02
8.550173509447935860e-01
4.410910841135181615e-01
2.053284614607624528e-02
-2.988358309525855350e-01
-9.836335581173500930e-01
5.997822204455987016e-01
-3.651608906964641243e-01
-9.604441423328325955e-01
-8.608672512146536837e-01
7.497203691873398634e-01
-5.489665309038940788e-02
2.440441793812815341e-01
-8.769027200320576032e-01
-8.267183109346215586e-01
3.153300514002737032e-01
-8.764095271770933060e-01
2.423661190319369510e-02
-2.802307439470621553e-01
2.439752707448050034e-02
-6.954470121757625467e-01
-3.267764879054668170e-01
-3.604535091853606765e-01
-2.309371126436985666e-01
1.585485699618977840e-01
5.005576728373963835e-01
-4.850629949052341905e-01
3.386699887356167116e-01
-8.805666420712945919e-02
1.000000000000000000e+00
-2.760134728103815771e-01
-2.701865241006964902e-01
-1.597778029732959959e-01
3.820502482214228196e-02
-3.953355912552569129e-01
6.400738201048878917e-01
1.411618241682055241e-01
-1.224319092181866686e-01
6.590184986694579417e-01
6.283083667791018734e-02
-1.058042765552443809e-01
1.000000000000000000e+00
1.437638497992272391e-01
4.098914810673068843e-01
-5.986553321259373561e-01
-1.877720805214627420e-01
-6.521532041715870642e-01
-5.411708316026784260e-01
-5.061761494393052230e-01
2.940761813772199140e-01
-6.523028984866391378e-02
3.287179611850360450e-01
1.419859747163357278e-01
-2.396480151902927180e-02
6.240933797313279463e-01
-9.779221149496739596e-01
-8.280205045099986449e-01
-8.540605530142502122e-01
2.527344812011040887e-01
6.472952234635763746e-01
-9.934455891860773935e-01
-3.670920189664634847e-01
5.453664969211527991e-01
-8.787472715803764656e-01
1.000000000000000000e+00
2.863132512601556656e-01
-1.470340524718903030e-01
4.449696681533366616e-01
-2.155398064271761213e-02
-9.461517195819766357e-01
-7.343433048810549257e-01
-3.074882031091784595e-01
-1.678530501418758203e-03
8.622951345116681987e-02
1.852554891814395532e-01
-2.362622436670894221e-01
-3.388049223789842967e-01
5.124783554023583099e-01
-6.652544562722112476e-01
-2.336397700121800314e-01
3.163328034237619102e-01
-1.371095774919673382e-01
1.332813403946076780e-01
-1.383599847176802400e-01
-3.862484359156261871e-01
8.208201938046851831e-01
8.247687181962787273e-01
-9.335948544913393043e-02
5.589069808818245555e-01
3.359971045418225777e-01
-9.048545182541490872e-01
-4.917952569088497872e-01
1.141839425618689785e-01
2.129468112464941720e-01
5.065140049908806175e-01
-4.534570907464542389e-01
4.091593564817038731e-01
-8.219000366672791769e-01
6.363522995857958664e-01
-6.651945959909050243e-01
8.377126215049897073e-01
3.736843452269464905e-01
9.671386515753035429e-01
7.191209201231298920e-01
-9.932178558902611254e-01
7.706329775714153563e-01
-9.120989521742350892e-01
-8.040447967075795566e-01
2.937819404218895980e-01
-1.584931860293145034e-01
-7.379097064575590448e-01
1.000000000000000000e+00
4.640535750686574507e-02
6.468069267941991551e-01
7.583180763131912583e-01
-8.975802957646711322e-01
-6.737737247509539840e-01
-1.000000000000000000e+00
6.534939608477138284e-01
3.385497246134202554e-01
9.952808559009009848e-01
5.451145404523162208e-01
2.184133242601174821e-02
5.730224449572599577e-01
4.280773326910348314e-02
8.937431157814527127e-01
5.529314182484298401e-01
-9.712956270351822408e-01
-3.403348228594464397e-01
3.506773758548391295e-02
6.714473586707186969e-01
-5.423547923354210543e-01
6.066490590524155069e-01
2.108689306127679592e-03
1.000000000000000000e+00
-3.648163732087263411e-01
4.932441224765104493e-01
5.690414667805283599e-01
3.410939280219433267e-01
-6.924430100465712723e-01
4.549199298812015568e-01
4.312002296575365157e-02
-1.000000000000000000e+00
5.008458292052958560e-01
-4.038920942797428193e-01
9.573961860471815744e-01
-8.793974416049532561e-01
5.506098968188354210e-03
-1.809062403271316788e-01
-5.195215161218108557e-01
-7.818929035575260256e-02
1.891411572344429137e-01
8.689917537348104126e-01
-5.307739530371134717e-02
-8.845453300387771112e-01
8.492263332731636583e-01
4.469866561325043508e-02
-6.422212583048756418e-01
8.926114511443260513e-01
1.376738403646175501e-01
1.631929750472725926e-01
1.537878431964054271e-01
4.186764761449375712e-03
-7.861296250225591198e-01
1.747950227542774959e-01
1.000000000000000000e+00
1.777932182374201420e-01
-7.156962844595743389e-02
7.407285313685568751e-01
1.945937799451424310e-01
5.170225330401791997e-01
-8.780123487887262490e-01
