-1.000000000000000000e+00
-4.997556361028154814e-02
6.573636935911753021e-01
2.718707915175154755e-01
1.000000000000000000e+00
1.000000000000000000e+00
2.904021540920982414e-01
-1.000000000000000000e+00
1.000000000000000000e+00
4.746786552751380839e-01
3.634563486541344535e-01
-1.594088298114382241e-01
-9.148047641377493600e-02
6.971577884416602089e-01
3.672087043994097244e-01
-3.678660538266020907e-01
-1.000000000000000000e+00
-3.610105382515965133e-01
5.367304423288850046e-01
7.526069889898676646e-01
-7.314318516077105148e-01
-1.000000000000000000e+00
1.000000000000000000e+00
-5.124982063445895353e-01
1.000000000000000000e+00
2.527455298611951950e-01
1.000000000000000000e+00
1.000000000000000000e+00
-2.464577696625924741e-01
8.167950737264171313e-01
-5.801402806839357496e-01
-8.636036308660202665e-02
1.000000000000000000e+00
-6.597061390972823736e-01
1.000000000000000000e+00
7.379905107298119216e-01
3.039193262595955014e-01
-2.418163767751693172e-01
1.000000000000000000e+00
-1.000000000000000000e+00
-9.154874811900661769e-01
1.000000000000000000e+00
-8.381476009815906902e-01
-8.702520598141987307e-01
5.974699930232241218e-02
1.000000000000000000e+00
1.000000000000000000e+00
-1.000000000000000000e+00
1.000000000000000000e+00
1.000000000000000000e+00
1.000000000000000000e+00
4.904993107307629163e-01
1.000000000000000000e+00
6.660613504337546953e-01
-9.868165761032956507e-01
1.000000000000000000e+00
-1.000000000000000000e+00
1.000000000000000000e+00
-1.000000000000000000e+00
6.767532227972653525e-01
1.000000000000000000e+00
-1.000000000000000000e+00
1.000000000000000000e+00
-8.982061082264521934e-01
-1.000000000000000000e+00
8.492890296009047990e-01
-6.082627161243776559e-01
-4.195034741156262736e-01
1.000000000000000000e+00
-6.773119686870794354e-01
1.225637350049546548e-01
9.265704729700856568e-01
4.163514612759035560e-01
-3.418934411700098597e-01
1.000000000000000000e+00
7.319433469231449996e-01
1.000000000000000000e+00
3.774895550278916101e-01
-1.000000000000000000e+00
-6.578307376544683116e-01
1.932808286381669793e-01
1.191437230274942360e-01
-1.000000000000000000e+00
7.881832707821366801e-01
3.766979115705290093e-01
8.737618195658520825e-01
-1.000000000000000000e+00
1.000000000000000000e+00
-1.000000000000000000e+00
-7.683155970455086692e-01
-1.000000000000000000e+00
7.498618171263291554e-01
8.618803601301847639e-01
1.000000000000000000e+00
-3.831595283597816759e-01
1.000000000000000000e+00
1.000000000000000000e+00
9.397104738576855798e-01
9.618895459871927567e-02
9.175906731912371328e-02
1.000000000000000000e+00
7.498334232351218098e-01
-1.000000000000000000e+00
-7.567217179603202837e-01
-4.495070288308323780e-01
1.000000000000000000e+00
-1.000000000000000000e+00
1.486548057730614492e-01
4.241571897984545148e-01
1.334058688218066058e-01
6.916314966712243661e-01
1.000000000000000000e+00
1.822576958777660794e-02
1.000000000000000000e+00
4.546165719817791828e-01
1.000000000000000000e+00
-1.000000000000000000e+00
-5.254367852273449380e-01
6.035764816009725475e-01
1.000000000000000000e+00
-5.542709789077251425e-01
1.000000000000000000e+00
-1.899338519554873705e-01
1.000000000000000000e+00
1.000000000000000000e+00
-3.399308881008861194e-01
-2.668938701995060558e-01
1.895523638248239051e-01
1.008863002719372348e-01
3.680387782803742347e-01
1.000000000000000000e+00
-1.000000000000000000e+00
9.325686006101381320e-01
-4.112032387765452435e-01
-2.460823822768010150e-01
-9.483790726853476016e-01
8.770800675763625875e-01
1.000000000000000000e+00
-6.319629852815914495e-01
1.000000000000000000e+00
-1.000000000000000000e+00
2.396153413762136530e-01
1.000000000000000000e+00
5.612324350585295996e-01
-6.754864510073665951e-01
5.153694234330672419e-01
-8.574337061184399422e-01
-3.597714959900192855e-01
7.237105486663888421e-01
-1.000000000000000000e+00
1.280260429174265857e-01
-1.000000000000000000e+00
7.013458009493964695e-01
1.000000000000000000e+00
-7.250219734974835406e-01
1.000000000000000000e+00
1.000000000000000000e+00
1.000000000000000000e+00
-5.293210251773423636e-01
-1.000000000000000000e+00
1.000000000000000000e+00
1.000000000000000000e+00
1.279410853519062918e-01
5.515252736064384376e-01
4.414345477214720592e-02
-8.907719694744660188e-01
-1.000000000000000000e+00
1.000000000000000000e+00
8.442995057489436350e-01
-6.317488168438559759e-01
-6.698319488542137101e-01
-1.000000000000000000e+00
7.364958724774873788e-01
5.264600530573055881e-01
-7.773153910426398028e-01
-2.795218532672428813e-01
1.000000000000000000e+00
-1.000000000000000000e+00
-6.681580006614908918e-01
3.824365496879879034e-01
1.000000000000000000e+00
-1.000000000000000000e+00
2.005143127513830947e-02
-5.892040847851978125e-01
-1.000000000000000000e+00
1.732540175546271599e-01
1.000000000000000000e+00
-7.681726908119291819e-01
-1.000000000000000000e+00
-9.942205175427744068e-01
1.000000000000000000e+00
1.000000000000000000e+00
3.906069956830615086e-01
6.189176984172850560e-02
-1.000000000000000000e+00
5.162627022706045565e-01
-1.367669754684225358e-02
-1.046101056674538787e-01
1.000000000000000000e+00
-8.161996690977038060e-01
-1.000000000000000000e+00
-1.000000000000000000e+00
-1.000000000000000000e+00
1.000000000000000000e+00
1.000000000000000000e+00
-9.933111112156682854e-01
-1.000000000000000000e+00
4.547844041441535534e-01
-3.041039260816664758e-01
1.000000000000000000e+00
-1.000000000000000000e+00
1.000000000000000000e+00
-5.583233038955404126e-02
1.000000000000000000e+00
5.526613918968028560e-01
9.202662349236745420e-01
-3.272139269180296406e-02
2.234366861816513561e-01
-1.442766873652668591e-01
-1.000000000000000000e+00
4.462258085594555390e-01
-1.000000000000000000e+00
4.282760891441744766e-01
-1.525835614838824683e-02
-1.000000000000000000e+00
-7.532224573150092528e-01
-3.039121356600685830e-01
-1.000000000000000000e+00
3.912673124771470223e-01
1.000000000000000000e+00
-1.157096151789640537e-01
-9.346591788610723039e-01
4.975365335589280735e-01
1.000000000000000000e+00
-1.000000000000000000e+00
-2.254322353782423072e-01
3.875585043883616465e-01
1.000000000000000000e+00
1.000000000000000000e+00
1.000000000000000000e+00
-9.423367427016540177e-01
-5.422779634523073877e-01
-8.774327154086717373e-01
2.769877549979485876e-01
-1.000000000000000000e+00
1.000000000000000000e+00
3.714836181009263938e-01
-1.000000000000000000e+00
-8.070867500666019101e-01
1.000000000000000000e+00
-1.000000000000000000e+00
-1.000000000000000000e+00
-3.119683179269282514e-01
-7.359436272503850907e-01
1.889806978292757900e-01
7.891600039917487930e-01
-1.000000000000000000e+00
5.625374710164094960e-01
9.128152107269735804e-01
1.000000000000000000e+00
8.359780114639554505e-01
1.000000000000000000e+00
8.560379529286166189e-01
1.000000000000000000e+00
-1.000000000000000000e+00
