3.666388865519901175e-01
9.781910155515579630e-01
4.104444144760019397e-01
-7.360568329560801537e-01
3.632472444237697662e-01
-9.264576859423389044e-01
-9.533619881717413369e-01
-1.616825503038839540e-01
8.346369086334409770e-01
2.513789999260998553e-01
-3.543876119079351628e-01
4.508085386913069370e-01
5.992827968370109115e-01
2.925822444177336723e-01
3.647056023663152735e-01
-9.926327602392444049e-01
4.311987345212771050e-01
5.305850556728812506e-02
-3.157603757370750636e-02
-7.088538987486632525e-02
-9.509513122292975185e-01
8.956884281416318538e-01
-3.219040058921561753e-01
5.918598853030394569e-01
-2.485678295111125591e-01
-8.231732422434006047e-01
2.597957354700494159e-01
5.687554550046274721e-02
-1.000000000000000000e+00
8.513437821436981023e-01
-2.190262744145017870e-01
5.255755750409030203e-01
-5.903205460341039990e-01
1.262507574275127387e-01
2.516096139067948712e-01
-3.425775167141380945e-02
8.167897685105850458e-01
-3.435804370845636502e-01
-1.000000000000000000e+00
-5.445910328444983906e-01
4.725005104451716204e-02
1.000000000000000000e+00
5.857795207098382556e-02
-7.072071431211527370e-01
2.288084820073576775e-01
3.223550448997860030e-01
5.090748427553521971e-01
-1.280172736546203449e-01
8.034647303776736305e-01
-1.476967295857679607e-01
-5.913748248933410334e-01
-7.205697873138144915e-01
-1.000000000000000000e+00
7.278397216752311438e-01
9.627351363482461455e-01
-2.049062857554754535e-01
-2.783155660227690786e-01
5.997179292063120615e-01
3.319890717973877914e-01
-4.561808279348458783e-01
6.277375737098453423e-02
3.378464186003635739e-01
1.968964469073543333e-01
1.553130622987563270e-01
1.000000000000000000e+00
-6.295499148306218373e-01
-7.831346969200385644e-01
-2.335942754696363616e-02
-5.073960687492393706e-01
-3.987845589345417330e-01
-4.014316363253819797e-02
6.827120739501664204e-01
-7.879099912340800094e-01
5.307685545396099158e-01
3.444440650992284803e-01
3.529506714151386393e-01
-4.840915433847541721e-02
9.487699313418935798e-01
1.595010904217612768e-02
1.000000000000000000e+00
-9.066915252444902595e-01
6.597851295917375736e-02
2.739434492483618783e-02
-3.582939540893126940e-01
-8.198517047912137201e-01
-1.000000000000000000e+00
7.055007220128201029e-01
-9.129704848310608023e-01
-1.333842421872708482e-02
-8.176536885950520528e-01
1.066494601186156882e-01
-1.000000000000000000e+00
4.998255698075647069e-01
5.177225678509325135e-01
2.122489578715821834e-01
-3.778575458090462358e-01
9.809881738174571764e-01
-9.980445918486111623e-01
1.581976172566667560e-01
-3.772576478154249791e-01
6.879093627731325267e-01
8.328625898735569910e-02
1.419301085938106943e-01
-5.814138608778712802e-01
-1.000000000000000000e+00
-4.651800983373309550e-02
3.823246615160452166e-01
-2.034393295151775416e-01
-5.875572239563645605e-01
6.295817878973806181e-01
-4.191225427010512594e-01
4.822059829047076751e-01
-4.330722926751170987e-02
9.514990974345433061e-01
5.292379295509866965e-01
4.330216178601689614e-01
-5.178987256948621720e-01
-3.721399675301984566e-01
-9.263153810970349289e-01
-8.227895239832317964e-01
-4.971942874175236393e-01
6.841429649438133254e-01
7.821874214322858121e-01
8.677066154879338189e-01
-1.666373400523916692e-01
-8.521390460505671172e-01
-2.384920107705578163e-01
-4.050926719623783034e-01
2.453460231954469051e-01
2.825078955557059901e-01
1.714792030919972121e-01
-3.349702097535984802e-01
-1.989923404027330589e-01
-5.412516225272701043e-01
3.288184127151440594e-01
-4.779636696207346658e-01
-1.000000000000000000e+00
5.642782903040298725e-01
-5.529690617307581046e-01
-3.424107906407801716e-01
2.976372453073362623e-01
1.357777666896767786e-02
8.916585922024522493e-01
3.851688851693331750e-01
-1.168179283851003142e-01
-1.747264747816350836e-03
6.356940130801876920e-01
-1.662415618850981436e-01
1.539225880753491149e-01
-7.170052992754012422e-01
-5.851771431868115769e-01
1.000000000000000000e+00
-3.222435048034827387e-01
-4.714295560401191021e-02
5.303567503551089857e-01
2.605207662360781162e-01
-1.668062221769266718e-01
-4.623901595669467346e-01
-3.807043884543339640e-01
-1.747048441839599980e-02
-3.434390457439460281e-03
1.993128038287542980e-01
8.147402152161394850e-01
-6.341285187693231074e-03
3.704998736683022820e-01
-7.838468591145797415e-01
2.877620476035542274e-01
6.241038179197593294e-01
-3.967252295046648225e-01
1.183943016348937421e-01
-1.000000000000000000e+00
-1.000000000000000000e+00
-5.472685684258132843e-01
4.981131387705586278e-01
4.096463634718475189e-02
-1.000000000000000000e+00
1.128558192554437595e-01
-3.933852457756880083e-01
3.443143556972669272e-01
9.883736334304698001e-01
2.365500821147278887e-01
2.699698043587127061e-01
-1.000000000000000000e+00
-9.064845294769228179e-01
3.296931527537444451e-01
3.995943874945953045e-01
-5.646596004041031652e-02
9.526085647304115556e-01
-1.000000000000000000e+00
8.400063585453033665e-01
2.632735864687582583e-01
-1.000000000000000000e+00
-1.486139246026277894e-01
3.549449537887171546e-01
3.404806200538177396e-01
-1.000000000000000000e+00
4.397872185785627053e-02
-2.411762016214537285e-01
-6.012121017941083334e-01
-3.936085479699759637e-01
2.428207135613111300e-01
4.130873806859417519e-01
-3.458874965703528370e-01
7.096147609445899729e-01
2.224356924747264708e-01
-1.465989503852154763e-01
-3.277918768452841025e-01
-4.207247747880977773e-01
-4.850482170227254919e-01
-5.489169599470066219e-01
-1.000000000000000000e+00
1.694982002684452260e-01
7.347887240708043111e-01
7.841880004869663523e-01
-5.253647266878855859e-01
7.985776722446780163e-01
2.325256401096508496e-01
2.564681285445076231e-01
2.096624168794849474e-01
5.611865765556467434e-01
-8.641446166831083797e-01
-5.428191404902168449e-01
-8.828862510519792650e-01
4.448873134091065884e-01
5.641309380276309238e-01
8.296985649396396711e-01
6.080628051653612642e-01
2.011142716885924719e-01
-3.493362817769766204e-01
-8.030056893992043587e-02
1.000000000000000000e+00
4.684228576299374058e-01
-8.727908322609766456e-01
-8.376614210928425841e-01
1.703915954265233096e-02
-5.205695548745277179e-01
7.574718272221168947e-02
3.514098291195843493e-01
6.460373688170428785e-01
5.655221485219044109e-01
-7.587918151915166165e-01
-1.171361758281098675e-01
8.575199218087902198e-01
8.992004915217671757e-01
9.866029104605589239e-01
2.239416714388732244e-01
5.809059867869746929e-01
-2.068171674593426712e-01
2.291070566141738818e-01
-4.020475604379279977e-01
1.832434188670818420e-01
2.312641437252419552e-01
5.761012838460273233e-01
2.042946004816046657e-01
7.782972235159921759e-01
-1.000000000000000000e+00
-1.546798518362707542e-01
3.700707939438561966e-02
1.000000000000000000e+00
-1.898026373331041516e-01
-2.331768390198024621e-01
-2.374573120640075807e-01
-1.000000000000000000e+00
-5.315084602377735390e-01
4.587484578978193867e-02
