1.000000000000000000e+00
2.262432564455450490e-01
-4.481211575908898848e-01
-9.788939691160379875e-01
-9.912069731532677785e-01
2.640757540853591046e-01
1.136690117092538227e-01
8.178661658746599894e-01
-1.000000000000000000e+00
1.000000000000000000e+00
8.222440457817149495e-01
-8.111548279458864474e-01
-1.000000000000000000e+00
7.018613744982693525e-02
5.117407479843238960e-01
-9.033536439339167057e-01
-5.071766087290507929e-01
-1.000000000000000000e+00
1.430189588551609159e-01
1.000000000000000000e+00
-1.000000000000000000e+00
-1.000000000000000000e+00
-8.418046408310386752e-01
-1.000000000000000000e+00
-5.868423086434517710e-01
1.000000000000000000e+00
-4.020388332157273648e-01
-1.000000000000000000e+00
5.821615321674916688e-01
2.227451924948071760e-01
5.410861799211613699e-01
-3.118761199675413320e-01
9.183130199549083272e-02
1.000000000000000000e+00
-9.327442792017536233e-01
-1.000000000000000000e+00
5.323244697192724972e-01
8.113865171614249583e-01
-1.000000000000000000e+00
1.000000000000000000e+00
1.000000000000000000e+00
3.199365581697412031e-01
-3.375089191696811763e-01
-9.785582221551496485e-01
-7.448093618190620990e-01
-1.000000000000000000e+00
1.000000000000000000e+00
-5.868423086434517710e-01
2.330026476210873276e-01
-4.968618269918453900e-01
-5.868423086434517710e-01
-3.863387182597706193e-01
1.000000000000000000e+00
1.000000000000000000e+00
1.000000000000000000e+00
8.057971734968035760e-01
-5.868423086434517710e-01
1.000000000000000000e+00
-1.000000000000000000e+00
-1.000000000000000000e+00
7.563092622140841215e-01
-1.000000000000000000e+00
9.239875450162167159e-01
2.015638775074302114e-01
-1.000000000000000000e+00
1.000000000000000000e+00
-1.000000000000000000e+00
-1.000000000000000000e+00
9.968491579786902257e-01
2.885765336311216789e-01
-1.000000000000000000e+00
1.000000000000000000e+00
-9.914131638473472341e-02
7.706652128136999291e-01
-1.000000000000000000e+00
1.000000000000000000e+00
1.000000000000000000e+00
-1.017146961063972455e-01
-7.884407865308302732e-01
-2.039767375747271738e-01
-1.000000000000000000e+00
-1.000000000000000000e+00
-1.000000000000000000e+00
1.000000000000000000e+00
7.069634459891779299e-01
-6.616048242185029737e-01
-5.900193824031122469e-01
-9.235327360563456711e-01
-1.000000000000000000e+00
-1.000000000000000000e+00
-9.094458259817108647e-01
5.654663069413230492e-01
-1.000000000000000000e+00
-1.000000000000000000e+00
-1.000000000000000000e+00
1.000000000000000000e+00
1.000000000000000000e+00
1.000000000000000000e+00
2.812503385069692330e-01
7.502350264499360044e-01
2.037513880045265791e-01
-2.984245794598414658e-01
8.859107577205166395e-01
-1.000000000000000000e+00
1.000000000000000000e+00
1.000000000000000000e+00
-1.000000000000000000e+00
1.000000000000000000e+00
8.481903155196895971e-01
-4.362667894427747495e-01
1.851529964545068907e-01
-2.609136419881036284e-01
-1.195521699628385170e-01
-5.356998813862211550e-01
-9.941217825582134848e-01
-1.000000000000000000e+00
5.129199040853739122e-01
-1.000000000000000000e+00
-5.155417059907172472e-01
1.000000000000000000e+00
8.770833944942879601e-01
1.000000000000000000e+00
1.000000000000000000e+00
9.252062293762139400e-02
1.435942932010628725e-01
9.987757186709396162e-01
1.000000000000000000e+00
-6.405791391160040593e-01
-3.989073757646358631e-01
-9.698804295951823917e-01
-1.513783093542814817e-01
5.013521530860209907e-01
-1.000000000000000000e+00
2.845641197870566463e-01
-4.407236074087864663e-01
-5.992105493576855846e-01
-8.748852352958980116e-01
-2.757279687335194018e-01
-8.586359979994824254e-01
-1.000000000000000000e+00
7.153016946621395533e-01
1.000000000000000000e+00
-4.026004062665569094e-01
5.737788567534717332e-01
9.337767005596169234e-01
-1.000000000000000000e+00
2.228827485165807420e-01
-3.496346623434165579e-02
-1.000000000000000000e+00
7.623968350372835046e-01
9.382743818784140544e-01
-4.742127578999041360e-01
-5.254797051199894264e-01
6.002719852068714168e-01
1.000000000000000000e+00
-9.210046278798416086e-01
-1.000000000000000000e+00
-1.000000000000000000e+00
1.000000000000000000e+00
-1.000000000000000000e+00
9.908518986152909935e-01
9.465700731505013454e-01
1.000000000000000000e+00
-1.000000000000000000e+00
-1.000000000000000000e+00
-1.000000000000000000e+00
1.000000000000000000e+00
3.500580380362796618e-01
-1.000000000000000000e+00
-1.000000000000000000e+00
-3.726459922724225660e-01
1.000000000000000000e+00
1.000000000000000000e+00
7.171613822997052745e-01
1.260568349613451489e-01
1.000000000000000000e+00
-1.000000000000000000e+00
9.780819161737572820e-01
2.202358756060434075e-01
-5.848802008008970876e-01
-1.000000000000000000e+00
-9.226372992758147262e-01
-6.036981303966264534e-01
-1.000000000000000000e+00
-7.924174190938249041e-01
9.016779889483922394e-01
-2.839296651306325581e-01
3.371066660077590704e-01
-1.000000000000000000e+00
-1.000000000000000000e+00
-1.000000000000000000e+00
2.863340934238568503e-01
1.000000000000000000e+00
-4.383653981323359927e-01
8.625816618283949078e-01
-3.105501169101825831e-01
-1.000000000000000000e+00
-1.000000000000000000e+00
8.061076134884069821e-01
-8.312877040792991945e-01
-1.000000000000000000e+00
1.000000000000000000e+00
1.000000000000000000e+00
1.554946719485345019e-02
-1.000000000000000000e+00
-7.766652801082633006e-01
4.533949602782369470e-01
1.000000000000000000e+00
7.908669850013173575e-01
1.000000000000000000e+00
-9.159742038661127239e-01
1.000000000000000000e+00
8.523328174654912770e-01
1.000000000000000000e+00
4.595993967049396556e-01
-9.977759591897805702e-01
-1.601215607936968266e-01
1.000000000000000000e+00
8.333749433777052351e-01
-1.000000000000000000e+00
-5.061779580910769072e-01
-1.000000000000000000e+00
1.000000000000000000e+00
-1.000000000000000000e+00
1.000000000000000000e+00
1.000000000000000000e+00
4.946088243307529275e-01
1.000000000000000000e+00
1.000000000000000000e+00
9.345691703236078673e-01
8.534206778730084597e-01
-1.000000000000000000e+00
5.868423086434517710e-01
-2.766167644112618729e-01
-5.868423086434517710e-01
-1.000000000000000000e+00
-6.297773742276241427e-01
-5.610271646500767373e-01
1.000000000000000000e+00
-2.868246661885568427e-01
8.233527666497408859e-01
-1.000000000000000000e+00
-1.000000000000000000e+00
-1.000000000000000000e+00
8.109420077327914589e-01
-1.000000000000000000e+00
4.447963594282691169e-01
4.652101754930104693e-02
-9.990826045817617906e-01
-1.000000000000000000e+00
-1.000000000000000000e+00
-1.000000000000000000e+00
-7.019477235204358845e-01
1.000000000000000000e+00
-1.000000000000000000e+00
-3.297801695547897816e-01
-1.000000000000000000e+00
3.364120495418517764e-01
-8.589123417381937520e-01
-1.000000000000000000e+00
1.000000000000000000e+00
5.745753501130287377e-01
-5.012894664481517548e-01
1.000000000000000000e+00
-1.000000000000000000e+00
