-4.607859598947310897e-01
5.327981207728154089e-01
1.000000000000000000e+00
5.183250986864851306e-01
2.798756476939483484e-01
-4.486628857102905599e-01
1.000000000000000000e+00
1.000000000000000000e+00
-1.000000000000000000e+00
6.311043301752174983e-01
1.000000000000000000e+00
6.196671986866051363e-01
1.000000000000000000e+00
4.282659896409902744e-01
2.438464482409658518e-01
-4.018603493501646251e-01
7.154883242158673884e-01
-1.561506366388154543e-02
-1.000000000000000000e+00
7.611430710976303526e-01
-5.842839501967272975e-01
1.000000000000000000e+00
-1.000000000000000000e+00
-1.000000000000000000e+00
-7.597214320249254804e-01
1.000000000000000000e+00
6.617837188646611413e-01
-1.000000000000000000e+00
9.841771485078207871e-01
-9.265570853637451476e-01
4.563339417198890025e-01
5.767449051953952299e-01
-9.047306898521363383e-01
-4.294953908591773173e-01
-4.873596377906873056e-01
-8.672584467621157200e-01
-6.472705237215305996e-01
8.057351873597990988e-01
-9.488084027693384215e-01
3.799469706468200370e-01
1.000000000000000000e+00
-1.301396710895438846e-02
-1.000000000000000000e+00
6.160022285650098572e-01
-4.983758466694386824e-01
1.000000000000000000e+00
5.496846278006159991e-01
-4.773541488783805686e-01
1.000000000000000000e+00
7.525831371152569282e-01
5.000055243611811751e-01
-1.000000000000000000e+00
-8.896205425702121694e-01
1.000000000000000000e+00
9.405797913817115496e-01
-1.000000000000000000e+00
1.000000000000000000e+00
-1.000000000000000000e+00
1.393831873878063066e-01
-4.927002235961386312e-01
8.485544338163294453e-01
4.482592692473027496e-01
1.000000000000000000e+00
-1.000000000000000000e+00
-1.000000000000000000e+00
2.989965685843612997e-01
5.414866186900959555e-01
-2.567712596516587009e-01
1.000000000000000000e+00
6.653375656262885407e-01
6.666323858224776355e-01
8.571392473494674480e-01
-1.000000000000000000e+00
6.774125203453256194e-01
2.343212882163899224e-01
1.000000000000000000e+00
-2.738760134639427468e-01
-1.951414424117986490e-01
-1.000000000000000000e+00
1.000000000000000000e+00
2.036894461906068876e-01
-6.550871210580488935e-01
-3.252131981790580273e-01
-2.510172596268856471e-01
2.798956763243908852e-01
1.000000000000000000e+00
1.117520779999613412e-01
3.862776672516736731e-01
-9.383362390677600917e-01
-9.138711915619810444e-01
-6.261790414293133544e-01
-9.587984306979077109e-01
-5.989232015545034038e-01
1.000000000000000000e+00
-1.000000000000000000e+00
3.997190925081439139e-01
4.316113372060376707e-01
2.471556610825557665e-01
-6.432682351633089990e-01
-1.000000000000000000e+00
1.000000000000000000e+00
5.916004203604741107e-01
8.106452087414575125e-01
-1.000000000000000000e+00
1.000000000000000000e+00
1.000000000000000000e+00
3.815492554246109336e-01
-2.716181605471964522e-01
1.000000000000000000e+00
-1.000000000000000000e+00
-1.000000000000000000e+00
7.893894120362217048e-01
-8.281742423882063608e-01
-1.000000000000000000e+00
-7.908374573181380374e-01
-5.548188200479826637e-01
-8.794578808107532675e-01
1.008455889955857110e-01
6.874809719941002983e-01
9.358073735630133561e-01
-1.000000000000000000e+00
-1.000000000000000000e+00
1.000000000000000000e+00
5.544876267797445024e-01
-1.000000000000000000e+00
7.325512402287416291e-01
-8.553927337567596156e-01
-6.203732647055442140e-01
-2.835663324816101172e-01
-1.000000000000000000e+00
-8.847396659500450511e-01
7.560130149238926123e-01
-4.336004525583740943e-01
1.000000000000000000e+00
-7.012887028293639524e-01
-2.162159336053851022e-01
4.994187797355950642e-01
7.553928699421036397e-01
-6.684861053293338351e-01
-6.863898340756368066e-01
4.709545155893953838e-01
-6.846174244338190107e-01
3.738000430182529255e-01
3.985163765191637175e-01
4.929931454237508337e-01
-5.118952276659712863e-01
2.230952744997010129e-01
-1.605747138731568047e-01
-1.000000000000000000e+00
1.000000000000000000e+00
1.633471224377225361e-01
4.563796464102321537e-01
-1.000000000000000000e+00
1.494428170382840204e-01
5.515559456818418527e-01
-4.776563321218618707e-02
-1.000000000000000000e+00
-1.000000000000000000e+00
8.916286144187087759e-01
-1.000000000000000000e+00
1.000000000000000000e+00
1.000000000000000000e+00
1.000000000000000000e+00
-9.141013725035550541e-01
-1.000000000000000000e+00
6.909822610619580363e-01
9.539455975434798507e-01
-1.000000000000000000e+00
-5.939068937989808727e-01
5.718367978011342778e-01
-1.361285800980963634e-01
-6.762524773986670068e-01
1.000000000000000000e+00
7.871090375259137684e-02
-1.000000000000000000e+00
1.000000000000000000e+00
-1.000000000000000000e+00
-1.000000000000000000e+00
-1.000000000000000000e+00
-1.000000000000000000e+00
-1.000000000000000000e+00
-1.000000000000000000e+00
-6.485071090293742513e-01
1.000000000000000000e+00
-8.737039729732165583e-03
2.773172313236544895e-01
-1.000000000000000000e+00
-1.000000000000000000e+00
4.176394211950125168e-01
5.740937669846775115e-01
-1.000000000000000000e+00
4.393598443426329769e-01
8.046531361173483443e-01
-1.000000000000000000e+00
1.000000000000000000e+00
-1.000000000000000000e+00
-1.000000000000000000e+00
-9.809292297435981967e-01
3.213091713971785168e-01
-4.995166724736788688e-01
-1.000000000000000000e+00
-8.993734007695228794e-01
1.000000000000000000e+00
-3.335861554463974143e-01
3.402272194951714845e-01
-3.304580242088384079e-01
-9.223954702717238607e-01
-1.000000000000000000e+00
-2.607581827580968126e-01
3.043312637101812657e-01
-8.861380971021964870e-01
1.000000000000000000e+00
4.459822142100915987e-01
6.306706001835795661e-01
1.000000000000000000e+00
-8.400955731914673263e-01
-1.000000000000000000e+00
1.000000000000000000e+00
1.576988888920974052e-01
-9.868415110505058818e-01
8.994356842413830933e-02
-1.000000000000000000e+00
-1.000000000000000000e+00
-9.918986226363821768e-01
-1.000000000000000000e+00
5.684658051495914410e-01
1.000000000000000000e+00
1.000000000000000000e+00
8.525214878337715740e-01
1.000000000000000000e+00
-1.879947714385462598e-01
-1.000000000000000000e+00
8.218877550722691883e-01
-7.689737764562339095e-02
-1.000000000000000000e+00
-9.899358474906231331e-01
-8.059069385071953029e-01
-1.000000000000000000e+00
9.779703081756235816e-01
-1.000000000000000000e+00
-7.605478495692401530e-01
-1.000000000000000000e+00
6.290534993628085214e-01
6.991332324261452236e-01
8.628277671470179211e-01
-3.343011796187455587e-01
-4.893822758697177200e-01
1.000000000000000000e+00
-1.157936756891392860e-01
5.490541418254588635e-01
-1.000000000000000000e+00
-7.167479601740023298e-01
-1.000000000000000000e+00
1.000000000000000000e+00
-6.433692058100395350e-01
-7.044160275430986218e-01
-1.000000000000000000e+00
5.806030944209151778e-01
-6.220783237751328354e-01
3.400354820815927326e-01
1.000000000000000000e+00
1.000000000000000000e+00
-7.966893267978185644e-01
8.274924401648678929e-01
-1.000000000000000000e+00
