3.763688040329705997e-02
-7.013478058445146712e-02
-3.209497213320479658e-01
2.878143707270731655e-01
1.406141966121760289e-01
4.946561657938979839e-01
-4.908738526315852280e-01
-3.706404941022431454e-02
2.227357155032543834e-01
6.189788191803753392e-01
5.221196719514847873e-01
8.780188998768212461e-01
-4.080905806366915134e-01
6.689902124554294449e-01
3.932215527341378358e-01
3.563186241056218173e-01
-2.022212555528029865e-01
-1.565230493566018288e-01
-8.326895644107269456e-01
-7.948881096885308528e-01
1.438376106545670718e-01
-6.391377012740282471e-01
8.054049169260601992e-01
-7.392057311763673422e-01
9.127158965096340282e-01
-2.298408390290264391e-01
-2.690121316706337029e-01
-4.104126542252165555e-01
-1.229171122922189940e-01
-1.388536396739701306e-01
-2.431062435606395067e-01
1.000000000000000000e+00
-4.151365751066118936e-01
-7.519408258717886762e-01
-1.000000000000000000e+00
-7.367734215287740085e-01
1.673160669234460551e-01
-4.288716335763500392e-02
-4.571293283573206294e-03
4.652947511101248601e-01
6.436793341237009858e-02
4.485304638447788067e-02
1.361577712199093515e-01
5.780216297849765095e-01
3.257459869994605572e-01
1.864056278553166690e-01
-4.357842256346924903e-02
-7.666917505347520256e-01
-2.559247592217648304e-01
-4.996096155045338105e-01
1.000000000000000000e+00
4.177503899748336025e-01
-9.634019104044861948e-01
4.722609176575155443e-01
-7.699520150239486105e-01
3.829216439344247380e-01
9.799475056443548437e-01
-4.391041031814496565e-01
-2.779896150309650871e-01
-3.502329725863961851e-01
4.500169700817505114e-01
3.212446138056893608e-01
9.027568979631617196e-01
-9.912680749169554550e-01
7.170669518115564411e-01
-1.135873677121857772e-01
-6.210135623672714128e-02
3.637843037994787920e-01
2.036569353747511302e-01
5.258360424583549131e-01
-1.000000000000000000e+00
-2.805673526608996535e-02
-1.000000000000000000e+00
-5.511330181978125742e-01
8.487329385933684023e-01
-5.789557262093717599e-02
3.520006406160759438e-01
5.249482888262668734e-01
-9.891869486924574906e-01
-8.778058075237270552e-01
2.409837287941866690e-01
-6.153043090557416273e-01
-4.994845137852345629e-01
-1.000000000000000000e+00
-3.097984907602474580e-01
-2.202090670570803696e-02
1.377273588123296699e-01
3.274277612798858761e-01
6.189097998749040208e-01
-3.496778719893745557e-01
-6.339038525186434514e-01
-2.784562341016546538e-01
4.530424984866112670e-01
1.495292894560724395e-01
3.110638322621669394e-01
6.059686195335438619e-01
-6.267027571135694863e-01
2.263483406712415297e-02
6.866393851729281073e-01
-6.354620320459506422e-01
-7.654818511992195207e-01
-1.000000000000000000e+00
-6.965769671348285286e-01
-1.182444943814005417e-01
4.769320706194071779e-01
-3.565898464713758709e-01
1.675711886102491666e-01
-6.584991242905323672e-01
-5.637231013633686727e-01
-3.679430023140745076e-01
8.720342057342891362e-01
-5.327667580872457176e-01
-3.834626116106484850e-01
9.063960708815950174e-01
-3.561909626245653993e-01
1.486748418580416398e-01
9.491125131740917320e-01
4.188836942428983967e-01
-5.799028538051905768e-01
-6.902393413629556163e-01
1.752979029647374065e-01
1.711282934955582202e-01
-9.533408632710980157e-01
1.398374858494000339e-01
-4.710932227147032192e-01
-4.815774492888810765e-01
-9.874379633732289774e-01
7.896699252285739323e-01
1.744817388237457356e-01
5.141329950451560826e-01
-9.164792941496401335e-01
-4.325121282070417683e-01
1.801737148268245936e-01
-2.389164830753768565e-01
-6.244855206192494457e-01
-2.903904993171351201e-01
2.557720628432855747e-01
3.522346227697748522e-01
9.366943648644865394e-01
-5.866718606958866156e-01
2.974277011080052602e-01
-9.519850425291546125e-01
-1.137874947857982211e-02
-4.267016174802561179e-02
-1.853971780938929448e-01
7.695852256945511227e-01
3.012253544828798479e-01
8.056781618057780037e-01
3.193564471620028988e-01
3.171756538324868036e-01
-1.685657781785685760e-01
-1.000000000000000000e+00
9.532689428719707259e-01
1.374320075774512206e-01
3.032971137141944329e-01
-9.425039488597486761e-03
7.001248109352598004e-01
3.210746956267883645e-01
2.664216878209269002e-01
1.389925200744892009e-01
1.868840076279051632e-01
-1.493499733518653672e-01
-1.119907687458224499e-01
-3.386098029598522685e-01
1.810342874195239038e-01
3.186317102725431671e-01
4.517505777584392979e-01
-9.307513167211827199e-01
8.164939647465484507e-01
-6.506273855889427304e-01
-4.202793593903365044e-01
5.047913459929761482e-01
-3.920422223108933069e-01
-7.295561144777567009e-01
-6.020363552880027003e-01
1.078409302158518518e-01
4.985931282007254883e-01
-7.872947964152905709e-02
-6.887883676063802918e-01
-7.188990278243010401e-01
2.334524272495515917e-01
-5.214049383423915301e-02
-8.337560112966889703e-01
-5.641820704443393231e-01
-2.051110339838307373e-01
-9.076883815916382270e-01
4.308029532901004877e-01
8.842563020304600174e-01
8.168352901439314140e-01
-1.586049516528353354e-01
1.000000000000000000e+00
7.380243169446976115e-02
-4.263950618470672693e-01
8.419227843577103965e-01
-7.066732000060158003e-02
1.000000000000000000e+00
3.426676229766668080e-01
4.916160235475648399e-01
3.214870851582932731e-01
2.591681801544066799e-01
-8.904038346408318372e-01
4.516937300948613565e-01
-4.268099842976932345e-01
-9.137581785128442435e-01
-2.610712473500081954e-01
3.995115366732672202e-01
1.766520661166084416e-01
8.230974145138503922e-03
3.279939965922284428e-01
3.509004203449736514e-01
-2.945084025606725664e-01
-7.248023675145929268e-01
6.568177267074224446e-01
-1.663989991727544970e-01
-5.831874763593012378e-01
1.000000000000000000e+00
-8.010016970831690397e-01
2.032258179742997550e-01
5.072723554466023188e-01
-6.637495668366054646e-01
-5.768124078683378730e-01
7.468265872119854709e-01
-3.158020771575921759e-01
7.529516279464018025e-01
-9.450433450761306364e-01
7.534186892762024801e-01
3.103264372491846279e-01
6.286042407915743979e-01
6.486069001149910584e-02
2.139545214728070521e-01
-1.000000000000000000e+00
-3.050875082178061692e-01
5.642624301404816078e-01
5.615803879233248752e-01
-4.610117369612151683e-01
-1.937496332644336738e-01
-1.000000000000000000e+00
2.388931809617031443e-01
-1.016426132104004953e-01
-4.933276271686083403e-01
2.152935476587504171e-01
-5.605504085497508004e-01
-8.834762111970169141e-01
6.530690536062019325e-01
-9.618257457703942304e-02
-6.070102361397865520e-01
4.671290845607119213e-02
2.819551744104200064e-01
7.703672530195653234e-01
-4.420713393311792583e-01
-2.902793979613402797e-01
-2.399088373203902835e-01
1.456076510125187129e-01
-9.516507505125331168e-01
9.754406510919532147e-01
-6.631474334745209864e-01
4.349222739635410506e-01
-4.091689405906587251e-01
7.267101600119501015e-01
9.727446416730352041e-01
-6.267130870765030837e-01
8.099505008117364735e-01
-9.169457843220136795e-01
2.853215801751736724e-01
-8.641976599884437782e-01
