-1.119669329884404735e-01
6.904339967589245841e-01
-5.482526692778584287e-01
5.751636303662700511e-01
-1.000000000000000000e+00
9.102325394178587548e-01
9.977730460374623078e-01
6.190607076657247410e-01
-6.917221040838021917e-01
2.994812099627774948e-02
-3.009656551862215923e-01
-3.852274484214001093e-01
-9.973906782798711568e-01
9.236893282008393768e-01
-8.917805166949178686e-01
3.584937650850795188e-01
-3.545937343868452718e-01
8.269095812316849814e-02
-8.316110046633904407e-01
-8.490307568633465030e-01
-1.964814950094617430e-01
6.505760683256076593e-01
4.658298140880645644e-01
-1.000000000000000000e+00
8.775763805180956112e-01
-1.267387262291735928e-01
7.774973703188901020e-01
-9.041564284932253059e-01
-9.688198128411008581e-01
-9.663554680115979956e-01
1.000000000000000000e+00
-2.238330913977952252e-01
9.988181829469918727e-01
-1.808615392461205007e-01
-4.620752348012077126e-01
-6.509878148260109243e-02
8.770726390885878743e-02
-5.418016551250070395e-02
8.830303823013496700e-01
4.579734610896064595e-01
2.900731345895845026e-01
1.572677223257704648e-01
2.968153132205427758e-01
6.539120371989388669e-01
-1.858030318574844519e-01
-9.333611011349652875e-01
-3.342532391323476543e-02
-8.053165277913273412e-01
-5.264555294901376858e-02
-1.000000000000000000e+00
-8.825947352500048693e-01
2.451937639515801015e-01
-9.386447464641105576e-01
-8.572873529335353071e-01
1.594328702957711896e-01
5.422630548632795255e-01
6.790378557538652160e-01
8.978966362706105597e-01
-7.536669983347863422e-01
4.126455122726446767e-01
-6.916313554765014526e-01
-1.000000000000000000e+00
9.558784572749361164e-02
-1.747875527467162848e-01
6.407281572632127498e-01
-3.168283991948209755e-01
1.630707190047286925e-01
-4.611059390917980894e-01
9.971921776003400684e-01
1.000000000000000000e+00
6.167913428421256672e-01
2.697643926804066949e-01
6.606709610088573603e-01
-3.724921138062191051e-01
8.575333838279775023e-01
-4.723873568811255419e-01
-9.355696009745558817e-01
-4.647766172213069202e-01
-2.292888162909549887e-01
-5.048512407077186959e-01
-9.998826683192955089e-01
6.032472933985875141e-01
1.000000000000000000e+00
9.997903261370866268e-01
-9.861457156933155499e-01
7.992085519434536378e-01
6.373674494879174590e-01
1.248844679653307865e-01
8.719572975292640971e-01
-5.585893638660184291e-01
7.416448246820943613e-01
-9.643724316846106204e-01
-4.479420261520922764e-01
-1.100498677101827139e-02
8.001902618976081127e-01
8.500880961431687144e-01
8.291134160570969858e-01
-5.754633720783347561e-01
3.892161297280252036e-02
9.165218936264993843e-01
9.984802509579654428e-01
-3.745856536481586008e-01
-9.236247860858829428e-01
1.000000000000000000e+00
-5.373282846582537742e-01
-2.919150212378769371e-01
-8.494647395541664592e-01
4.947634080854924621e-01
-3.600894906591047828e-01
-3.544369677979447020e-01
-1.888619448193612016e-03
7.212075557760112554e-01
-4.469621095244326325e-02
4.530867361660135817e-01
-8.909922753089489778e-01
-2.822023938581787461e-01
-4.608396956886187112e-01
-8.619472212603858097e-01
9.997898928429430621e-01
-1.976304686814186473e-01
4.117210652853657837e-01
6.176758139537192882e-01
8.036384905198515893e-01
-7.065905063481368042e-01
5.498472827239038185e-01
4.999827298085440797e-02
8.435491035648341462e-01
9.890774447163206418e-01
-9.491330651919120953e-01
-5.194615300554029647e-01
1.410794472965387625e-02
-3.084152215997181812e-01
-8.382104081536452256e-01
-8.951282658813236592e-01
-9.780262567235413762e-01
4.975440537330171886e-01
-7.733975186592396689e-01
5.472417020115275671e-02
-5.443812742916361858e-01
-7.414588873421702475e-01
-3.396112700654849159e-01
5.328963806364471756e-01
-2.635532513308439517e-01
-7.723684201523403070e-01
-7.335250047564459974e-01
1.311606708485288930e-01
8.885052203450729547e-01
-5.615846205665427915e-01
-7.462324437256288023e-01
9.111484189928370503e-01
6.419464708768050087e-01
-2.485287181097023401e-01
-8.264037185975993127e-01
-6.791120573687102757e-01
-9.743710505988628645e-01
2.516072171467796381e-01
-9.356360512030066356e-01
-5.974444872828014175e-01
9.512214131519201032e-01
-2.611251594050660874e-01
-4.513442247165755927e-01
-8.530101234227654983e-01
-8.085057222917709785e-01
-3.528306940417383353e-01
5.255208248550051753e-01
-4.740857635426992678e-01
-8.760638073264854775e-01
-5.841083690573649623e-01
4.066154458769803970e-01
-9.976481981162388379e-01
-7.616495443928816833e-01
-6.926822877997333983e-01
-1.000000000000000000e+00
-5.562260829357973391e-02
-1.000000000000000000e+00
6.968350050873709511e-01
1.813927974587278835e-01
9.642595055089550060e-01
-3.110426463679372144e-02
3.407577173181573493e-01
-4.178645690333040452e-01
-8.568701598785072315e-01
-1.000000000000000000e+00
-1.000000000000000000e+00
1.066845295474301569e-01
8.490983755092501584e-01
6.253231866260644534e-01
5.521328779543820398e-01
-2.960898228410305810e-01
-4.217287812546066106e-01
-2.042298527687858023e-02
-9.974004605273835145e-01
-1.000000000000000000e+00
9.487773735142938092e-01
-6.368267286404696859e-02
-1.000000000000000000e+00
-7.123557824328949906e-01
-6.412156998694299448e-01
-9.973906782798711568e-01
-7.208578934314477937e-01
-7.141909583057953759e-01
8.502559913422312876e-01
1.000000000000000000e+00
-7.625517686535904227e-01
1.807516151385985259e-01
4.851088465226746083e-01
-9.244721196516142436e-01
-1.956019491005619726e-01
8.951068620455222558e-01
3.959069946142220603e-02
-6.248797549185057809e-01
-3.359919261536526980e-01
4.068901273724019330e-01
3.981539219505221272e-01
9.136455484645653602e-01
1.079027765739001554e-01
-8.609536986568147032e-01
2.927689588361369055e-01
-9.999983019874779666e-01
-4.051425622843208840e-01
-1.000000000000000000e+00
6.341468534313082772e-01
8.212619788834921719e-01
-9.060737526590835200e-01
-6.156086082611809118e-01
-6.615527852316676061e-01
-7.696817355317128184e-01
9.999948050092780649e-01
4.063255954880486409e-01
8.109072168312965179e-01
-5.702141874115858045e-01
-4.346386119756724953e-01
-5.105638914791988947e-01
9.712723604728042970e-01
1.000000000000000000e+00
-7.089455324271334291e-01
-9.271375496377552983e-01
-4.301374699499163623e-01
4.652172950002528840e-01
-8.856983090046472995e-01
-7.263269298567880394e-01
-9.929261830205864392e-01
-2.294699545757603043e-01
9.657423228552977079e-01
-7.011305376201785178e-01
-1.000000000000000000e+00
-5.268923285936737422e-01
-5.560691372132195998e-01
-1.000000000000000000e+00
-8.480051477584565900e-01
-5.182853568863101668e-01
9.611716192411708937e-01
-1.000000000000000000e+00
1.518331155475644290e-01
-6.534594951303193677e-02
-8.526433889049089832e-01
-1.519830732342913326e-01
7.677225991937870475e-01
4.183291734370895298e-01
9.873276645193325152e-01
7.532448289795685703e-01
7.268255798184247718e-01
-7.095843401871169132e-01
6.096122977707529866e-01
4.423587224467067092e-01
