-6.277450558982325957e-01
6.138780376950991879e-01
5.620621457249494468e-03
-4.497096444163747875e-01
5.414117245601939299e-01
7.464014950948484328e-01
3.468750368296390496e-01
-1.000000000000000000e+00
1.089714288849014112e-01
3.613163481607601923e-01
8.547301521971940597e-01
6.982208240620124684e-04
8.082198141434762118e-01
-1.000000000000000000e+00
-1.000000000000000000e+00
5.781018063962380937e-01
4.593750465785346737e-01
-4.432160124175793525e-01
-1.961754344815831441e-01
8.405729360389172511e-01
1.000000000000000000e+00
7.641916134123089011e-01
9.252734131056668254e-02
-1.000000000000000000e+00
-1.139375402766469314e-01
-7.801668068683331736e-01
1.679471186867477484e-01
9.377177981702743415e-01
3.805800908301864571e-01
-8.207009669823780440e-01
1.000000000000000000e+00
-4.839839764810659473e-01
-4.570190538379555467e-01
-1.000000000000000000e+00
9.075388550433598212e-02
-1.000000000000000000e+00
-4.818228249113437611e-01
1.494959714653970595e-01
-8.788705322927987673e-01
7.097908899273471794e-01
-7.189735677933951630e-01
-5.614072071775022543e-01
-1.696950905354662753e-01
-5.271969650367769322e-01
4.284630360558973061e-01
1.000000000000000000e+00
2.396948595448598063e-01
-3.039304324308835792e-01
1.000000000000000000e+00
7.527029249042574977e-01
5.476112327613100739e-01
-3.569015588124813121e-01
-3.780344064132009074e-01
1.000000000000000000e+00
-9.360665694973372419e-01
-1.000000000000000000e+00
-1.000000000000000000e+00
5.858443818220099297e-01
-4.822049186381601182e-01
-7.285943945095617602e-01
1.000000000000000000e+00
9.132862991266470498e-01
-5.232398364170892657e-01
7.889330401437582019e-01
-9.031513241470519038e-01
8.129477335778756419e-01
-1.806889238916281615e-01
8.820428861201139448e-01
-1.000000000000000000e+00
1.003872326286402439e-01
2.635875761847755738e-02
2.926512515777230372e-01
-5.682601713931902943e-01
-8.505756520678102728e-01
-4.085663500872998566e-01
1.000000000000000000e+00
8.143032834568387779e-01
-1.686422503724386013e-01
-8.297512058127420875e-01
1.000000000000000000e+00
-1.000000000000000000e+00
4.047868529111716684e-01
3.079471495320909580e-03
2.561806813841411845e-01
7.975762562754685758e-01
5.598653790200467384e-01
-1.206094943802314967e-01
2.050083837705038436e-01
7.891649255425084442e-02
5.883014842490792429e-01
1.000000000000000000e+00
2.052640016766422715e-01
-2.323044688985436423e-01
1.341145857081993409e-01
4.585596477457157261e-01
-6.567828984629693334e-01
3.563126198563132396e-01
-1.000000000000000000e+00
2.699308167794942648e-01
-9.420647777205712892e-01
1.000000000000000000e+00
1.000000000000000000e+00
3.326072722161954598e-01
1.000000000000000000e+00
1.681612809744723047e-01
6.985536394211663280e-01
5.397397812777113280e-02
-3.007222950811372364e-01
-1.000000000000000000e+00
2.186746542111391023e-02
1.000000000000000000e+00
-1.980613332334389964e-01
6.779838454992686003e-01
-1.100074441282899579e-01
1.000000000000000000e+00
2.514467293027345951e-01
-7.498713207444767104e-01
-9.855895016780704676e-01
1.000000000000000000e+00
-3.433786028602222595e-01
-7.990220716178972893e-01
-4.143062178100230253e-01
5.448131723191537157e-01
1.000000000000000000e+00
9.998796316304804366e-01
1.828605674658571045e-01
5.743625194102862652e-01
-5.089816526961173926e-01
-2.883824815010516129e-01
2.025535175161634061e-01
1.000000000000000000e+00
1.000000000000000000e+00
-4.256202722154412976e-01
3.425449492968836163e-01
2.376864328638783608e-02
8.729146030202935558e-01
1.000000000000000000e+00
-8.438910823009581064e-01
-1.000000000000000000e+00
2.960019603502022090e-01
-1.000000000000000000e+00
-1.000000000000000000e+00
1.000000000000000000e+00
4.389076456900998791e-01
6.835229908723783332e-01
3.114400562968845931e-01
-1.000000000000000000e+00
-3.514791788837335340e-01
3.007837004024481731e-01
-3.234516557556132987e-01
-4.472323326761407092e-01
1.000000000000000000e+00
2.297277308796738804e-01
8.176341484067968235e-01
-9.125888237543926529e-01
5.915126689980698682e-01
-8.051470871679858865e-01
2.492360359471745557e-01
-6.866268285788937886e-01
-1.829566846466770258e-01
1.000000000000000000e+00
9.611193470697358965e-01
3.734959429825942534e-01
-1.000000000000000000e+00
-7.286975903896120155e-01
1.000000000000000000e+00
-7.470467907277500430e-02
-9.501364711061861534e-01
-1.000000000000000000e+00
-9.348843630350552880e-01
-2.854270412110727628e-01
-9.092007829063084579e-01
6.925018490396981363e-01
1.000000000000000000e+00
-9.408852681737311929e-01
1.597888215655829669e-01
-4.725531906345589728e-01
-4.327996350271312576e-01
-1.000000000000000000e+00
-4.860023188338579714e-01
-2.308987410252778538e-01
-5.657852640072567052e-01
-4.699428278918762469e-01
-1.000000000000000000e+00
6.141872999861088811e-01
-1.938805287740076322e-01
1.013002626805565021e-01
5.393949238334218022e-01
-9.979115764992199100e-01
5.954040798851578664e-01
8.768219383825569535e-01
3.515331941800224902e-01
-7.894650047336901899e-01
7.248832910108035099e-01
2.879144211885077964e-01
9.601282295320352489e-01
-9.054967528366291152e-01
-6.243156725729539502e-01
1.000000000000000000e+00
2.837658731837903736e-01
-5.885022457342714564e-01
6.303675844272078610e-01
6.745523671483932837e-01
-1.000000000000000000e+00
-6.793343327606704563e-01
-8.803740083685464013e-01
-8.201906266425362801e-01
-9.496690824458652314e-01
7.946783159999077917e-01
-1.118409994331950319e-01
-3.886235420644252314e-01
-9.470325598742774798e-01
1.000000000000000000e+00
5.293472016815257142e-01
4.195618494955082323e-01
-1.000000000000000000e+00
-3.022352853624784008e-01
-1.544916910240481389e-01
-9.136189709668809389e-01
-9.734547100951767007e-01
1.009792068162597700e-01
7.684557627798382917e-01
-6.372640520861639901e-01
5.270071391330465316e-01
-9.858760281019199878e-01
7.338587245685328497e-01
-9.110594263929193692e-01
6.068033375044292743e-01
-7.868288989530438649e-01
7.544277889292225758e-01
-4.696284517925334301e-01
6.816273818398250750e-01
8.528717210533616200e-01
-1.000000000000000000e+00
9.380061363123266549e-01
-1.000000000000000000e+00
-9.283594712091335355e-01
7.239193527705714004e-01
1.000000000000000000e+00
-6.232429700933188599e-01
-1.048811941953575189e-01
-5.391892708672137990e-01
3.972524968572746507e-02
6.240447454120542359e-01
9.070180428469049039e-01
-7.309587223364663044e-01
6.034857943579300388e-01
1.160491823058292515e-01
-6.901488959889943153e-01
5.067071371088773812e-01
-6.260554281061816440e-01
8.915529551253503771e-01
6.528622413516609047e-02
-1.000000000000000000e+00
-8.962474160154080272e-01
-1.000000000000000000e+00
-8.715890321309176514e-01
-4.516364680016494715e-01
7.341976161569453430e-01
1.000000000000000000e+00
-6.792340947705153287e-01
2.473765550031821747e-01
8.378788734335517185e-01
1.000000000000000000e+00
-2.680910103544304965e-02
