1.216026683046147472e-01
-1.000000000000000000e+00
6.991522016497868641e-01
6.332387870809768060e-01
-4.181328739400176353e-01
8.538141137903978439e-01
6.541983419536567812e-01
9.003550369065445036e-01
3.387036244772965166e-01
-8.611412544989796025e-01
-7.047118481853094085e-01
-6.872195052340575039e-01
7.458416351502770159e-01
1.000000000000000000e+00
-1.000000000000000000e+00
-1.000000000000000000e+00
-9.623699085629241479e-01
-2.119953160403451609e-01
-5.924962846030512598e-02
1.000000000000000000e+00
7.120206325711402329e-01
1.000000000000000000e+00
6.745964054618760475e-01
-4.489114711555957093e-01
1.088766816583959240e-01
-9.265003634214336037e-01
-1.000000000000000000e+00
-6.803425661530864144e-01
-9.646992120760977674e-02
-7.285779442553983465e-01
7.871603888319169684e-01
-4.448295825594461572e-01
8.064611756355004601e-01
-8.765556547434649737e-01
5.870010547444679538e-01
-1.415490970769616164e-01
-1.079484759309929376e-01
-9.179721645003875441e-01
6.580178622222598861e-03
-9.285221668625008862e-01
5.059790128096650630e-01
1.954419598363887900e-02
6.523902017056733005e-01
-5.578264873965954607e-03
1.964364542015935022e-01
-6.139820715704329412e-01
5.549320240043602581e-01
1.000000000000000000e+00
1.743445140687964745e-01
-4.445110789764402659e-01
8.964680641501262537e-01
-7.292730523222998862e-01
6.078944707182403207e-01
1.096889575370856296e-01
-6.499660718929822778e-01
1.443065020896294737e-01
6.046283078393694943e-01
1.073875633649121752e-01
5.670014792431927741e-01
-2.911258343725902087e-01
2.014331709887002275e-01
-3.482348301169243543e-01
1.587572171078446281e-01
2.952654336252401590e-01
6.054465210943923426e-01
-3.308950737859511770e-01
4.687317391132030941e-01
-1.252150286019557690e-01
6.896321019094666660e-01
7.122137081501842548e-01
-3.442637172600667705e-01
4.673837601037904577e-01
-1.000000000000000000e+00
-9.131913859275572198e-01
-9.545399660511253437e-01
-4.447921655397298890e-01
-8.876036439916015208e-01
4.025110671645495408e-01
-2.002780044640265489e-01
-3.215542273004134977e-01
9.831762010901103910e-01
5.239263354672492046e-01
3.005990754390919228e-01
5.954357214881853544e-01
5.053848126312672218e-01
7.931227219380028171e-01
1.005640135256101741e-01
1.000000000000000000e+00
2.549187181024745730e-01
-5.470232414802600474e-02
-6.884360403430278552e-02
2.650208499511896854e-02
6.434666452064899955e-01
1.427921978996673502e-01
3.897963390670813322e-01
-3.464802894562929447e-01
2.004617813537372673e-01
-1.000000000000000000e+00
5.091115008569213618e-01
-1.000000000000000000e+00
9.147098632532530971e-01
-7.297650395228182374e-01
-4.973250104367605839e-01
8.333551230725344539e-01
1.000000000000000000e+00
9.008271329996564436e-01
1.000000000000000000e+00
-1.000000000000000000e+00
-1.000000000000000000e+00
-1.000000000000000000e+00
6.793061685039840647e-01
4.690272723230615171e-01
-8.475057762071733780e-01
-6.749079523260044233e-01
-4.965744684264932207e-01
-8.106018691350480587e-01
3.671968068436874955e-01
7.539562949063625119e-01
-9.775138617767733518e-01
4.843032446233919153e-01
4.067787772382611688e-01
1.000000000000000000e+00
-4.061930137496810866e-01
-3.612707160505103099e-01
7.022182607572040602e-01
1.000000000000000000e+00
-1.162396563942045269e-01
-6.253586479945261178e-01
2.187824098708912590e-01
6.506545287715734815e-01
6.215848233806307022e-01
-2.978957503749046776e-01
7.643729405936238175e-01
3.652485024492566623e-01
1.907710051691220432e-01
-4.236038200179936819e-01
2.995008194336172824e-01
2.484961529294842375e-01
9.760022679576429994e-01
-1.000000000000000000e+00
6.282493003916578278e-01
2.183789142279226603e-01
-6.517723935672665725e-01
5.887764057984730126e-01
3.287823804212866019e-01
4.951716816483908712e-01
1.000000000000000000e+00
-4.710864693404078762e-01
-5.548981178236563894e-01
-7.875899971452736681e-01
-4.378238810274548420e-01
-7.047148027321876729e-01
7.767753106835058041e-01
-8.733716335828856092e-01
-4.704435065615079070e-01
-5.773907944382115076e-01
4.201962300481949519e-01
3.854209413567695197e-01
9.522298633121488720e-01
-4.488614321703270349e-01
-2.710242350960171409e-01
-9.957616815861369819e-01
1.000000000000000000e+00
-5.785735250568104782e-01
8.379489324954370044e-01
4.071008654220498180e-02
4.389639581286535197e-01
2.456302962879250984e-01
9.516904153133509681e-01
-3.495503048555028691e-01
5.848922264664145887e-01
-2.839017545907547291e-01
-6.124593393516175599e-01
4.480019055611440537e-01
-7.365826430955653148e-01
9.507901696087868171e-01
4.842887063872640674e-01
-2.074936541052929684e-01
5.583565942277313177e-02
6.519971604630570017e-01
8.555447202018786612e-01
1.085719112442242729e-01
1.000000000000000000e+00
1.020184996217954332e-01
1.803124324119447230e-01
5.375418628057100356e-01
-8.539044218459812541e-01
7.958818387026564967e-01
-7.810808484904573357e-01
1.000000000000000000e+00
5.406649013633423317e-01
-3.559406912459768257e-01
7.610720832658508517e-01
-4.170597239921737254e-01
2.785119506530886468e-02
-9.145049102093179005e-01
-1.812210191314549412e-01
7.338319250329903287e-01
-7.544614128909461481e-01
-1.000000000000000000e+00
3.329598652868255293e-01
1.815891118941515003e-01
-9.386363593527640159e-01
4.368095237395945851e-01
-2.296679654993369901e-01
6.450620320045747924e-01
8.559040759767413409e-01
7.866088210004462677e-01
-4.394120883714128789e-01
-4.881207400161232668e-01
-9.071990648247154621e-01
2.956433905569411102e-01
-2.412213272332717207e-01
4.339232392321423770e-01
-6.557611485377314864e-01
-5.449336015011312373e-01
7.582319068647684901e-01
-2.199307988764593880e-01
-5.455050154506839721e-01
1.494549209190465522e-01
-9.637818414952226131e-01
8.763934542060056732e-01
-1.000000000000000000e+00
2.612785635071288581e-01
-9.591527320334938267e-01
-1.212506259456899160e-01
-7.857367375219805883e-01
-5.845905086227991543e-01
8.029620342527619137e-01
-1.395361026761163803e-01
3.054360952214141278e-02
-2.920098582256347441e-01
-7.929628423790264780e-01
6.745740992633031397e-03
-1.796506635641250682e-01
-4.047748275516046546e-01
9.410924946406149516e-01
-4.354779335907101867e-01
4.893087524444568182e-01
-1.938186345090561202e-01
-8.423804487762587279e-01
-2.421398225812605443e-01
-5.185907193286454220e-01
-7.815690007229674219e-01
1.101538002474307110e-01
9.262993893509903209e-01
-9.760035844051778708e-01
-4.054767621848349712e-01
5.919801630158432193e-01
4.103748013491766988e-01
7.864330046655372275e-01
-8.245273546899511974e-02
-6.430477058944772395e-01
7.677873948460585130e-01
-1.000000000000000000e+00
8.212431875561598815e-01
1.890801908210094084e-01
-1.000000000000000000e+00
3.294386444838889316e-01
-3.126998195945995818e-02
5.565573843156875755e-01
9.557952627438848214e-01
3.375712239509065515e-01
-6.083438493573702921e-01
-3.624385481831999822e-01
