-4.209480161304769430e-01
-5.790041382104378631e-02
-8.271477436698895236e-01
-8.277072272114343043e-01
-6.159294162588148103e-01
6.397718045101004058e-01
-9.591609124153990806e-02
8.382171211382845044e-01
-8.433635973456879431e-03
-4.412476364373772442e-01
-6.065735318223953731e-01
7.142731602539207358e-01
7.441555896351662591e-01
9.009022231724914676e-01
4.728731516365994869e-01
9.323335896860933669e-01
8.207497969133618065e-01
-8.991644938002543164e-01
4.132411802820179503e-01
2.614432623059447791e-01
9.399693776661308675e-01
-6.952387386464216057e-01
-6.285555258371393617e-01
4.939338441274410685e-01
5.028842993639635051e-01
-7.356938583592066427e-01
4.604263330094496287e-02
7.312156570879635442e-01
3.329893061846345148e-02
-1.308159594129088277e-01
1.186436158122714246e-01
7.162494439171159799e-01
-9.643818846882588058e-01
7.387957924129421317e-01
2.441981153881556676e-01
-1.000000000000000000e+00
8.370659021223204599e-01
-8.091049673774859397e-01
-1.602990728543166599e-01
-1.680575327318884482e-01
1.000000000000000000e+00
-9.962794993984620540e-01
1.000000000000000000e+00
-5.941855512421431174e-01
9.403029636507544975e-01
8.507428789760682619e-01
-4.355052324449654177e-02
3.528311168027716827e-01
-7.382817604860352212e-01
-1.000000000000000000e+00
-6.152603431444785276e-01
-9.873954256127600582e-01
9.070193982787252418e-01
7.251379494757790312e-01
7.182361892370160428e-01
-4.819473452096055821e-01
-1.910024499567509471e-01
-1.000000000000000000e+00
-2.724397467891537805e-01
4.402117908059134943e-01
-6.493883621233642600e-01
7.669209244154359117e-01
3.859029928670172915e-01
-8.893160954137485641e-01
9.519240985792692955e-01
9.872425966408412412e-01
8.743258348749581854e-01
-5.485527330775724630e-01
2.496440768215285599e-01
7.421724583792097540e-01
1.257658251199342270e-01
-1.186793126344613536e-01
-9.941129702630202569e-01
4.571168555161280178e-01
-4.367782356934385435e-03
-8.484631806105483731e-01
4.419725393333916452e-01
3.018524336857715817e-01
3.435566880461027317e-02
9.301750330175415082e-02
-1.000000000000000000e+00
-7.842162940441509411e-01
8.844003436789473760e-01
-2.333676981735697264e-01
3.091423393808545583e-01
6.517434461339046692e-01
-7.786113503915089717e-01
-9.010776421775958944e-01
-6.481982989307033538e-01
5.165253325362432202e-01
-2.566981772178805743e-02
-6.622624022869838534e-01
-1.000000000000000000e+00
1.846106416300852260e-02
4.573157240439527649e-01
-2.079143243753243386e-01
3.161720677573270910e-01
-1.000000000000000000e+00
-6.268223328926377791e-01
4.166646598967652659e-01
3.392328126753339501e-01
-4.886069623652987692e-01
9.659928905680462696e-01
3.016391288357140321e-01
-9.334463742401807318e-01
6.819195468147802863e-01
-1.000000000000000000e+00
-7.616191643967453739e-01
1.524763937717111273e-01
9.435976401249518419e-01
7.205087538463156305e-02
-7.139359376242441213e-01
-6.164126212268646876e-01
-1.245675021489409673e-01
9.055070431632500361e-01
4.747263646547217331e-01
-7.250756112834095823e-01
-4.727400995656155791e-02
-2.862817636358004347e-01
-9.226358869795585615e-01
-7.532473524117054842e-01
-2.057638048345827031e-01
4.457565509995538577e-01
6.582253343017312464e-01
2.356576524195438949e-02
-9.281931681393108535e-01
-7.783460144393464786e-01
7.636569313888380561e-01
3.265447606214752496e-01
-6.484712139693911415e-02
1.270020564168767574e-01
-6.202806093682748934e-01
-7.220861896652919221e-02
6.474475857631468712e-01
-4.857308460421038143e-01
6.112534337887195468e-01
-6.980794756573267534e-01
-4.481283131323016145e-01
4.915001519241662953e-01
6.644519040701993839e-01
-9.024946846731909944e-02
-4.403962286495279876e-01
-7.430908663798184779e-03
-7.985136213712689113e-01
-6.336587080234254987e-01
2.525286827264450196e-01
3.359770690302229523e-01
4.804483688583828238e-01
9.349318228360308236e-01
6.118821248819763525e-01
9.297874328564978419e-02
-4.576451094298724653e-01
-5.794312062611504111e-01
2.345943125858140910e-01
9.772065499576937375e-02
7.484179842244418346e-01
-9.684661217149258539e-01
7.246877679084853252e-01
3.782575108698680855e-01
-4.629266817271557866e-01
-8.860150864690535810e-01
4.908128142818991013e-01
5.514619328406431542e-01
7.425842707237042539e-01
-7.433223990482522581e-01
-7.284969426691596806e-02
-5.415957958701783648e-01
-6.111898023542573777e-02
1.000000000000000000e+00
-7.884523064307318307e-01
-8.859110538672948509e-01
8.179469092389926588e-02
8.872685546482917962e-01
-4.021193010101211107e-01
-1.045697306488871103e-01
-5.799517776782078249e-01
6.610762819788752465e-01
2.744012256039887188e-01
2.728551001588834790e-01
-9.252854737703035681e-01
-8.305886467881098412e-01
7.526198761912950008e-01
-2.512281868783466932e-02
-9.290223755004971551e-01
-1.000000000000000000e+00
-4.695006328297889331e-01
7.114577999952648169e-01
1.330440516725202305e-01
1.000000000000000000e+00
-1.000000000000000000e+00
-3.561330204880175376e-02
-6.797066638294355645e-01
4.911886774456302729e-01
-4.723226986840298181e-02
7.593492540847218697e-01
2.832438251177304411e-01
-6.066293260361681206e-02
2.074818433274466523e-01
-9.472987587690708811e-01
-7.771626242468772094e-01
-9.581916228137694613e-01
-2.602723915074320882e-01
3.831157640843427803e-01
8.419821813355304885e-01
7.429933009665738997e-01
-6.563368507319213840e-01
4.640662002440905654e-01
8.788817770631106308e-02
9.259674369426678098e-01
2.069366858949787114e-01
-8.576734235285324859e-01
-9.033763138928732062e-01
1.000000000000000000e+00
1.199880359713225708e-01
-1.000000000000000000e+00
-8.519280646559063142e-01
-9.051964167888782997e-01
7.925855875377871840e-01
1.000000000000000000e+00
-2.950652791161051947e-01
-3.530965993294234162e-02
3.429335227231361527e-01
1.000000000000000000e+00
7.152622200403910835e-01
-4.374463364602131782e-02
-4.907373288767052921e-01
-9.266271845576276589e-02
8.960404417493101903e-01
3.132591539382596491e-01
-1.368954287776247558e-01
-9.615734914160128932e-02
9.962809882883865154e-01
-8.938972229509385414e-01
9.978390999424304741e-01
5.741850519732066838e-02
-3.329059818126963166e-01
1.158705412056371536e-01
-6.934519658320879021e-01
7.444827309517527691e-01
5.187274478989869486e-01
5.316221702413622685e-01
-4.064726038099233940e-01
2.155455768503561909e-01
8.163461224940663508e-01
9.449134091366050425e-01
-3.946858301331196972e-01
-3.344905204476774641e-01
4.508129264196249486e-01
-5.427658997356412662e-01
5.114781955500524724e-01
1.493936309192005762e-01
5.130766790808402034e-01
9.646336922530056590e-01
-5.599170759378216955e-01
-1.000000000000000000e+00
-3.029601436755842703e-01
6.038405941036133207e-02
-8.321152691636083398e-01
5.591814447921685804e-01
7.082187387174851967e-01
-9.386458202730401101e-01
-9.819774844762458876e-01
8.962569105996612828e-01
-6.526232044386910403e-01
-6.280095283390165761e-01
