-3.030026763787131427e-01
7.028432740995639305e-01
7.308696525374196451e-01
9.631221919248165175e-01
-5.830683958006971368e-01
-8.569294398715205929e-01
-4.276339957135793512e-01
-4.871841158404293104e-01
6.901383594279157652e-02
1.667941100272664345e-01
5.944199881443368305e-01
2.312318426772253521e-01
5.541995400712262931e-03
-3.336693735632789704e-01
1.456788826912080170e-01
-7.580852073491178844e-01
1.000000000000000000e+00
1.788249507564082241e-01
7.435985588059224050e-01
6.016037660617041816e-01
-1.028737553427242629e-02
-7.637373438150450999e-01
-1.865445341915243915e-01
-3.433730915887233115e-01
-5.368867211836902964e-01
-4.560549947399718945e-02
7.829427315650687724e-01
4.052671026481033389e-01
-2.174045588593114808e-01
5.215021895084397396e-01
-2.820651895277309085e-01
2.377414438282058062e-01
-2.063653211069376436e-01
-4.777993421841656430e-01
7.665252007777307863e-01
-3.243667003915766678e-01
4.097204833208742403e-01
7.106094903613177083e-01
-6.850405172219918848e-01
-3.923276497314513445e-01
6.889710737871710400e-01
2.832330153387790928e-01
9.521779211935893494e-01
7.171545428326239202e-01
2.507285016578200132e-01
4.669443913214187114e-02
2.989241349058966435e-01
-3.845938389656934353e-01
4.347623318256015890e-01
-1.126468322711675352e-01
-9.402879547328759635e-01
1.605833410049017085e-01
-3.864782997083858751e-01
8.445758522060876627e-01
6.808395393005349794e-01
2.688341972676570046e-01
3.785493181269991014e-01
8.867571116354193705e-01
1.031041354267626109e-01
-1.994118970995502615e-01
7.162207142760235179e-01
2.924124667461935334e-01
8.822026366628341609e-01
4.992260935826383500e-02
-9.786299589041913549e-01
9.731840085218133041e-01
-5.544284542839521546e-01
-8.297568160824352335e-01
7.024967586394030850e-01
1.968063115070194380e-01
5.609130881025794491e-01
5.655524027601896986e-01
-4.735753571062423922e-02
-8.358420368245277066e-02
2.834629908294779010e-01
-5.300295059142828835e-01
-1.700078732241530888e-01
-5.283627846945745249e-02
-1.398626293552464664e-02
-2.590688600408188047e-01
1.000000000000000000e+00
-4.131690248285461164e-01
-5.208405426594728826e-01
-4.052751033104626255e-01
-1.740848485753351271e-01
9.021618578929788690e-01
1.000000000000000000e+00
-2.128594051337301951e-01
8.012975068968968273e-01
-5.990175925020186920e-01
-2.196072007185976560e-01
-1.717555686723770680e-01
1.621776164290425759e-01
5.486607102614781128e-01
1.000000000000000000e+00
-5.529603593150545643e-02
7.133240020779878510e-01
6.415651328035156808e-01
-1.229506058240534133e-01
3.191132346364323677e-03
-7.391636732142509159e-01
-6.284231270529500035e-01
8.761271158437345941e-01
-2.387644295571599296e-01
-1.647426818783694902e-01
8.089963499713616057e-01
7.116865029750724103e-01
-2.481035240806163666e-01
8.369047863267722320e-01
7.513888505313578436e-01
1.000000000000000000e+00
-3.993099581584229618e-01
2.642493285240166689e-01
-4.479213973541327221e-01
-7.210156137406867893e-01
4.280652867666637218e-01
3.410780502806812914e-02
2.651847991714000319e-01
3.210640469470717462e-01
3.363339278007096422e-01
2.644250464232231757e-01
9.691111954973423703e-01
-8.611214750843194654e-01
4.795571434666585225e-02
4.248683269240182137e-01
-4.432260043542162187e-01
4.764358522375711225e-01
2.025160594599422215e-01
4.950457037617329581e-01
-9.276530879942953556e-01
1.768232770461201364e-01
7.645861029798720621e-01
2.738413516192197417e-01
-6.241953258633244767e-02
-1.995314355421095309e-01
-5.802331070450564843e-01
-2.891468968103148018e-01
-6.559087226458384379e-01
-1.000000000000000000e+00
-1.761726627765024533e-01
-5.454250016345193464e-01
-2.798378775144853559e-01
5.688794322288690530e-01
-1.000000000000000000e+00
-7.044627309986536967e-02
6.694466088322130748e-01
-8.161527786138875751e-01
-5.443645448767993056e-01
-3.259607216012899711e-03
1.210760937202182558e-01
1.604113021038837406e-01
-5.691457524948991820e-01
5.656336104647213814e-01
3.663872284410457647e-01
-1.694832073505868064e-01
1.535135853952748763e-01
-6.400793964569176930e-01
-9.138831450482354235e-01
-4.291782199225120387e-01
-2.175481671191923649e-01
-6.532003674814105265e-01
-2.276406322971175900e-01
8.338447433155549149e-01
6.777411194541163031e-01
-5.195859720937907600e-01
-4.241046045070766546e-01
-2.069878614989298926e-01
9.640623677314285045e-01
-8.255130640837611555e-02
3.208342219264137540e-01
1.000000000000000000e+00
-9.929227536593961956e-01
-2.403905993026339560e-01
-7.437650718839418085e-01
4.020202969749911981e-01
7.017737212513035505e-01
7.623026310964344798e-01
-6.390479102705589609e-01
5.863307841296152567e-01
6.549789714366843763e-01
-4.307227110304847617e-01
1.260807949666453431e-01
-4.656966939276616785e-03
-7.958658663468776151e-02
-9.734881884563875709e-02
9.760214456446409947e-01
6.016413360577189673e-01
-3.440753133974183697e-01
-3.354142758629245491e-01
-7.782020071849014009e-01
5.543538439193278489e-01
8.877331753052303265e-01
-6.639758353262183999e-01
-1.000000000000000000e+00
-4.011495073318508409e-01
-5.033882462558996185e-01
1.696172010027972021e-01
3.431086583763570674e-01
-9.398197624397687522e-02
4.851718849764416475e-01
1.139129037571903758e-01
-3.310260981259825486e-01
5.022648045442791309e-01
1.552902822349091494e-01
1.000000000000000000e+00
4.429835932365249751e-01
-3.610071211933446600e-01
1.000000000000000000e+00
2.249571344928663619e-01
6.507532246786155161e-01
5.333947767819476882e-01
4.977798307695682212e-01
-5.406880040113257735e-01
6.033750872917541530e-01
9.982020621540477201e-01
-3.665986152824428079e-01
6.110559469059553273e-01
1.168029430790374912e-01
5.685664929756411023e-01
5.310810329057618073e-01
5.715193471660369451e-02
-1.873288951203885278e-01
-2.671077930038045500e-01
-2.743972389998211581e-01
-2.676157510275281592e-01
-7.619130795859373473e-01
1.980444801404409594e-01
5.496860820776738876e-01
3.379271396083415313e-01
4.945823902329216787e-03
6.359001494594107573e-01
-2.981789105488323877e-01
7.098949285835620682e-01
-7.703383233057846391e-02
1.000000000000000000e+00
4.147435566176098098e-01
4.345076055521167602e-01
-1.293784206363151890e-01
9.724415573170951399e-01
-3.488883897422704883e-01
-4.647749758302113232e-01
7.215877431494296390e-01
8.870559836625984129e-01
6.917350429251587496e-01
9.709225497005197214e-01
-3.893267510319173841e-01
-4.954080659808942633e-01
4.901031413783164814e-02
9.434117863876194665e-01
-3.102235264480994736e-01
3.035185942387029212e-01
-2.953183827743129930e-01
9.493870016664278655e-01
1.000000000000000000e+00
3.005725286443279298e-01
-4.611937316219909544e-01
9.388150560611968620e-01
-7.916758256869874111e-02
1.000000000000000000e+00
1.000000000000000000e+00
4.315873129940501762e-01
9.853949381196264179e-01
-2.665724912461386320e-01
4.426719693284415502e-01
8.948296695501184450e-01
