4.042722935287785813e-01
-3.078206020007023813e-01
4.976008884112803621e-02
1.379298399339908832e-01
-2.080464567009202570e-01
-2.148107489694126016e-01
2.978111375796265170e-01
-9.752272288241444764e-01
1.000000000000000000e+00
-4.516661815721125794e-01
-1.726857478349224650e-01
1.214533003954263446e-01
-4.707410634473176425e-01
1.000000000000000000e+00
3.013141341397049255e-01
5.624436491526449977e-01
-3.624577982410485122e-01
-4.875107560503282866e-01
1.000000000000000000e+00
1.000000000000000000e+00
2.984477726845070067e-01
-3.274393515896976969e-02
-9.474238175580601551e-01
-6.424598903067498812e-01
-8.922161419540212135e-01
3.442426285215191561e-01
-3.733472967749482674e-01
-6.111851930339413652e-01
1.000000000000000000e+00
-2.500198714040138270e-01
8.887664196161003671e-01
8.786710611901469292e-01
-3.927386173871773023e-01
6.212985473952903348e-01
-1.277337555701261174e-01
-1.444460279327600405e-01
-5.088325593648550527e-01
3.414502167846354963e-01
5.513952933988243155e-01
-6.991400100350213531e-01
2.339020992716733804e-01
3.451385297394594653e-01
1.000000000000000000e+00
-1.000000000000000000e+00
5.924624160127938133e-01
-1.000000000000000000e+00
-6.790029719503407613e-01
6.430881922252379423e-02
-1.260962596212472642e-01
-2.813200010741201407e-01
-1.764717669801706412e-01
6.064040119486135971e-01
1.823128915121647806e-02
5.655083221311335562e-02
-1.000000000000000000e+00
-1.263291138469677111e-01
3.449672802822907336e-01
4.960285129117762981e-01
-1.216419655634926184e-01
1.000000000000000000e+00
-5.204368438427732224e-01
-8.780749125849746095e-01
-4.847928568199879606e-01
-6.538978266877594203e-01
5.372115897671667639e-01
2.068943146304776937e-01
-4.642504522438628545e-01
4.715694621874715886e-01
1.054546424841495134e-01
-5.420316091064008024e-01
-9.493303542459738953e-01
3.259722370050122664e-01
-8.540370002058966792e-01
-1.000000000000000000e+00
1.000000000000000000e+00
2.129790549147356493e-01
3.197285003575401907e-01
-2.460583739891637478e-01
4.371471653105757360e-01
-2.544080733798860239e-01
-3.334275409268367407e-01
4.331922998273953773e-01
-2.826579240916336500e-01
3.052485150678515002e-01
-7.908095832549157933e-01
-4.480581018363050116e-02
-2.070029974101552650e-01
-5.704956140317394286e-01
-1.990804507037486903e-01
3.742021035393627293e-01
-2.876838905776204491e-01
-3.070179639727310672e-01
-6.229692686652050782e-01
1.972717144285862645e-01
-2.775566632970029590e-01
-9.433127436156317769e-01
-1.000000000000000000e+00
1.858802257743066566e-01
5.938175854336347204e-02
-3.882127444246316061e-01
-3.808878561769322990e-02
3.633760171691918783e-01
8.459634217788162269e-01
-7.022907163403300235e-01
-2.146099421439917609e-01
-7.245014061968997332e-01
4.485297652854309258e-01
-6.396345074829128396e-01
2.536707770675323825e-01
4.441237364164741241e-01
1.031381211767581352e-01
2.020450279722662001e-01
3.790364939453313431e-01
1.000000000000000000e+00
7.637502854402495878e-01
2.894299132851878634e-02
1.391420176911380979e-01
-7.834121269526872489e-01
6.975050936886166841e-01
2.900469225091528713e-01
2.296163043270910975e-01
9.391068133160320741e-01
1.642677034265739855e-01
1.897665128350987940e-02
5.563272899500233404e-01
-7.984496853375955272e-01
8.585902203838011726e-01
2.324602918410681451e-01
-1.000000000000000000e+00
3.262389153298693723e-01
9.183817599949914423e-02
4.356329468476924927e-01
5.628654050768988615e-01
-1.000000000000000000e+00
-1.574115144300286540e-01
6.446441856353082311e-01
-2.012097317355767134e-01
2.884750061529207654e-01
9.401890669996915140e-01
-1.555423460103494415e-01
-4.855365134261046545e-01
-4.050941278421559266e-01
-9.045206921380050114e-02
4.235866837792503503e-01
-3.477391347183227399e-01
5.300380132879652928e-01
5.721891471822244668e-01
5.653279717617106792e-01
-2.009234330680835789e-01
-4.452898258553454336e-01
6.388618800616034932e-01
-7.396930586454392165e-02
-7.477841390095514296e-01
2.525167912785192814e-01
-6.129746456681095523e-02
3.387216949960045742e-01
-4.495400915431750355e-01
1.144659053196139809e-01
1.983289303108676238e-01
3.745157137226788335e-01
-4.631215404578405970e-01
3.557671193735214565e-01
9.105651473149549702e-01
-6.946304882597562624e-01
1.000000000000000000e+00
-7.518915372311051337e-01
1.000000000000000000e+00
3.976505636269618560e-03
-7.546357053980344842e-01
7.384364842125803463e-01
-6.275238949910623143e-01
3.993062062008775337e-01
3.871938687580764871e-01
6.089602030146979983e-01
1.606517033448550680e-01
-4.289136073347933342e-01
-1.000000000000000000e+00
-3.471813029103823500e-02
-9.363746338033034355e-01
-2.836963682235728590e-01
-9.794133971519126680e-01
-1.000000000000000000e+00
-6.047674284854102217e-02
-6.935797816134189886e-02
-2.863887218058084883e-01
9.048861743845399985e-01
9.322736104411566416e-01
2.812096425252326726e-01
7.562437838487863218e-01
4.692239874193938620e-01
8.888781899534298203e-02
4.026816907425098679e-01
1.854521863552441863e-01
-7.326113441086197220e-01
-2.768881239854397158e-01
-1.088829764936477401e-01
-3.438339151562505580e-01
4.629253529626062846e-01
7.179355636720465839e-01
-1.000000000000000000e+00
6.849286246139693057e-01
2.341184132379005023e-01
1.637952208484707572e-01
3.448227332637018860e-01
-2.100040144472423709e-01
-4.548579017188678630e-01
2.806393389355832380e-01
1.627403887506262414e-01
5.603814481410582804e-01
-4.872321127885009817e-01
9.205347374700587615e-01
6.119789182220136681e-01
5.442624277704487534e-01
1.000000000000000000e+00
-1.000000000000000000e+00
-1.000000000000000000e+00
-3.011867533294714239e-01
-4.889123210452303026e-01
3.341890586031043830e-01
1.134746447300776784e-01
-7.708822359071381136e-01
5.085861603654066032e-01
-3.237155789416478191e-01
3.640407517398761006e-01
-1.000000000000000000e+00
1.000000000000000000e+00
5.788162600498735211e-01
-4.515296477531388630e-01
7.526357140181708649e-01
4.384725035164760421e-01
-7.069222033270987637e-01
-2.950654180839989982e-02
9.988403156456786558e-01
1.000000000000000000e+00
6.638081070612955603e-01
-4.282353419202109546e-01
5.610174975197966818e-01
-1.031600607860329311e-01
6.729528063393858117e-02
-1.598377750828117172e-01
4.715525912920882634e-01
7.877571216622059058e-01
-5.260110964802957589e-01
4.282005330528316778e-01
8.825738469176475087e-01
7.042976722758975683e-02
4.745824181715634360e-01
-3.106728398319128989e-03
-4.027073691862806948e-01
8.548997375067896032e-01
-2.149589548147391449e-01
-8.721665504304140781e-02
-9.212397996376540110e-01
6.235484427252993567e-02
-2.164711922741702210e-02
-4.406210725411016105e-01
-1.238891111712180915e-01
-7.514494022551786445e-01
-4.205302104040448130e-01
-4.203424265098010260e-03
2.489975312748581859e-01
8.061223201993652498e-01
8.731652397647122754e-01
4.299425675465243790e-01
1.012594216784560158e-01
