8.764387955861674406e-01
-1.000000000000000000e+00
-2.365316089021440860e-02
-1.000000000000000000e+00
-2.137643881189405515e-01
8.551239208844683137e-01
5.943686262722113200e-01
-1.000000000000000000e+00
6.595469435291972937e-01
1.000000000000000000e+00
-8.258626108336281080e-02
-1.000000000000000000e+00
-1.474041248092645140e-01
2.854193093009071980e-01
1.000000000000000000e+00
-1.000000000000000000e+00
-6.348921737998203252e-02
-1.000000000000000000e+00
9.486051920953133543e-01
1.000000000000000000e+00
-1.000000000000000000e+00
2.543684567264899998e-01
-1.000000000000000000e+00
1.484070820442740524e-01
1.000000000000000000e+00
5.013571188569820869e-02
3.338826627576551020e-01
1.000000000000000000e+00
6.349021176425300172e-01
1.181845735362769823e-01
1.000000000000000000e+00
9.768420097598037311e-01
-1.000000000000000000e+00
-3.049528466529382031e-01
-9.834349559784066885e-01
1.000000000000000000e+00
1.000000000000000000e+00
-1.000000000000000000e+00
-1.000000000000000000e+00
1.000000000000000000e+00
-1.000000000000000000e+00
-1.000000000000000000e+00
-1.000000000000000000e+00
-5.606572649395602514e-02
7.003336498840103674e-01
-9.065329203941259184e-01
-5.866829165939102531e-02
-1.000000000000000000e+00
6.945880245098442485e-01
1.265450500423270508e-01
1.000000000000000000e+00
-1.848381581459602185e-01
-1.000000000000000000e+00
-9.623283983385031437e-01
8.640246363290862153e-01
3.770576809824921494e-01
2.749988926377419651e-01
8.842135285580119408e-01
9.441632124026515527e-01
1.000000000000000000e+00
-1.734894454451868517e-01
-7.429946314024941101e-01
3.101245028797212644e-01
-1.000000000000000000e+00
-1.000000000000000000e+00
-9.866574254452907811e-01
-6.665491109933250335e-01
-5.013481333695417597e-01
8.013176834818276362e-01
-4.435346430696890940e-01
9.771537854696349390e-01
-1.398622665591591208e-01
-1.982220458295075316e-01
-1.000000000000000000e+00
-1.000000000000000000e+00
1.000000000000000000e+00
1.912616509611984039e-01
1.000000000000000000e+00
1.000000000000000000e+00
-1.000000000000000000e+00
-5.508629303041350234e-01
-8.519689936348751047e-02
-7.247816406581262250e-01
4.660577923565807357e-01
1.000000000000000000e+00
-7.445380812722516284e-01
1.000000000000000000e+00
1.000000000000000000e+00
-7.204271091819148820e-01
2.947920799984029006e-01
-4.095971790252368461e-01
-6.213159832585626319e-01
-7.882763672414938583e-02
-1.000000000000000000e+00
1.000000000000000000e+00
1.000000000000000000e+00
-1.000000000000000000e+00
1.000000000000000000e+00
1.991183827323286248e-01
-4.204860103028242313e-01
1.000000000000000000e+00
-4.723870989592259817e-01
-1.000000000000000000e+00
-9.023356475265553733e-01
-1.000000000000000000e+00
6.569204675635098578e-01
8.720238408167468869e-02
-4.649260655985588686e-01
-5.455195723063820390e-01
1.000000000000000000e+00
-1.000000000000000000e+00
-8.373053794519396131e-01
1.000000000000000000e+00
-1.000000000000000000e+00
-1.000000000000000000e+00
-1.000000000000000000e+00
1.000000000000000000e+00
-7.624186939719149736e-01
1.000000000000000000e+00
-1.000000000000000000e+00
-8.617150692685745517e-01
6.272775328048496579e-02
1.000000000000000000e+00
1.000000000000000000e+00
-1.000000000000000000e+00
-1.000000000000000000e+00
1.000000000000000000e+00
1.000000000000000000e+00
1.000000000000000000e+00
1.000000000000000000e+00
4.637598840020297208e-01
6.383535986682919994e-01
1.000000000000000000e+00
-9.258662343502632730e-01
-7.202192654478404288e-01
-2.346645061003997945e-01
1.000000000000000000e+00
-1.000000000000000000e+00
1.000000000000000000e+00
-4.351932017834446165e-01
9.468449590824826734e-01
1.000000000000000000e+00
1.000000000000000000e+00
-7.566623002994872227e-01
-1.000000000000000000e+00
-8.688020505560177797e-01
-1.000000000000000000e+00
1.371191268773333805e-01
-3.085289710566587740e-01
-1.000000000000000000e+00
-1.000000000000000000e+00
1.437329859141016075e-01
7.699194870121371936e-01
-1.000000000000000000e+00
1.795928931969587861e-01
-1.000000000000000000e+00
-6.202055887490517394e-01
-2.256393235615403725e-01
1.000000000000000000e+00
-1.000000000000000000e+00
5.406628542978686447e-01
-1.000000000000000000e+00
-1.000000000000000000e+00
1.229282381649426936e-01
1.000000000000000000e+00
8.648386461606016873e-02
1.000000000000000000e+00
1.610300055863228552e-01
-3.272360240814858323e-01
-1.000000000000000000e+00
-1.000000000000000000e+00
4.107522441949391645e-01
-8.990902924307047073e-01
3.769150052642076254e-01
2.150926198666859301e-01
1.000000000000000000e+00
7.565695443327075109e-01
-1.000000000000000000e+00
-1.000000000000000000e+00
-5.266295758205590261e-01
9.638239548815127899e-02
6.402228544138863775e-01
-7.638858904208954970e-01
1.000000000000000000e+00
-9.841874308193084842e-01
8.763035215014938206e-01
3.596626233724744548e-01
1.000000000000000000e+00
2.977469604478477638e-01
2.898740646414489364e-01
1.000000000000000000e+00
1.000000000000000000e+00
-5.163762714819079003e-01
1.000000000000000000e+00
-9.677752361097163858e-02
-4.974210694317484638e-01
-1.000000000000000000e+00
1.000000000000000000e+00
4.553088759243401062e-01
-6.233524578212799039e-01
-1.000000000000000000e+00
1.000000000000000000e+00
-6.363680651257261900e-01
1.000000000000000000e+00
6.123466899333407376e-02
-8.358342700390331004e-01
1.719897926151644496e-01
1.000000000000000000e+00
8.617612116939495914e-01
-3.010666674630595452e-01
-8.588797354013700813e-01
1.000000000000000000e+00
8.777124443791259889e-01
1.000000000000000000e+00
9.505275955550279710e-01
5.706501903190073222e-01
1.000000000000000000e+00
-1.000000000000000000e+00
-4.319993386033401661e-01
-8.089269660472305778e-01
-1.000000000000000000e+00
-1.468486068239682751e-01
1.724910000647041919e-01
1.000000000000000000e+00
-1.000000000000000000e+00
6.584524928643561426e-01
3.813404974012687410e-01
4.237759351675808583e-02
-1.000000000000000000e+00
-1.266025657151713668e-01
1.000000000000000000e+00
-9.529671216793431654e-01
4.413289218623628329e-01
-1.000000000000000000e+00
-2.934806550380149037e-01
3.527910711832744628e-01
5.873878580166100871e-01
-3.089827333319245667e-02
-1.000000000000000000e+00
1.000000000000000000e+00
-1.000000000000000000e+00
1.000000000000000000e+00
3.005392821277894644e-01
-1.000000000000000000e+00
1.000000000000000000e+00
-1.000000000000000000e+00
1.000000000000000000e+00
-6.727786744102224326e-01
1.000000000000000000e+00
1.000000000000000000e+00
1.000000000000000000e+00
5.834566875169620026e-01
-1.000000000000000000e+00
-9.168891854134082475e-01
1.000000000000000000e+00
1.824254838426264680e-01
2.998021450859242321e-01
-1.000000000000000000e+00
1.000000000000000000e+00
1.000000000000000000e+00
1.000000000000000000e+00
-5.944586215044933564e-01
1.000000000000000000e+00
-2.618262632733758810e-01
-1.000000000000000000e+00
