1.000000000000000000e+00
8.963034059617951410e-01
9.838710115841858839e-01
-9.350804319754885130e-01
-2.016772647195257673e-01
-4.286853330757687819e-01
5.389235518468833419e-01
-1.000000000000000000e+00
-1.551996165774515157e-01
2.639489887236801668e-01
6.627449975418371331e-01
-3.932470862026070102e-01
-1.000000000000000000e+00
-1.000000000000000000e+00
-1.682288092999755791e-01
-1.000000000000000000e+00
6.698522064111120944e-01
8.231365214531645158e-01
1.773914984220434921e-01
-2.916696148413033263e-01
1.000000000000000000e+00
5.623961387562226300e-02
-1.000000000000000000e+00
1.000000000000000000e+00
-1.000000000000000000e+00
1.000000000000000000e+00
1.894512746710191875e-01
1.000000000000000000e+00
-5.890186796623790855e-01
6.018572423625452306e-01
1.000000000000000000e+00
-1.000000000000000000e+00
-6.958101447825972841e-01
3.353108784833664924e-01
2.303472935089153906e-01
1.000000000000000000e+00
-2.955171551794648632e-01
1.000000000000000000e+00
1.258634347952479748e-01
8.814151935976377583e-02
-8.361000208434687941e-02
2.530179978335940771e-01
-6.461884497960819207e-01
-1.000000000000000000e+00
-2.247565814586293675e-01
6.259152628826127884e-01
-4.716427658270087031e-01
1.000000000000000000e+00
3.045268351034978449e-02
-1.506864012277700504e-01
-4.428603042465241169e-01
7.006929000411068476e-01
1.000000000000000000e+00
-6.662427526285228385e-01
3.772959342380866055e-01
9.492566023796510377e-01
-5.169818448783105591e-01
-9.741915605057442917e-01
-1.000000000000000000e+00
1.000000000000000000e+00
-7.761305998772521919e-01
6.501988442563406689e-01
-1.000000000000000000e+00
1.000000000000000000e+00
-9.427936795294311612e-02
1.000000000000000000e+00
-1.000000000000000000e+00
1.000000000000000000e+00
9.886287838450472654e-01
1.000000000000000000e+00
1.000000000000000000e+00
-1.000000000000000000e+00
-1.540281578383138339e-01
-8.509862228607523171e-01
8.434807766601789547e-01
-8.515123573664663548e-01
4.344420378050389275e-01
-1.000000000000000000e+00
-1.000000000000000000e+00
-6.878200410818212651e-01
1.000000000000000000e+00
-5.284414239285667447e-01
8.904104319046327598e-01
-7.131378956560580074e-01
1.000000000000000000e+00
-1.000000000000000000e+00
-5.196211381152571196e-01
5.241677054633558930e-01
1.000000000000000000e+00
-4.217213423372503933e-02
-3.301471080246886070e-01
1.000000000000000000e+00
1.000000000000000000e+00
4.055860284800283933e-01
-1.000000000000000000e+00
1.000000000000000000e+00
2.543053515274972254e-01
-1.000000000000000000e+00
-1.000000000000000000e+00
1.000000000000000000e+00
-1.000000000000000000e+00
1.000000000000000000e+00
1.000000000000000000e+00
-1.000000000000000000e+00
-5.664204512249498835e-01
-1.000000000000000000e+00
3.458221806145000965e-01
2.891678767937272410e-01
9.838115089928853862e-01
7.828911912874669810e-01
-1.234277195912099195e-01
-2.806735989618244220e-01
-8.030830198938321285e-01
-1.000000000000000000e+00
1.000000000000000000e+00
-2.011296299002723886e-01
-5.488346196531548871e-02
1.000000000000000000e+00
-8.526043304036665660e-01
5.121237914839369409e-01
-1.000000000000000000e+00
1.000000000000000000e+00
-1.000000000000000000e+00
8.378325893308798955e-01
-6.553748452556582560e-01
2.061705451847367643e-01
-1.000000000000000000e+00
1.000000000000000000e+00
9.225319712090720436e-01
9.875805385360217903e-01
-5.210578601130458898e-01
8.812331949514206064e-01
8.786464429637937945e-01
1.000000000000000000e+00
9.106922078232366768e-01
9.653983770547469589e-01
-1.000000000000000000e+00
-1.000000000000000000e+00
9.936564864635839545e-01
9.062373003982263642e-01
1.000000000000000000e+00
-8.220888924186156022e-01
-5.217201727126729027e-01
-1.039414759474601574e-01
-9.168581113980355246e-01
1.000000000000000000e+00
1.000000000000000000e+00
-7.204452769597039508e-01
-1.000000000000000000e+00
-1.000000000000000000e+00
2.052397078551099208e-01
9.786669187622014654e-01
-1.000000000000000000e+00
-1.000000000000000000e+00
1.000000000000000000e+00
-1.000000000000000000e+00
-1.000000000000000000e+00
-2.765538425788538479e-01
4.911086405677165811e-01
1.000000000000000000e+00
1.000000000000000000e+00
4.612765256411516246e-01
6.468633901350967497e-01
1.000000000000000000e+00
9.310623995784579332e-01
1.000000000000000000e+00
-1.000000000000000000e+00
2.418062424898944351e-01
-1.000000000000000000e+00
2.007176859872875363e-01
3.582063341838117032e-01
-1.000000000000000000e+00
6.015482845279951363e-01
-8.319659034241271289e-01
-1.000000000000000000e+00
4.357504749252895104e-01
4.113471082005684121e-01
-6.056991595329437317e-01
-1.000000000000000000e+00
9.483906504792484204e-01
-1.000000000000000000e+00
1.000000000000000000e+00
4.086873113781017142e-01
6.257699332128676684e-01
-8.991466367074976707e-02
1.000000000000000000e+00
-1.000000000000000000e+00
-1.000000000000000000e+00
-1.000000000000000000e+00
1.164766621459789736e-01
7.485345837933720103e-01
-9.505319842561159582e-01
5.695541166428773616e-01
9.940726735238260003e-01
-4.049498281292274182e-01
-3.164599563966609130e-01
8.815676762372887110e-02
1.000000000000000000e+00
-7.705327208797564387e-01
-2.854335354679168879e-01
1.000000000000000000e+00
-1.000000000000000000e+00
7.684831034518908865e-02
1.000000000000000000e+00
7.073546522594817976e-01
1.000000000000000000e+00
6.316460758582769230e-01
1.000000000000000000e+00
1.000000000000000000e+00
6.764353384069292652e-01
-1.000000000000000000e+00
-7.835323639373596993e-01
1.000000000000000000e+00
5.688156860482759258e-01
1.000000000000000000e+00
-1.000000000000000000e+00
5.649377305258518334e-02
8.715014026866868546e-01
5.440248043081713503e-01
9.866044859065294936e-01
-5.291678390422186462e-01
1.000000000000000000e+00
7.201299465208506334e-02
7.844183001954337930e-01
-1.000000000000000000e+00
-2.061708157451448975e-01
-6.961412865188496557e-01
-3.082078833458820055e-01
5.076420708113489333e-01
8.790810018647269297e-01
-4.488364539182576607e-01
-1.000000000000000000e+00
-1.000000000000000000e+00
7.490979725967381736e-04
-1.000000000000000000e+00
-5.023071472014281058e-01
-1.000000000000000000e+00
1.000000000000000000e+00
7.966103264832555819e-01
-7.068642898880586056e-01
-1.000000000000000000e+00
1.000000000000000000e+00
-5.974755305904299041e-01
-2.631219610481965732e-01
-4.200658657144736297e-01
3.810418410815133439e-02
-7.194479782707162707e-01
-1.756009754506195619e-01
1.000000000000000000e+00
1.000000000000000000e+00
6.628547480140274395e-01
1.000000000000000000e+00
1.000000000000000000e+00
1.000000000000000000e+00
-1.000000000000000000e+00
1.000000000000000000e+00
7.552359127163155161e-01
5.932282358755435192e-01
1.949798100662758493e-01
-6.108022708078189034e-01
-1.000000000000000000e+00
-7.535159085324470984e-01
1.000000000000000000e+00
-4.130573489584756786e-01
1.000000000000000000e+00
