-7.594661748257131029e-01
6.636350605097206534e-01
-7.582784712860172194e-01
4.124657070328258124e-01
7.692819477077794676e-01
-3.409959070365514017e-02
5.029744048308243398e-01
1.000000000000000000e+00
-8.253366258368491359e-02
-3.337640250665433461e-01
-1.574214372432039544e-01
-9.131168782947263196e-01
2.281555010861550242e-02
-8.685276376572190760e-01
2.974948584070654101e-01
4.592338355800573008e-02
7.147012270460009753e-02
4.083079511866880007e-01
5.964918678380189965e-01
9.762307959706755245e-01
9.428838918717876716e-01
-5.119229692319214875e-01
2.486978300014146548e-01
4.827040527005241888e-01
8.343546955869711734e-01
-9.703997501916665769e-01
2.165759747918899747e-01
-4.120997746797069872e-01
-1.258115193098663376e-02
-2.282197474395751824e-01
-1.883622577180402713e-01
6.129293492442234870e-01
-6.907309203504727879e-01
-4.467156750085465311e-01
-7.826572216092588796e-01
4.042771747722417319e-01
7.857604049095283649e-01
2.849310829982005244e-01
9.954092961348684487e-02
-5.755416400666983900e-01
-6.174095503442647015e-01
2.682383365650136131e-01
-7.865566065484959068e-01
3.860000439355951163e-01
-6.738061413905130914e-01
3.184282790345669412e-01
6.958636063853335108e-01
-5.385020219991134560e-01
-2.289877304224146592e-01
-6.170417911047745285e-01
-2.220921609010347020e-01
-7.933398371035425001e-01
1.969062977955276239e-01
-2.436633601868300886e-02
-9.761390639383185075e-01
-8.737822520498882417e-01
-1.814172043453135819e-01
5.545946427121466182e-02
9.193795228902094108e-01
2.049070859640457209e-01
-9.263667226387835019e-01
-9.422848935297342132e-01
-1.338100813558642521e-01
1.445566984444610625e-01
-2.055083240729259353e-01
7.678199260281795002e-01
1.000000000000000000e+00
-4.326469262303533347e-01
8.010687072319738755e-02
-8.759098103982713157e-01
-1.434054370933070532e-01
2.420656102972414958e-01
6.884085316521952602e-02
6.564442861242604232e-01
-9.818459301733482025e-01
5.494110554992068796e-01
4.821707019305360720e-01
2.931771125072319961e-01
-4.938294740940652600e-02
-9.881598298658428314e-01
-3.650657768835247619e-01
-2.039766364578111391e-01
6.920829927837567341e-01
9.625957863640159651e-02
1.215043389135963547e-01
2.612608227697759133e-01
-3.042449089930593029e-02
-2.759648755269768494e-01
-2.678435359455699077e-02
3.400139793917046349e-01
9.259730283143822183e-01
4.371038209849679168e-01
8.865154002844524705e-02
6.208940694195366067e-02
8.736317410110655546e-01
9.345558946037697545e-01
-6.154345473628002050e-02
2.293939498602405591e-02
9.532148645745377458e-01
4.770658262151226126e-01
-1.000000000000000000e+00
8.118956114651050271e-01
1.000000000000000000e+00
-1.946748455299063818e-01
-4.101489276900148195e-01
-2.992506177799487133e-01
4.031294647501028616e-01
-9.026901659050067250e-01
1.545900738424955678e-01
-1.383686647173379414e-01
4.759857060576641596e-01
-3.263998022714993397e-01
5.049422168359084528e-01
-8.402303483627113767e-01
4.811806899228435186e-02
-7.987214163871189099e-01
8.709019284109460468e-01
-1.000000000000000000e+00
5.464784014719795691e-01
-9.656207403846257531e-01
-2.190030287436480760e-01
2.329530625625583773e-01
-2.783365350647835079e-01
-3.048992402939864066e-01
-7.133959447655302544e-01
5.022036819390351958e-01
8.950360170643768543e-01
8.645327571002136002e-01
1.047897421377179394e-01
-1.364648048065486008e-01
5.444944771439561571e-01
-3.844350706620514591e-01
5.178841671108243006e-01
1.883260210149702019e-01
-8.082884941630640308e-01
-9.756059597241825143e-01
4.743398203553367831e-01
-2.985113235145029909e-01
-8.922343132935081078e-01
-7.966284408741911571e-01
-3.879354046798781930e-01
1.641001261282064583e-01
2.407437008180180193e-01
-6.720881087961252387e-01
-2.031222399109313126e-01
1.000000000000000000e+00
-6.140868137096836543e-01
3.284670730839112096e-01
-3.617583022537808612e-01
2.029670945912172009e-01
5.365533501250785431e-01
2.680521442135251342e-01
8.456237629443659476e-02
-1.975037463328375709e-01
5.820479152358648545e-01
-5.405438527394108572e-01
5.457227051827477915e-01
6.033078590032582289e-01
-6.127513986511622379e-01
2.046144486839525656e-01
-5.450072810969331938e-01
9.162380505704319500e-01
-3.149219122805634874e-01
-8.606749864951972195e-02
3.239027456662074700e-01
4.881156920356620188e-01
-1.505827889264967079e-02
-8.812336296014600112e-01
1.973078671889273716e-01
-3.821892342100210449e-01
2.088114596056095118e-01
7.551213700686036923e-01
9.065988631662958985e-01
-3.926751887875439273e-01
8.989775036110190243e-01
5.975602141896285691e-01
7.286729345679707759e-01
-1.750477134371671017e-01
-3.172914099002115962e-01
8.461196401817761004e-01
5.110003764707253815e-01
5.618039098980019963e-01
1.830739078164242972e-01
-7.308218568684213823e-01
-1.255698856612360026e-01
6.315003907080233292e-01
-1.313777456750536698e-01
1.000000000000000000e+00
-2.022050955938947681e-01
-4.097874842333837919e-01
5.358000625125912686e-01
-1.193459512808710404e-01
-3.168076520595802803e-01
-9.343798415342714492e-01
9.075734454985338040e-01
1.000000000000000000e+00
-1.696460743994547549e-01
-2.440614428569342909e-01
-1.382682548243443221e-01
1.000000000000000000e+00
-7.466064703932353552e-01
4.553717433262308156e-01
-9.170628768414489373e-01
-2.075243894938506306e-01
6.450324699913535520e-01
-7.566866225296828286e-02
-8.268199743630879617e-01
7.604739003351652926e-02
-6.211898652090630524e-01
7.380574652374459754e-01
6.313026036759798731e-02
-1.761902334106214829e-01
9.716343176831444550e-01
3.403320434949189122e-01
3.762043839330855288e-01
4.654547280564898248e-02
-2.810544577464249016e-01
-1.291184859152701148e-01
8.880757171912196934e-01
5.113303650614956508e-01
-4.351000348343155855e-01
1.000000000000000000e+00
-2.560486866679680951e-01
2.529848093901222450e-01
7.518954436948201980e-01
5.913596653825875515e-01
-1.797885710586912822e-01
-6.152563865511682106e-01
9.858814686230563673e-01
4.027405373446027448e-01
7.192118371445722635e-01
-7.447759121209177602e-01
3.544551402130773354e-01
-1.296888343206683003e-01
-7.954413196371251660e-02
-1.000000000000000000e+00
2.324048310084119162e-01
3.613293844574886338e-01
1.716456948336077815e-01
6.492104891276806455e-01
1.592824076114681964e-01
-7.092502669243104796e-01
9.312962615754190043e-01
6.871959098966126112e-01
-6.453866546815663074e-01
-2.423948226233287040e-01
5.931393911220128601e-01
-2.387754231412587691e-01
6.738427304187390998e-01
6.206146329258840355e-01
4.883330812157243850e-01
-4.751696478786258115e-01
5.092517350039890145e-01
-6.996492172476679317e-01
-5.310180743055499253e-01
-3.171066188509800710e-01
-7.085765147632037131e-01
5.598118140428126610e-01
7.796391836217022586e-01
3.235230993368798380e-01
-1.088915572626970030e-01
-1.716945852074293899e-01
-3.988174444516001671e-02
1.213208252993760866e-01
9.645010600479423379e-01
