-6.098498032317645201e-01
7.681526699014212811e-01
-9.591702874117148392e-01
8.489319037887917974e-01
6.654231019688841009e-01
4.411466494910788044e-02
6.620317784627711699e-01
9.461000377836923381e-01
6.611352758950425068e-01
2.948726785754556823e-01
-3.932360472386792760e-01
-6.215841047777189710e-01
-1.000000000000000000e+00
-9.219519608010834366e-01
3.774747237761572061e-01
-1.987136072624255401e-01
6.775119775208495732e-01
2.710917203638384398e-01
5.358001779306194035e-01
9.420712048323053311e-01
1.000000000000000000e+00
-1.129547403299699521e-01
-2.368160391020759648e-01
-3.935963916715527755e-02
7.507285593096564291e-01
-3.829452071241346567e-01
2.342666710734825075e-01
-4.816307081757267294e-01
4.396172003346023732e-02
6.250315900421051785e-01
-2.457707969229904199e-01
2.194028730342072186e-01
-8.163512512526501785e-01
-7.784181509898839835e-01
-6.730143597421623936e-01
5.272961195702333820e-02
7.868133188468254824e-01
2.469278517550387020e-01
3.118254704398081834e-01
-6.093216458629354682e-01
-8.646297146387091903e-01
6.471849694484015370e-01
-5.033141049130480660e-01
-3.592040467622895639e-01
-3.920224077277012498e-01
6.122550411772587076e-01
5.151796465065902053e-01
2.595786994108629231e-01
7.709001894177051895e-03
-5.668297193724199934e-01
5.521487977003529668e-01
-6.927593718566864567e-01
4.250199449127389228e-01
1.409533015639096165e-01
-8.213099710802549414e-01
-2.868406028615559308e-02
-5.495663792332247111e-01
-2.646908598482077268e-01
8.750006754494128458e-01
7.541543927183904650e-01
-9.080668847484937301e-01
-8.181208056802977691e-01
-2.312884907312140748e-01
8.796568009763574558e-01
-3.115431537889179481e-02
4.110781707806531182e-01
5.274058058236671398e-01
-5.015924851791114802e-01
1.997347312860928148e-01
-9.763163181273960545e-01
-3.369741707251841523e-01
-7.322475636167308233e-02
-9.480299592687605470e-01
5.922477313842926944e-02
-9.651864010996697996e-01
6.085657446155312567e-01
-8.646881352449459213e-01
2.289724791475117038e-01
-9.562161938211176659e-01
9.601750391318321087e-01
1.299786064484255155e-01
8.518737305155977824e-01
8.875286882128973209e-01
-4.747939842638736474e-01
-3.492710833450866637e-01
-4.829600360034541073e-01
1.091107626387876894e-01
-6.548204628315944520e-01
1.473637144641011532e-01
-9.449087363808276185e-01
1.918383208347052560e-01
3.816584613458479103e-01
-2.785220317045035698e-01
-2.363004051400707448e-02
9.822129840754809660e-01
7.497685117137576905e-01
7.868088615126156427e-01
-2.728634794263554153e-01
-9.289671502020712124e-01
1.695813695818285671e-01
-1.000000000000000000e+00
9.457180240364022605e-01
5.785882542047967592e-01
-6.052161997880606964e-02
6.493518079506786778e-02
-2.296567915426319662e-01
8.053596390192280241e-01
-1.000000000000000000e+00
-9.086851864034719561e-01
-2.854901703467006557e-01
3.697471954459488619e-01
-2.468440545843725298e-01
-1.823264064545989382e-01
-5.238831643651142844e-01
-1.671529712200989781e-01
-3.619155803599913290e-01
7.123974903513216050e-01
-7.079712232012598250e-01
1.063098848998151047e-01
-7.940730945304299571e-01
-2.873768341483527444e-01
-1.648330329514956505e-01
-6.306930454602519553e-01
-2.109905441406849103e-01
-9.796007942433569982e-01
1.464903685877488593e-01
1.000000000000000000e+00
6.233039428703854856e-01
-3.968533455135242471e-01
-6.124281778616318395e-01
5.150828914923298862e-01
-4.358860809888213950e-02
-2.659619891391134527e-01
-9.110835935965178045e-02
-6.554445904851819993e-01
-1.000000000000000000e+00
4.569695368454586015e-01
-3.151846113628927193e-01
-8.677233268960092838e-01
-8.608869889247258156e-01
-7.791931760249323213e-01
-4.337229723984630803e-01
-6.488130048702459574e-01
-3.630768131509251595e-01
4.215095699772328230e-01
8.189334525506752893e-01
-1.225867914021342223e-02
2.581823726044305545e-01
-4.283297138352692296e-02
-9.707654117367290336e-01
3.564602678586150097e-01
3.790333070746313981e-01
4.725631711347483971e-02
-2.866477006858939025e-01
5.078693229807995646e-01
-5.882568282370771451e-01
5.502302925655837562e-01
6.465743949965813142e-01
-4.189564776021048598e-01
-3.332311706298830001e-01
3.527883958142129517e-01
9.789465363207546789e-01
-4.503105908560274262e-01
5.079562208926657885e-01
3.338664531510576738e-01
-3.285773380741317529e-01
-5.429465981404516528e-01
-8.699939528041980008e-01
-7.986035769081858970e-02
-4.852782394987593118e-01
8.282193719215822370e-01
7.689923594345212665e-01
5.211437388427755391e-01
-9.451163696146395177e-01
9.491090089290444842e-01
7.623516326854314074e-02
8.955504598730541499e-01
1.649798236131046203e-01
-2.198430986444745994e-01
9.491771325919285962e-01
5.060491449994097835e-01
4.032590972415664998e-01
2.189545133754052797e-01
6.667676760433230987e-01
-9.598558248541667892e-02
8.294395585281515437e-01
-1.962821222375030761e-01
7.276215663505052333e-01
-2.581314470219578383e-01
-9.308493813165482633e-01
6.282507959726383318e-01
-5.388530978563031704e-02
-3.977484320206660651e-01
-1.189910036210036215e-01
7.147578497680460163e-01
9.653430384799119857e-01
7.142036611055611536e-03
-9.993621996507995320e-01
-2.378612175071823098e-01
1.449594252926464100e-01
2.264348634990220321e-01
1.394182599596471006e-01
-7.618515140488838489e-01
-3.015894066351336722e-01
9.258066492669392300e-01
2.103534600929871656e-01
-9.089782369476164803e-01
5.869759985322371421e-01
-5.144560433441485170e-01
8.284194210153456028e-01
-1.000000000000000000e+00
-2.611611591922510800e-01
9.266063290793060681e-01
4.603961154360861618e-01
-6.542924562862381666e-02
9.845403172935157654e-02
-7.273684824124553305e-01
-3.486601233973911640e-01
7.878228667893727444e-01
7.432696465623231941e-01
-6.482555133536678227e-01
8.800171967314478483e-01
8.210355978832938328e-01
5.294848547939822181e-01
7.182136189595965670e-01
-7.331711452544348306e-01
-2.436874383686289114e-01
-2.839014092583060922e-01
6.155003397706018120e-01
9.534502642198039446e-01
5.179114769455117617e-01
-4.217812836021857525e-01
1.319082131915993994e-01
9.905785907224519127e-01
-1.902613691617623115e-01
-8.738885337417748866e-01
-1.943150342201313552e-01
-5.786559978574590257e-01
8.108692272563786663e-01
9.457601170905253207e-01
-1.206469468727697225e-03
-4.248431466615768537e-01
5.127646773402995128e-01
4.907798518588154524e-01
6.841691375684021137e-02
-9.883555960538846774e-01
8.424697738067574715e-01
-4.426249615535562398e-01
-3.257546241419764788e-02
1.693591386156116652e-01
7.701471714879957187e-01
-6.687742731266641538e-01
-9.350393324842383169e-01
2.167416853893022188e-01
-6.279592995817279144e-01
-9.401580948095368262e-01
-7.395036746479745071e-01
-1.761221046783219002e-01
3.062612706190719347e-01
7.943994487166486929e-01
-1.224663304041418710e-01
1.512455930452059338e-01
7.542737861318661308e-01
-1.857850686349813429e-01
3.468377101293175224e-01
