2.415803294139714508e-01
-1.000000000000000000e+00
-4.159064533324164925e-01
7.068381418077901435e-01
-7.988122978020906206e-01
3.215008087036291262e-01
-7.685727966152748891e-01
-1.970602065463644692e-01
-3.255379450273566122e-01
-9.404080043910876263e-01
-2.228827997134957828e-01
-5.299099499304795735e-01
-4.279082463473694586e-01
4.373441101798393182e-01
5.375250200553632896e-01
-1.000000000000000000e+00
7.862627856225463674e-01
-4.755048483355006628e-01
1.000000000000000000e+00
-7.506612254269071638e-01
9.190948215646603803e-01
-1.000000000000000000e+00
8.197875848736749793e-01
-7.150996790471630948e-01
4.627556466829226833e-01
-9.842110232080597543e-01
-5.472047672859148282e-01
-7.172040741164437128e-01
-9.868921682131801543e-01
2.616039029517638337e-01
-8.859012211535137737e-01
6.606007635917066079e-03
-7.213376436104959044e-01
9.540186309666542908e-01
-5.324209989349552030e-01
4.643819644411516512e-01
2.598878451357484742e-01
-2.698551159412679867e-01
-6.611770688603146873e-01
-2.203245730363765920e-01
9.845274261883506517e-01
-8.904477466540543507e-01
1.048592045477012569e-01
2.402201877186927459e-01
6.840797724568090654e-01
9.787869674621996197e-01
-2.995896620580640324e-01
9.926375184024530673e-01
-5.368766557306985376e-01
-1.000000000000000000e+00
4.215523124505601849e-01
-6.993245947527561013e-01
1.000000000000000000e+00
2.004829208975189569e-01
4.681324353296910656e-01
-9.787406055338316868e-01
4.792592719800946588e-01
-9.728333749612194659e-01
-1.000000000000000000e+00
-9.795794982279458774e-01
-4.339090357473988080e-01
9.927431572079239430e-01
8.025933881735262121e-01
9.681910503752233499e-01
1.000000000000000000e+00
9.095892875798085031e-01
5.814191781140489734e-01
-1.202743703298917582e-02
-5.009264981810879203e-01
8.795964398241329363e-01
4.091593565605858851e-01
3.579253204839806246e-01
-7.798944343676323943e-01
-2.894396126044740947e-01
1.659778850672132822e-01
1.000000000000000000e+00
7.310596332823242616e-01
1.352364026129079244e-01
4.901084191571329907e-01
-9.986054827544568191e-01
-7.272041150215834415e-01
-3.525266388218507574e-01
-9.593321748919929615e-01
-1.000000000000000000e+00
-1.970691959590239462e-01
1.149547140285449437e-01
-9.732689277859554178e-01
-1.998455901157820125e-01
-4.800812551150350216e-01
-3.523636070031169742e-01
7.276686284788757009e-01
-1.317623438032943795e-01
4.848475552952588585e-01
2.247516040272687921e-01
-9.578425984233014390e-01
-1.000000000000000000e+00
8.351426709233009671e-01
-8.149810775965591336e-01
3.828916891079909846e-01
2.610564639640320372e-01
4.947360730767969006e-01
9.646310864518443662e-01
-9.031837446491013388e-01
1.000000000000000000e+00
-3.688528005002419952e-01
5.423215561765266646e-01
-9.789142380900721641e-01
-4.905121285665607900e-01
-4.080125601924943224e-01
-5.503192199855612143e-01
-1.000000000000000000e+00
9.702512977699007113e-01
1.000000000000000000e+00
9.395836879953517462e-01
-1.019375972125868834e-02
3.625888486890010975e-01
4.889599195745756854e-01
1.000000000000000000e+00
-8.049618515526018037e-01
-9.882438934950545928e-01
-1.000000000000000000e+00
9.885406002367853606e-01
-1.024518292586051871e-02
7.416951801239907160e-01
5.241666732740607459e-02
-2.147765237962416807e-01
3.496430847897769034e-02
-5.932423869915628423e-01
9.976725170173605939e-01
-4.170400850202858889e-01
9.896630513045725497e-01
-8.138971771559750934e-01
-1.417592374909858177e-01
-1.000000000000000000e+00
-9.938207537364671662e-01
-3.465183885303385614e-01
-9.518598815082875975e-01
1.581465456769522437e-01
1.929939346653697652e-01
1.000000000000000000e+00
-5.778824295396859378e-01
7.833683243677873609e-01
3.487970412036326406e-01
8.050907517672571956e-01
8.041546599021748287e-01
7.421615949391302536e-02
1.000000000000000000e+00
-4.655959636967221815e-02
6.772167422432668893e-01
8.129746300535340975e-01
-9.790568386506698362e-01
1.000000000000000000e+00
-8.946721803141288731e-02
9.833148997487600740e-01
-1.000000000000000000e+00
-2.021753342128218556e-02
-8.757666312589847957e-01
-1.000000000000000000e+00
4.410630399832689008e-01
5.513595219271967274e-01
-4.284902465586410969e-01
-7.538054441149552032e-01
1.093422594071130072e-01
3.445990792217586973e-01
-9.188344982468783506e-01
-7.871300243307149946e-01
9.655590173811265942e-01
5.901096719989653572e-01
4.393927526279098328e-01
-4.669783501528177450e-01
7.469046660216398514e-01
3.437392639764259572e-01
7.125977360032693664e-01
1.697466565010116168e-01
1.000000000000000000e+00
-3.292412261593699041e-01
4.417237708129560514e-01
9.694636773714806477e-01
4.874232331818388331e-01
-6.709996027627738169e-01
7.507607973224300624e-01
2.118237932756710240e-01
3.659271234988604737e-01
-8.280673487275909128e-01
-3.574356790499492176e-01
-9.959728883323504256e-01
-9.760234067665923829e-01
-9.792669603981942750e-01
-2.676257221188178548e-01
4.745161555080614768e-01
3.806865485754928891e-01
-9.941035497309862468e-01
4.947064894228922483e-01
6.852559922981684704e-01
-8.692122138221092253e-02
2.980303490931401900e-02
8.119298940046643098e-01
1.029669401198307632e-03
-1.000000000000000000e+00
-1.380857189293669962e-01
-9.165899760527830287e-01
-8.302062420844984469e-01
1.182481893828133263e-01
9.891876915080719535e-01
1.000000000000000000e+00
1.000000000000000000e+00
2.263048094661797571e-01
-8.941892376070579296e-01
7.030641534594068709e-01
-1.277254102479412623e-01
-4.348708620357337740e-01
-8.009828459932822886e-01
9.510319197330293628e-01
5.209828472006255984e-01
9.696023438948766504e-01
-2.996238944314713049e-01
-7.703383510313697169e-01
-2.713513620733412068e-01
4.815243361225628460e-01
7.902765221102190374e-01
-9.827470551504995377e-01
-1.000000000000000000e+00
9.774187312294577712e-01
-3.550344412743487998e-01
4.459616689380390131e-01
-1.808223100966414587e-01
1.000000000000000000e+00
1.000000000000000000e+00
9.975129175553898442e-01
-8.114597498477349458e-02
3.903440884006563749e-01
7.505291245883667361e-01
-2.869706186884515287e-01
4.335129523629169812e-01
9.754377031637055939e-01
5.631774975928425242e-01
9.721287095110968668e-01
4.600983472336256375e-01
-6.001513370456192931e-01
1.000000000000000000e+00
-9.802272215390261945e-01
-6.495778287629324632e-01
6.687277713236117194e-01
9.920336227986181754e-01
9.238981274279820521e-01
-2.735191509013888966e-01
-9.143644288704633194e-01
-9.578425984233014390e-01
-6.088810313536681118e-01
1.000000000000000000e+00
1.718991710148445040e-01
6.327315666230749480e-01
8.291877742710475063e-01
-6.215042900237823797e-01
-9.103876142773201785e-01
-6.568345952520644460e-01
-2.713241228113697501e-01
-9.901995874922830954e-01
-9.665807150807371739e-01
5.233266779612224529e-01
-8.934506779847901647e-01
6.801823260395889470e-02
-9.634276392190481708e-01
-4.662940685541812069e-01
-7.259660943035289860e-02
