-1.000000000000000000e+00
-2.391335460793620471e-01
-2.438121249266141655e-01
-9.598910039338413025e-01
-5.367836731510552406e-01
5.913642899133601805e-02
1.000000000000000000e+00
8.021760804812354539e-01
-1.969547461501608421e-01
4.470549126374441795e-01
-3.805875238265867266e-01
1.168102624924073768e-01
2.277851477116205059e-01
1.000000000000000000e+00
-1.000000000000000000e+00
8.511734747939678769e-01
-1.000000000000000000e+00
5.029753414814726042e-01
1.000000000000000000e+00
-1.000000000000000000e+00
1.000000000000000000e+00
-1.000000000000000000e+00
2.636672973367233386e-01
-5.240348247040038654e-01
-1.000000000000000000e+00
-6.365912460491335301e-02
-2.024829040713754247e-01
8.046574944104549765e-01
2.151212939566426730e-01
-1.920469379440679358e-01
-2.001806461641673085e-01
6.575653350691474941e-01
-3.381906210484902364e-01
-7.080795868192368836e-01
-8.180952242250636441e-01
4.776604768382469723e-01
8.045694062756716392e-01
-1.000000000000000000e+00
-1.000000000000000000e+00
-1.100209385056632183e-01
1.000000000000000000e+00
6.315342637011137072e-02
-3.705576262457219161e-01
-3.918747254995442741e-01
2.883160697529223992e-01
-1.000000000000000000e+00
-3.011652716449035316e-01
7.224449082341672934e-01
1.214614551481778271e-01
-1.000000000000000000e+00
1.397410974343486212e-01
-7.491953569070805008e-01
-2.036562855975215802e-02
-7.678526217317360736e-01
3.665410129801690564e-01
9.092123132228367988e-01
-6.723320098128084954e-01
-1.904678698626335875e-01
5.071862663007804528e-01
-6.613831720660630076e-01
1.800882155083822767e-01
1.000000000000000000e+00
-6.562026954568740411e-01
6.193238424431377620e-01
-9.429004188475019754e-01
1.000000000000000000e+00
3.888979192377366445e-01
-6.646970638548130861e-01
6.864789204231200870e-01
-1.000000000000000000e+00
-9.507576455369937118e-01
8.768816837408384135e-01
-3.339855112205519783e-01
-1.000000000000000000e+00
1.000000000000000000e+00
-5.624487322155250490e-01
7.748168429621229425e-01
5.195655064623228014e-01
-4.703084771948125020e-01
-5.149466255763957001e-01
6.128021812493078535e-01
-1.000000000000000000e+00
9.101918397886700207e-01
2.895566159985840660e-01
-9.432505263952617458e-01
6.623384664387172993e-01
-9.245125693380480403e-01
6.029971218855069148e-01
-9.935977219191882703e-02
-2.026277944236343220e-02
2.790707630241473503e-03
-9.318924428410519933e-01
-1.000000000000000000e+00
-1.000000000000000000e+00
1.000000000000000000e+00
-2.349088898560806327e-01
-1.000000000000000000e+00
-5.998811057788204781e-01
1.000000000000000000e+00
5.048586551873457395e-01
-1.000000000000000000e+00
9.347273856321886010e-02
3.440535391294285983e-01
6.788605481261809071e-01
1.926014239521996740e-01
1.000000000000000000e+00
9.402830976406275632e-01
1.000000000000000000e+00
-4.489928641267746934e-01
2.967993389111158731e-01
-3.644177834403730665e-02
2.112638266832205791e-01
-6.074625150977934762e-01
1.695085776839441727e-01
1.000000000000000000e+00
4.383229344006374095e-01
4.214122154814421428e-01
4.680794825147541749e-01
-1.000000000000000000e+00
6.567453579250294160e-01
1.000000000000000000e+00
6.250157822297192078e-01
-1.000000000000000000e+00
-1.000000000000000000e+00
9.103739350364368210e-01
1.000000000000000000e+00
7.760600980322154285e-01
-1.000000000000000000e+00
6.893016278168684341e-01
-7.885676969376556045e-01
4.809582997438892615e-01
1.000000000000000000e+00
-1.000000000000000000e+00
-5.189017114851914858e-01
-4.873923409366909265e-01
-5.068645810400722596e-01
1.000000000000000000e+00
4.123866542787462675e-01
-3.294094705089261055e-01
7.124116939842719542e-01
-9.713617902445429442e-01
7.000081663223892137e-02
1.000000000000000000e+00
1.000000000000000000e+00
4.309494737899304262e-01
-2.877304724504259892e-01
-1.000000000000000000e+00
5.817719875313900335e-01
3.783180606528544487e-01
-3.919252042673923020e-01
-8.102765081663179103e-01
-6.175573434204388867e-01
1.000000000000000000e+00
7.758687596925658569e-01
7.454484567749131152e-01
-1.466029907667782128e-01
1.000000000000000000e+00
1.000000000000000000e+00
7.269904747268641776e-01
-3.104460857871506330e-02
-4.264491505737601496e-01
-1.000000000000000000e+00
2.478813921452419633e-01
2.964974006987619592e-01
1.000000000000000000e+00
-1.020899442272740210e-01
-6.368299393439877387e-02
-6.538548248485214209e-01
-1.000000000000000000e+00
-6.756978022033093001e-02
-3.656701081296698241e-01
-7.583320146496418390e-01
-7.196096520323554957e-01
1.494544649392707258e-01
-2.689570774302239009e-01
-3.314359643746393469e-01
1.923760196789387478e-01
5.477867754672932632e-01
9.748666637521968825e-03
-6.123127885294297190e-01
1.000000000000000000e+00
2.617691558020119325e-01
9.216465781440184024e-01
-6.730528562853901331e-01
3.619521100622269949e-01
-1.000000000000000000e+00
-4.964269138961719952e-01
-2.257650685441419114e-01
-2.825935565458505550e-01
1.122687792134498957e-02
6.193645279425917805e-01
5.515916968907270679e-01
1.000000000000000000e+00
9.285535472423953607e-01
-1.379618826046086766e-01
3.669686248743152523e-01
-2.412033012475985061e-01
-6.498799763424398801e-01
-5.331445353011909916e-01
7.561502434374419712e-01
-7.128440356967764568e-01
4.090547443398917515e-01
1.000000000000000000e+00
4.988315052395704552e-02
-2.009530083650089560e-01
-8.558476033066027000e-01
-3.159241078708290018e-02
-3.664642953434038009e-01
-5.586000025489997745e-01
1.000000000000000000e+00
1.000000000000000000e+00
2.283345219993196396e-03
-2.675398002613157411e-01
7.747538177993595898e-01
1.707463663584905811e-02
2.098932885551738625e-01
6.732838709968217428e-01
-3.886324935872090269e-02
1.000000000000000000e+00
-1.000000000000000000e+00
-3.854644398335015376e-01
4.479255493651239095e-01
7.800552336428526745e-01
-3.666295129971670896e-02
1.562805200375079195e-01
-1.000000000000000000e+00
-1.000000000000000000e+00
4.488209657663137508e-01
1.000000000000000000e+00
-9.545995445705310889e-01
1.000000000000000000e+00
-7.246774956892764186e-01
1.000000000000000000e+00
1.000000000000000000e+00
1.000000000000000000e+00
-9.543534428019212479e-01
-7.414029512404211042e-01
-1.000000000000000000e+00
-4.546905791382989670e-01
6.910981026183421472e-01
-8.965275139834492091e-01
7.158565072411830765e-02
1.000000000000000000e+00
-2.212805755346380909e-03
1.000000000000000000e+00
-1.000000000000000000e+00
-1.034590621636592989e-01
6.871685226517042500e-01
-1.000000000000000000e+00
-4.923411547510102571e-01
-1.328909642996332630e-01
4.378464222047310783e-01
3.953374466857455527e-01
6.661380274117478795e-01
4.344121386415558117e-01
4.255957065787369098e-01
1.000000000000000000e+00
7.148202728536991180e-02
2.949470077991972472e-01
-9.216465781440184024e-01
7.388206421544407654e-01
-2.469674482416294725e-01
-4.168144970807437510e-01
6.462536173841462173e-01
8.502318752865647422e-01
